2136.7310755684357,2123
1971.858535637552,2080
2059.3263860000875,2062
2062.5800664123726,2021
1986.4157969615903,2011
1929.2541369240969,1985
1953.967065184751,1928
1928.5916896592885,1926
1857.5767402879342,1923
1900.452065022688,1922
1891.8322598955988,1915
1897.9590144411502,1907
1890.8149804615152,1892
1779.1059332106352,1890
1848.6081048525045,1849
1865.541823334029,1812
1814.2956858929522,1780
1758.1340902654445,1761
1745.8425042872277,1736
1711.202393622508,1706
1751.9014161550324,1705
1575.7764570650356,1590
1597.0543228202089,1516
1496.053805730262,1496
1519.5053810092916,1486
1417.5746208009714,1426
1485.7108210040992,1419
1415.039435427521,1414
1449.1846443123427,1403
1369.2241367350932,1387
1414.1870230681714,1327
1328.6219489770015,1324
1326.7843587485554,1315
1304.6251642224554,1304
1231.3230080770472,1264
1221.1966072155028,1256
1244.3850846762614,1247
1159.6619812207782,1167
1057.319837476249,1037
1038.723873914961,1036
1038.723873914961,1036
964.5810801032087,967
869.7217157858084,895
886.0752977438251,888
879.8453861869843,872
863.1459660131928,864
355.20021829438485,862
806.636692984528,843
826.883633322753,832
773.4924772870556,774
797.5507825806775,767
355.20021829438485,763
355.20046189804276,757
666.3627929136692,748
744.8741854275827,726
730.0326841689146,709
1117.9192648554188,690
498.7317903156418,682
525.0179787589426,582
520.0441459308696,582
560.1951698896628,578
568.6848110037527,523
512.3707169128488,511
525.4205836188561,421
461.99249714723317,358
498.7317903156418,328
150.82978148221486,245
224.63103599021332,211
206.08269925940226,187
127.76460091388998,127
0.0,6
