-5298839041281123881
5799613818801738250
2252364833277529679
-4806287637778910331
-6000865316169117919
1266383769938011114
4221066561497321783
7953934706453363050
3375382131971657156
-5907898058209417024
-173867210212133480
1248305380579629734
-4961028486923582026
8290904203501200522
1500022073005248803
1315083355737184385
762388822186005504
-932260016466026372
-5591658448541752357
-7115111905041360711
3774379743823073601
-476257958430253701
-4458069884198547817
-3026244228816371716
2320597566887030825
6110332678233888418
2972778822838950275
663722549009341553
-7074771976071615489
-3007827632083807295
6582274289688496799
-4229668726459588560
6912904648483407644
-3271196253553914919
-7498832105335223234
8903213988843465669
-8793559566368679570
3280991118633555873
3942933479259284361
5155686451281324209
6242870800471863030
8417511635103347716
-9037705445228726534
-4700920434908531735
5462465384737961546
-2683821688859913055
-4204586083350403871
3934079406282086485
-7644516026617954540
-1208748679978842550
5997563145172953570
-4379314409631016622
-3757416427160270704
-3539311999724838523
-8193395887629183115
5617977281389251889
-7902404614273327086
2329257023989353742
2721927121186544229
-8781112949824878666
-6641774520489521282
-6967007819161120685
148120808074973522
1988259676029506713
-3975886605907616818
2763050353411208695
-6253358893324930257
-6459544965263982072
-146702974128237680
2245805325935640143
3601071356054848964
-2659970016935281885
4335863175144025445
219076628936516072
3994061940334470189
3479589269902979711
1512984862413960836
2005500637697696767
-6773047499890338471
-1982184408824488796
-7228407433438654156
522251144290104583
-8918938257499032948
7624044672185481871
-2180171071256132779
-7653727390792915673
-4886861291171553827
-7523679703524592591
-6630084151815252776
9166360546134501049
-8873257370359756615
-6402353761515896083
-6675719787996545470
1056417242217668813
-6580388473193067938
-1391933256784565218
-8433416541326366930
6388486074984518051
8135321722563855969
8206140700764081039
