0.0, 0.0, 0.0, 0.0, 0.0, 0.0, 0.0, 0.0, 0.0, 0.0, 0.0, 0.0, 0.0, 0.0, 0.0, 0.0, 0.0, 0.0, 0.0, 0.0, 0.0, 0.0, 0.0, 0.0, 0.0, 0.0, 0.0, 0.0, 0.0, 0.0, 
0.0, 0.0, 0.0, 0.0, 0.0, 0.0, 0.0, 8.359074428622156E-4, 185.85321851659162, 0.0, 31.01031226482761, 106.26739186778703, 75.61741992536406, 0.0, 0.0, 0.0, 0.0, 0.0025807210050825054, 0.0, 206.15178317528463, 0.0, 0.0, 0.0, 0.0, 2.6839716951210354E-4, 3.69973862909728E-4, 0.0, 167.99399121638982, 0.0, 96.8235438200832, 
0.0, 0.0, 0.0, 0.0, 0.0, 0.0, 0.0, 0.0, 0.0, 0.0, 0.0, 0.0, 0.0, 0.0, 0.0, 0.0, 0.0, 0.0, 0.0, 0.0, 0.0, 0.0, 0.0, 0.0, 0.0, 0.0, 0.0, 0.0, 0.0, 0.0, 
0.0, 0.0, 0.0, 0.0, 0.0, 0.0, 0.0, 43.533260373233794, 0.0161262569610766, 0.0, 1.7532026204238977, 12.077079756983055, 32.7684063776565, 0.0, 0.0, 0.0, 0.0, 0.021038905922337463, 0.0, 289.0999940710767, 0.0, 0.0, 0.0, 0.0, 0.0, 350.7602597931734, 0.0, 1.4104573403150291E-4, 0.0, 0.0031749677499095107, 
0.0, 0.0, 0.0, 0.0, 0.0, 0.0, 0.0, 26.7492008873333, 0.03302463903567492, 0.0, 0.013898324892220575, 1.7669969829005827, 0.06425779255215813, 0.0, 77.7571069115033, 0.0, 0.0, 3.429935528881219E-4, 0.0, 0.01723543910339204, 0.0, 0.0, 0.0, 0.0, 110.71592115183397, 7.511386475154768, 0.0, 0.0, 0.0, 0.0016643923510699062, 
0.0, 0.0, 0.0, 0.0, 0.0, 0.0, 0.0, 0.0, 0.0, 0.0, 0.0, 0.0, 0.0, 0.0, 0.0, 0.0, 0.0, 0.0, 0.0, 0.0, 0.0, 0.0, 0.0, 0.0, 0.0, 0.0, 0.0, 0.0, 0.0, 0.0, 
0.0, 0.0, 0.0, 0.0, 0.0, 0.0, 0.0, 40.68386500307289, 178.42913365561668, 0.0, 14.152348833035985, 5.289968505930322, 382.8090063313905, 0.0, 39.56980730969882, 0.0, 0.0, 0.0, 0.0, 146.99575580634132, 0.0, 0.0, 0.0, 0.0, 526.8724714195648, 141.3109955633812, 0.0, 127.58057794312737, 0.0, 324.89775928812884, 
7.604378038255729E-4, 0.0, 0.0011429343217983657, 0.0, 0.0, 118.69300564554908, 0.0, 0.0, 136.69410973083075, 0.0, 87.84328319489168, 59.22712443508121, 127.42814475388896, 0.0, 0.0, 0.0, 0.0, 1.0232341168816334E-4, 0.0, 47.238625675308356, 0.0, 0.0, 0.0, 0.0, 0.0013736912173751047, 7.497716626351949E-4, 0.0, 0.0022771732527875656, 0.0, 727.4944644552351, 
252.89795228716466, 0.0, 9.373981461807929E-4, 0.0, 0.0, 236.4004527661432, 0.0, 0.0, 0.0, 0.0, 0.0, 173.53633618360786, 120.88609590953597, 0.0, 6.878505004354011, 0.0, 0.0, 6.042792471608319E-4, 0.0, 0.0039469463163888515, 0.0, 0.0, 0.0, 0.0, 341.42380786622334, 249.61359861771766, 0.0, 23.2424370856502, 0.0, 0.0, 
262.91175649574234, 0.0, 5.406574400415519E-4, 0.0, 9.60471560655791E-4, 144.19707791493263, 0.0, 129.67806192341916, 0.0, 0.0, 0.0, 52.188979642460204, 1015.5546311159811, 0.0, 406.9142610519581, 0.0, 0.0, 0.0, 0.0, 0.004031132153851406, 0.0, 0.0, 0.0, 0.0, 442.31079745831494, 0.0, 0.0, 0.0022114785189952663, 0.0, 0.0, 
0.0, 0.0, 0.0, 0.0, 0.0, 0.0, 0.0, 0.0, 0.0, 0.0, 0.0, 0.0, 0.0, 0.0, 0.0, 0.0, 0.0, 0.0, 0.0, 0.0, 0.0, 0.0, 0.0, 0.0, 0.0, 0.0, 0.0, 0.0, 0.0, 0.0, 
0.0, 0.0, 0.0, 0.0, 0.0, 0.0, 0.0, 0.0, 0.0, 0.0, 0.0, 0.0, 0.0, 0.0, 0.0, 0.0, 0.0, 0.0, 0.0, 0.0, 0.0, 0.0, 0.0, 0.0, 0.0, 0.0, 0.0, 0.0, 0.0, 0.0, 
0.0, 0.0, 0.0, 0.0, 0.0, 0.0, 0.0, 0.0, 0.0, 0.0, 0.0, 0.0, 0.0, 0.0, 0.0, 0.0, 0.0, 0.0, 0.0, 0.0, 0.0, 0.0, 0.0, 0.0, 0.0, 0.0, 0.0, 0.0, 0.0, 0.0, 
0.0016899062692552964, 0.0, 5.708449131050574E-4, 0.0, 0.004571002142974234, 298.9722069360942, 0.0, 677.5346282328524, 0.0, 0.0, 332.9003658548548, 0.0, 0.0, 0.0, 0.0, 0.0, 0.0, 0.0, 0.0, 0.0, 0.0, 0.0, 0.0, 0.0, 53.047917145546165, 0.0011876002794153863, 0.0, 0.0012627111743149012, 0.0, 486.14370461837797, 
0.0, 0.0, 0.0, 0.0, 0.0, 0.0, 0.0, 0.0, 0.0, 0.0, 0.0, 0.0, 0.0, 0.0, 0.0, 0.0, 0.0, 0.0, 0.0, 0.0, 0.0, 0.0, 0.0, 0.0, 0.0, 0.0, 0.0, 0.0, 0.0, 0.0, 
5.206196915127269E-5, 0.0, 6.953148913857695E-5, 0.0, 5.587547518538275E-4, 67.37878209832432, 0.0, 80.25251166587266, 0.0, 0.0, 361.3334745140193, 0.0, 0.0, 0.0, 0.0, 0.0, 0.0, 0.0, 0.0, 0.0019169094032248184, 0.0, 0.0, 0.0, 0.0, 14.731413439035148, 4.5965221041994873E-4, 0.0, 2.0314327512716167E-4, 0.0, 146.19713926681152, 
0.0, 0.0, 0.0, 0.0, 0.0, 0.0, 0.0, 0.0, 0.0, 0.0, 0.0, 0.0, 0.0, 0.0, 0.0, 0.0, 0.0, 0.0, 0.0, 0.0, 0.0, 0.0, 0.0, 0.0, 0.0, 0.0, 0.0, 0.0, 0.0, 0.0, 
0.0, 0.0, 0.0, 0.0, 0.0, 0.0, 0.0, 0.0, 0.0, 0.0, 0.0, 0.0, 0.0, 0.0, 0.0, 0.0, 0.0, 0.0, 0.0, 0.0, 0.0, 0.0, 0.0, 0.0, 0.0, 0.0, 0.0, 0.0, 0.0, 0.0, 
0.0, 0.0, 0.0, 0.0, 0.0, 0.0, 0.0, 0.0, 0.0, 0.0, 0.0, 0.0, 0.0, 0.0, 0.0, 0.0, 0.0, 0.0, 0.0, 0.0, 0.0, 0.0, 0.0, 0.0, 0.0, 0.0, 0.0, 0.0, 0.0, 0.0, 
0.0, 0.0, 0.0, 0.0, 0.0, 0.0, 0.0, 0.0, 0.0, 0.0, 0.0, 0.0, 0.0, 0.0, 0.0, 0.0, 0.0, 0.0, 0.0, 0.0, 0.0, 0.0, 0.0, 0.0, 0.0, 0.0, 0.0, 0.0, 0.0, 0.0, 
1.7960525922835878E-4, 0.0, 0.0, 0.0, 0.0, 116.05078469311748, 0.0, 7.127902802662953E-4, 3.7007303621586147, 0.0, 5.319767861017387, 50.83055148985359, 0.0, 0.0, 0.0, 0.0, 0.0, 0.0, 0.0, 0.0, 0.0, 0.0, 0.0, 0.0, 331.4174570079379, 1.0075056045798362E-4, 0.0, 0.0, 0.0, 5.050432352663741, 
0.0, 0.0, 672.8201516370192, 0.0, 0.0, 231.7663123918249, 0.0, 35.431356987228185, 26.735847602643222, 0.0, 0.008162043367944526, 0.0, 0.0, 0.0, 0.0, 0.0, 0.0, 0.0, 0.0, 0.0, 0.0, 0.0, 0.0, 0.0, 7.42931497867448E-4, 6.565308634882002E-4, 0.0, 6.073418161557906E-4, 0.0, 90.55600000998795, 
394.7565807033339, 0.0, 0.0, 0.0, 0.0, 137.97421574620984, 0.0, 264.0069555233901, 0.0, 0.0, 7.477476514811413, 82.03030640886996, 0.0, 0.0, 0.0, 0.0, 0.0, 0.0, 0.0, 0.0, 0.0, 0.0, 0.0, 0.0, 817.2473339101941, 48.3510178518111, 0.0, 5.890028183639477E-4, 0.0, 105.7322646264957, 
122.91813044186779, 0.0, 308.4176922200362, 0.0, 169.67264455753042, 103.21443286625403, 0.0, 62.21474044394293, 0.014158784388629215, 0.0, 0.006347749372140129, 0.00615087444363492, 35.39614108392009, 0.0, 22.426535819447142, 0.0, 0.0, 0.0, 0.0, 220.77459036084912, 0.0, 0.0, 0.0, 0.0, 0.0, 0.0, 0.0, 5.594877601932786E-4, 0.0, 0.0, 
0.0, 0.0, 0.0, 0.0, 0.0, 0.0, 0.0, 0.0, 0.0, 0.0, 0.0, 0.0, 0.0, 0.0, 0.0, 0.0, 0.0, 0.0, 0.0, 0.0, 0.0, 0.0, 0.0, 0.0, 0.0, 0.0, 0.0, 0.0, 0.0, 0.0, 
7.67969866229424E-5, 0.0, 2.3457181124851336E-5, 0.0, 1.459818135327887E-4, 4.7573873399433675E-5, 0.0, 1.915559424959804E-5, 1117.9185503804645, 0.0, 0.0, 5.811984188185671E-6, 8.418852084105444E-5, 0.0, 1.1357527376900583E-5, 0.0, 0.0, 0.0, 0.0, 1.6062338788146357E-5, 0.0, 0.0, 0.0, 0.0, 0.0, 0.0, 0.0, 2.4360365789814807E-4, 0.0, 4.048547608150073E-5, 
109.20738958675739, 0.0, 316.7076278703735, 0.0, 259.54734384915474, 301.0482264330627, 0.0, 279.5520713597752, 0.009805810383323519, 0.0, 473.58285362031774, 40.40258067644645, 0.00555533632356915, 0.0, 204.88125699289154, 0.0, 0.0, 85.04297576754472, 0.0, 239.36080772474978, 0.0, 0.0, 0.0, 0.0, 0.0, 0.0, 0.0, 143.16658396684196, 0.0, 0.004536297927458636, 
0.0, 0.0, 0.0, 0.0, 8.924666094027714E-5, 1.26918786377182E-4, 0.0, 83.70648278221873, 52.950953747238216, 0.0, 0.0, 52.07657577020194, 81.6410680467965, 0.0, 0.0, 0.0, 0.0, 214.8677215841031, 0.0, 0.012118486228052177, 0.0, 0.0, 0.0, 0.0, 0.0, 0.0, 0.0, 0.0, 0.0, 40.16544703662228, 
0.0013392127025055813, 0.0, 277.82738200471783, 0.0, 0.0, 0.0, 0.0, 0.0, 188.45932097520281, 0.0, 180.65231233442998, 0.0, 0.0, 0.0, 0.0, 0.0, 0.0, 0.0, 0.0, 2.2089337929589607E-4, 0.0, 0.0, 0.0, 0.0, 424.35016911312005, 0.0, 0.0, 8.119472161073346E-4, 0.0, 1.1649271492817314E13, 
376.8094734734347, 0.0, 3.185093973942659E-4, 0.0, 0.0, 142.26334245697794, 0.0, 34.78938722978783, 0.0, 0.0, 0.0, 137.79242888050558, 173.5664681026732, 0.0, 68.45614887537265, 0.0, 0.0, 5.126467188101849E-4, 0.0, 94.72404199372828, 0.0, 0.0, 0.0, 0.0, 377.5582126571945, 0.0, 0.0, 0.0, 0.0, 0.0, 
