0.3681220350538306, 1.0, 0.3681220350538306, 0.3681220350538306, 0.6318779649461693, 0.6318779649461693, 1.0, 0.3681191353569122, 1.0, 0.3681191353569122, 0.3681191353569122, 0.6318808646430878, 0.6318808646430878, 1.0, 0.3681168669999645, 0.3681168669999645, 0.3681168669999645, 0.9999999999999999, 0.6318831330000354, 0.6318831330000354, 0.9999999999999999, 0.9999999999999999, 0.36811478827855487, 0.36811478827855487, 0.36811478827855487, 0.6318852117214451, 0.6318852117214451, 1.0, 1.0, 1.0, 
0.36812644056634836, 1.0, 0.36812644056634836, 0.36812644056634836, 0.6318735594336516, 0.6318735594336516, 1.0, 1.0, 0.9996437350814065, 3.5626491859346607E-4, 0.9999999999999999, 0.9996437350814065, 3.5626491859346607E-4, 3.5626491859346607E-4, 0.9996437350814065, 0.7415901748628275, 0.2584098251371724, 1.0, 1.0, 0.7415901748628275, 0.2584098251371724, 0.2584098251371724, 0.7415901748628275, 1.0, 1.0, 1.0, 1.0, 1.0, 1.0, 1.0, 
1.0, 1.0, 1.0, 1.0, 1.0, 1.0, 1.0, 1.0, 0.3681207258947867, 0.3681207258947867, 0.3681207258947867, 0.6318792741052134, 0.6318792741052134, 1.0, 0.12012437810945271, 1.0, 0.12012437810945271, 0.8798756218905472, 1.0, 0.12011191149987137, 1.0, 0.12011191149987137, 0.8798880885001287, 1.0, 0.12013039934800326, 0.12013039934800326, 1.0, 0.8798696006519967, 1.0, 1.0, 
0.1201294659529441, 0.1201294659529441, 0.879870534047056, 1.0, 1.0, 1.0, 0.12011685740499299, 1.0, 0.12011685740499299, 0.879883142595007, 1.0, 1.0, 1.0, 1.0, 1.0, 1.0, 1.0, 1.0, 1.0, 1.0, 1.0, 1.0, 1.0, 1.0, 1.0, 1.0, 1.0, 0.1201225259189444, 0.1201225259189444, 0.8798774740810557, 
1.0, 0.10956712144180561, 1.0, 1.0, 0.10956213471304015, 1.0, 1.0, 0.10956290471785385, 1.0, 1.0, 1.0, 0.10957783353332606, 1.0, 1.0, 1.0, 0.10957184696201945, 1.0, 1.0, 1.0, 0.10956690368455076, 1.0, 1.0, 1.0, 0.10962701612903226, 1.0, 1.0, 1.0, 0.10948121645796063, 0.6261180679785332, 0.6261180679785332, 
0.6261180679785332, 1.0, 1.0, 0.3738819320214669, 1.0, 0.10957424569716397, 1.0, 1.0, 1.0, 1.0, 1.0, 1.0, 0.1095563824335465, 0.028876361934894495, 0.028876361934894495, 0.028876361934894495, 0.028876361934894495, 0.028876361934894495, 1.0, 0.9711236380651055, 0.9711236380651055, 0.9711236380651055, 1.0, 0.10955950302905841, 0.9999999999999999, 1.0, 1.0, 1.0, 1.0, 1.0, 
1.0, 1.0, 1.0, 1.0, 1.0, 1.0, 1.0, 1.0, 1.0, 1.0, 1.0, 0.004371021249887922, 0.004371021249887922, 1.0, 0.004371021249887922, 1.0, 1.0, 0.995628978750112, 0.3050821473837856, 0.2507281956940909, 0.26973361748619723, 0.24949096475943092, 1.0, 0.6949178526162144, 0.7492718043059091, 0.7302663825138028, 0.7505090352405691, 1.0, 3.280352545058427E-4, 6.189344424638542E-6, 
1.1759754406813228E-4, 1.0, 0.0041592394533571005, 0.004481085363438305, 0.004369677163794811, 0.004487274707862943, 0.004487274707862943, 1.0, 0.995512725292137, 0.995512725292137, 0.995512725292137, 0.04840590108066902, 0.9999999999999999, 0.9515940989193309, 0.9999999999999999, 0.9999999999999999, 0.9999999999999999, 1.0, 0.9367936618897821, 0.4548331974057245, 0.5462348052351548, 0.4548331974057245, 0.5451668025942755, 0.4537651947648452, 0.5451668025942755, 1.0, 0.9367936618897821, 1.0, 0.06320633811021788, 1.0, 
1.0, 1.0, 1.0, 1.0, 1.0, 1.0, 1.0, 1.0, 1.0, 1.0, 1.0, 1.0, 1.0, 1.0, 1.0, 1.0, 1.0, 1.0, 1.0, 1.0, 1.0, 1.0, 1.0, 0.6027379896057803, 0.7000253517556092, 0.6027379896057803, 0.09728736214982887, 1.0, 0.2999746482443909, 0.2999746482443909, 
0.2520100706570292, 0.23728985624949242, 0.23728985624949242, 0.04769349468041907, 0.04769349468041907, 0.2520100706570292, 0.03297328027288232, 1.0, 1.0, 1.0, 0.7150166490700886, 0.8842855478873649, 0.8326563000495035, 1.0, 0.8326563000495035, 1.0, 0.16734369995049647, 0.16734369995049647, 0.8842855478873649, 0.11571445211263504, 1.0, 0.7478072881447955, 0.36307952004659355, 0.43604981170071516, 0.36307952004659355, 0.43518605351352146, 0.36221576185939985, 0.43518605351352146, 0.798265573560115, 0.7478072881447955, 
0.05045828541531962, 1.0, 1.0, 0.2017344264398849, 0.2017344264398849, 0.2017344264398849, 1.0, 1.0, 1.0, 1.0, 1.0, 1.0, 1.0, 0.9069767441860465, 0.08567506459948321, 0.041262919896640826, 0.06831395348837209, 0.9143249354005167, 0.9587370801033591, 0.9316860465116279, 1.0, 0.09302325581395349, 1.0, 0.9459048146098505, 0.0463475373547316, 0.028223574986164915, 0.9536524626452684, 0.9717764250138351, 0.05409518539014942, 1.0, 
1.0, 0.9919437866776485, 1.0, 1.0, 0.008056213322351487, 1.0, 1.0, 1.0, 1.0, 1.0, 1.0, 1.0, 1.0, 1.0, 1.0, 1.0, 1.0, 1.0, 1.0, 1.0, 1.0, 1.0, 1.0, 1.0, 0.906922151810907, 0.08571164253665756, 0.041294694481705904, 0.06831953374346639, 0.9142883574633424, 0.958705305518294, 
0.9316804662565334, 0.9999999999999999, 0.09307784818909291, 0.9999999999999999, 0.9734468937875751, 0.018637274549098196, 0.9813627254509018, 0.02655310621242485, 1.0, 1.0, 0.8146332506093015, 0.1687681538444417, 0.020610525612918307, 0.09446676385813013, 0.8312318461555582, 0.9793894743870817, 0.9055332361418699, 1.0, 0.18536674939069855, 1.0, 0.16414970453053182, 0.8358502954694681, 0.8358502954694681, 0.8307959178282425, 0.15127633907737284, 0.07541803516866695, 0.8487236609226272, 0.9245819648313331, 0.1692040821717576, 1.0, 
1.0, 0.14983225761004518, 0.8501677423899549, 0.8501677423899549, 0.8308215371538789, 0.1512635261041551, 0.07541926836444475, 0.8487364738958448, 0.9245807316355552, 0.16917846284612117, 1.0, 0.14982510052633302, 1.0, 0.850174899473667, 0.850174899473667, 0.970584113912453, 1.0, 1.0, 0.02941588608754702, 0.026052838649175944, 0.973947161350824, 0.973947161350824, 1.0, 1.0, 1.0, 1.0, 1.0, 0.1274961773645526, 0.7726252011630556, 0.1274961773645526, 
0.22737479883694436, 0.22737479883694436, 0.8725038226354473, 0.04655453357932586, 0.9534454664206742, 0.8442975073057086, 0.15570249269429148, 0.15570249269429148, 1.0, 0.04655481348753869, 1.0, 1.0, 0.9534451865124614, 0.844306890373025, 1.0, 0.15569310962697508, 0.15569310962697508, 1.0, 0.5206945805378799, 0.4868759430584189, 0.3954185225161489, 0.4410090557295709, 0.3826943894587486, 0.5131240569415811, 0.6045814774838512, 0.5589909442704292, 0.47930541946212013, 0.6173056105412514, 0.42443728380225365, 0.5755627161977465, 
0.5755627161977465, 0.8947641548084014, 0.08204736022724168, 0.9179526397727584, 0.10523584519159862, 0.09319094310763937, 0.9068090568923607, 0.9068090568923607, 1.0, 1.0, 1.0, 1.0, 1.0, 1.0, 1.0, 1.0, 1.0, 0.9999999999999999, 0.26768436285219754, 0.12514541894844364, 0.7323156371478023, 0.9999999999999999, 0.8748545810515562, 0.9999999999999999, 0.9999999999999999, 1.0, 0.2676972506057095, 0.12514484356894554, 0.7323027493942904, 1.0, 
0.8748551564310544, 1.0, 1.0, 0.3536209035733601, 1.0, 1.0, 1.0, 0.6463790964266399, 0.6463790964266399, 1.0, 1.0, 1.0, 1.0, 1.0, 1.0, 1.0, 1.0, 1.0, 1.0, 1.0, 1.0, 1.0, 1.0, 1.0, 1.0, 1.0, 1.0, 0.16292891214032926, 0.8370710878596708, 1.0, 
1.0, 1.0, 1.0, 1.0, 0.1384286477819348, 0.20194192054159987, 0.8615713522180652, 0.7980580794584001, 1.0, 1.0, 1.0, 1.0, 1.0, 0.07373271889400922, 0.9262672811059909, 1.0, 1.0, 1.0, 1.0, 1.0, 0.07377173091458805, 0.9262282690854119, 1.0, 1.0, 1.0, 1.0, 1.0, 1.0, 1.0, 1.0, 
1.0, 1.0, 1.0, 1.0, 0.09353129276851331, 1.0, 0.09353129276851331, 0.09353129276851331, 1.0, 1.0, 1.0, 1.0, 1.0, 1.0, 1.0, 1.0, 1.0, 1.0, 1.0, 1.0, 1.0, 1.0, 0.13838487094301047, 0.20189113212369025, 0.8616151290569896, 0.7981088678763097, 1.0, 1.0, 1.0, 1.0, 
1.0, 1.0, 1.0, 1.0, 1.0, 1.0, 1.0, 1.0, 1.0, 1.0, 1.0, 1.0, 1.0, 1.0, 1.0, 1.0, 1.0, 1.0, 1.0, 1.0, 5.27894005806834E-4, 1.0, 5.27894005806834E-4, 5.27894005806834E-4, 1.0, 5.18551168036506E-4, 5.18551168036506E-4, 5.18551168036506E-4, 0.9999999999999999, 0.9999999999999999, 
1.0, 1.0, 1.0, 1.0, 1.0, 1.0, 1.0, 1.0, 1.0, 1.0, 1.0, 1.0, 1.0, 1.0, 1.0, 1.0, 0.1411802575107296, 0.8588197424892704, 0.8588197424892704, 1.0, 0.1411802575107296, 0.1411802575107296, 0.8588197424892704, 1.0, 1.0, 1.0, 1.0, 0.12287411713710195, 0.7474948366863001, 0.8771258828628983, 
0.12287411713710195, 1.0000000000000002, 0.12287411713710195, 0.7474948366863001, 1.0000000000000002, 0.8703689538234021, 1.0, 1.0, 1.0, 1.0, 1.0, 1.0, 1.0, 1.0, 1.0, 1.0, 1.0, 1.0, 1.0, 1.0, 1.0, 1.0, 1.0, 1.0, 1.0, 1.0, 1.0, 1.0, 0.06612130184938897, 0.9338786981506111, 
1.0, 0.9338786981506111, 0.04533135931344257, 1.0, 0.04533135931344257, 0.06612130184938897, 0.0207899425359464, 0.9546686406865574, 0.9338786981506111, 0.033456418531045404, 0.47245477394731134, 1.0, 0.9665435814689547, 0.022937288608930403, 0.022937288608930403, 0.033456418531045404, 1.0, 0.010519129922114998, 0.9770627113910697, 0.47245477394731134, 0.5059111924783567, 0.03345971563981043, 0.47245497630331756, 1.0, 0.9665402843601896, 0.022938388625592415, 0.022938388625592415, 0.03345971563981043, 0.010521327014218011, 0.9770616113744075, 
0.47245497630331756, 0.505914691943128, 1.0, 1.0, 1.0, 1.0, 1.0, 1.0, 1.0, 1.0, 1.0, 1.0, 1.0, 1.0, 1.0, 1.0, 1.0, 1.0, 1.0, 0.015151421717654457, 1.0, 0.9848485782823455, 0.015151421717654457, 0.9848485782823455, 0.6222257851667766, 0.3777742148332233, 0.11325661170742503, 0.8867433882925748, 0.11325661170742503, 0.9999999999999999, 
0.8867433882925748, 0.5602522961159676, 0.4397477038840323, 0.9863273219350978, 0.9863273219350978, 1.0, 0.0015457881177297214, 0.012126889947172561, 0.0015457881177297214, 0.013672678064902282, 0.9984542118822702, 0.9863273219350978, 0.6308220782262471, 0.36917792177375286, 0.6878012606599926, 0.3121987393400074, 0.3121987393400074, 0.687502242635186, 1.0, 0.6874663604722092, 0.6878012606599926, 2.990180248065353E-4, 3.588216297678424E-5, 0.31249775736481394, 0.3121987393400074, 0.19743562141925913, 0.8025643785807408, 1.0, 1.0, 1.0, 
0.6318010550113037, 0.36819894498869626, 0.10585800631639887, 0.04805129157827884, 0.894141993683601, 0.10581048211145722, 0.10580616172918979, 0.10585800631639887, 1.0, 4.7524204941653235E-5, 4.320382267423021E-6, 0.8941895178885428, 0.04805129157827884, 0.1539092978946777, 0.564950466817304, 0.435049533182696, 0.10585887663973306, 0.0480552193398541, 0.894141123360267, 0.10580980732114233, 0.10580980732114233, 0.10585887663973306, 4.906931859072917E-5, 0.8941901926788576, 0.0480552193398541, 0.15391409597958716, 1.0, 0.5649514213745952, 0.4350485786254048, 0.6878040962117484, 
0.3121959037882518, 0.3121959037882518, 0.6874949913565125, 1.0000000000000002, 0.6874606463725974, 0.6878040962117484, 3.0910485523589283E-4, 3.4344983915099205E-5, 0.3125050086434876, 0.3121959037882518, 1.0000000000000002, 0.19743786419993362, 0.8025621358000665, 1.0, 1.0, 1.0, 0.6318030275725357, 0.3681969724274644, 0.9999999999999999, 0.9999999999999999, 0.9999999999999999, 0.631801188213261, 0.36819881178673886, 1.0, 1.0, 1.0, 0.6318016928657799, 0.3681983071342201, 1.0, 1.0, 
1.0, 1.0, 1.0, 1.0, 1.0, 1.0, 1.0, 1.0, 1.0, 1.0, 1.0, 1.0, 1.0, 1.0, 1.0, 1.0, 0.6822664601338815, 1.0, 0.6822664601338815, 0.6822664601338815, 0.31773353986611863, 0.31773353986611863, 0.31773353986611863, 0.31773353986611863, 1.0, 1.0, 1.0, 1.0, 1.0, 1.0, 
1.0, 1.0, 1.0, 1.0, 1.0, 1.0, 1.0, 1.0, 1.0, 1.0, 1.0, 1.0, 1.0, 1.0, 1.0, 1.0, 1.0, 1.0, 1.0, 1.0, 1.0, 1.0, 1.0, 1.0, 1.0, 1.0, 1.0, 1.0, 1.0, 1.0, 
0.012895818871148611, 0.9871041811288515, 1.0, 0.012895818871148611, 0.9871041811288515, 1.0, 0.23694777755563312, 0.22697837704123644, 0.7630522224443669, 0.7730216229587635, 0.23694777755563312, 0.7630522224443669, 0.4891003417055346, 1.0, 0.6101563864016163, 0.6050640593952394, 0.38984361359838376, 0.3949359406047606, 0.6101563864016163, 0.38984361359838376, 0.48909812836483446, 1.0, 0.6101566480040755, 0.6050621958368854, 0.38984335199592446, 0.39493780416311464, 0.6101566480040755, 0.38984335199592446, 0.48910366770545033, 0.6101510231656024, 
