2159.330780333943,2123
2020.115423172564,2080
1949.0920700089896,2062
2092.9446165732,2021
2022.8362333370048,2011
1896.660388970829,1985
1896.5717987844844,1928
1963.022086661462,1926
1911.4554105751681,1923
1859.4600963375137,1922
1899.5277767421717,1915
1918.6334332913948,1907
1925.051660082027,1892
1733.5759400755398,1890
1839.701273532311,1849
1936.818003821166,1812
1790.215298367421,1780
1728.9078472090612,1761
1746.3073703500122,1736
1706.933734205824,1706
1753.4895434255202,1705
1592.4316564989751,1590
1606.8085080248002,1516
1494.1863396378105,1496
1525.8479990686753,1486
1350.0257113165194,1426
1408.8082625120928,1419
1466.2927135552127,1414
1396.6442277160338,1403
1351.163824154561,1387
1522.2880144048133,1327
1327.0036987098124,1324
1365.1576462690318,1315
1288.7997173377667,1304
1267.4033944969262,1264
1230.7117658806237,1256
1154.9493843484893,1247
1132.8461607870786,1167
1084.7504149875124,1037
1059.9961935680158,1036
1059.9961935680158,1036
974.2447678308514,967
909.0546865257809,895
845.7934185714961,888
830.739089718208,872
861.7610252396689,864
268.9581696488909,862
719.4394802792173,843
819.2196665353347,832
778.9840718348486,774
794.5286395480201,767
268.9581696488909,763
418.0457903335027,757
670.2868643454864,748
866.54347177965,726
769.6839979282025,709
995.5773344502496,690
526.3328100889588,682
365.3924832905829,582
584.6233067905158,582
496.02282873523933,578
578.4980271349458,523
505.9258842842896,511
536.8525532491155,421
499.5999948970681,358
526.3328100889588,328
98.27129983155955,245
247.6294608984184,211
193.38822111137011,187
131.87584346528283,127
0.0,6
