2135.983849254102,2123
1986.9410825997759,2080
2051.916610560941,2062
2060.402937581375,2021
1980.6916499466006,2011
1927.2627590657016,1985
1957.4999641532524,1928
1927.3968276610265,1926
1860.3450539091552,1923
1896.358520239555,1922
1889.65206418092,1915
1901.4428309122222,1907
1891.4836365250897,1892
1779.3765658747789,1890
1850.5499856506,1849
1865.2596312207395,1812
1814.17377832705,1780
1760.3220804826458,1761
1749.888736859746,1736
1707.6380112220147,1706
1739.6854139122092,1705
1568.231250446011,1590
1596.5338767066976,1516
1495.9652548861854,1496
1518.054184547059,1486
1416.259372574475,1426
1484.8354024391065,1419
1412.9947549030721,1414
1452.192015335176,1403
1364.4342453916247,1387
1415.6940712937217,1327
1339.8732847840342,1324
1328.583495013015,1315
1302.6955854879889,1304
1229.723841537084,1264
1223.080889408603,1256
1234.7185009143327,1247
1163.5293036195144,1167
1062.059843311868,1037
1036.1458365975207,1036
1036.1458365975207,1036
965.1039636002517,967
871.5610931387481,895
885.034732580481,888
886.2183004938616,872
864.929587278187,864
355.25308950476733,862
810.9860286190457,843
823.6135093202105,832
774.2653528553454,774
798.7723494016647,767
355.25308950476733,763
355.25370287564886,757
666.8547762735648,748
745.9735834334514,726
732.0502168644017,709
1118.086494637783,690
493.5498695163515,682
531.1011124947821,582
520.688833987814,582
565.9975192269183,578
574.6188446188291,523
511.11776238976313,511
510.7905396088748,421
460.67883010033046,358
493.5498695163515,328
149.0770234639705,245
222.24464673549997,211
198.32055222106285,187
130.5892910864271,127
0.0,6
