2141.40941423709,2123
1971.9891025201812,2080
2043.354846758595,2062
2074.4042089139957,2021
2005.7880469614063,2011
1922.3305102112856,1985
1900.7770406392165,1928
1934.3713301872606,1926
1855.0462093590027,1923
1876.0660459669107,1922
1895.2354768668501,1915
1901.287281562616,1907
1890.785478195696,1892
1712.3666365547037,1890
1842.714873006913,1849
1897.8770243335084,1812
1788.2674021264497,1780
1750.1911536394055,1761
1734.2159904456882,1736
1718.233213809779,1706
1726.606310196396,1705
1562.6531213042927,1590
1617.9112509937602,1516
1485.4450839747303,1496
1500.0232801853458,1486
1374.7022367434563,1426
1480.622327759323,1419
1425.0493592386204,1414
1455.217266588512,1403
1361.8494799314474,1387
1448.300293955485,1327
1327.3892406963014,1324
1336.7701850610163,1315
1296.174303152605,1304
1250.4312060380078,1264
1232.8218106932304,1256
1232.336569531761,1247
1152.8929016032043,1167
1086.0401742127617,1037
1039.9338594278643,1036
1039.9338594278643,1036
968.8083203552242,967
871.205144273031,895
873.9633887054742,888
863.6316714130064,872
872.9292144267977,864
326.2470123735633,862
740.064752915637,843
820.3764464648089,832
778.682086685887,774
811.2301454849423,767
326.2470123735633,763
370.3005058175819,757
649.1324756076267,748
782.2809164829297,726
739.021139305503,709
1071.6883701214672,690
512.5952464335978,682
504.4992930562916,582
540.2668785490702,582
522.1295641454261,578
597.8680493116904,523
511.1109836935794,511
531.0282547001151,421
460.66988275190704,358
512.5952464335978,328
137.63806183699742,245
234.55871349248193,211
234.98876064191003,187
130.19962731226005,127
0.0,6
