2136.774009897883,2123
2003.738724654414,2080
2056.644927960938,2062
2080.254526312444,2021
1994.1887586021724,2011
1892.5190581590311,1985
1925.7071928725297,1928
1933.8761345957332,1926
1872.476328263688,1923
1889.2373504978223,1922
1907.5367311458483,1915
1890.6256298665894,1907
1883.9077852524626,1892
1690.1748378224374,1890
1856.6207166662264,1849
1948.884731581561,1812
1794.9715275424608,1780
1749.4403967476715,1761
1737.708972709473,1736
1701.7728472175345,1706
1733.776796346718,1705
1579.6327426112748,1590
1589.9033764261947,1516
1484.2612349210929,1496
1506.8430135081426,1486
1400.6383233392282,1426
1482.5761998543803,1419
1414.8462579187826,1414
1451.2689899499928,1403
1370.6939730250247,1387
1420.0904950758304,1327
1325.707541701834,1324
1328.44580630202,1315
1304.4600648136463,1304
1242.4344486597163,1264
1232.6041593505101,1256
1233.5125904462318,1247
1157.0011262617497,1167
1081.0748700723477,1037
1039.3402455568125,1036
1039.3402455568125,1036
961.7983248549805,967
874.7888964548719,895
886.2172087025906,888
887.6133013910463,872
864.9547515317084,864
346.15589805541924,862
782.1870665943405,843
821.3855271289709,832
771.2981811096431,774
807.31953966783,767
346.15589805541924,763
350.89483334153203,757
656.7456223937498,748
761.8497965695101,726
737.0172684730423,709
1094.1979853350429,690
498.71945686265934,682
538.4735068714823,582
528.0319837854219,582
543.2416674382144,578
582.0467317909754,523
530.0379519992772,511
502.678899324845,421
448.06559923500237,358
498.71945686265934,328
137.46730060503893,245
228.62155029002508,211
208.87082991549934,187
137.79102805551662,127
0.0,6
