2120.4358103158825,2123
1981.7694343466148,2080
2053.6075297037396,2062
2096.8820918613555,2021
1961.1000022896892,2011
1931.5577125458103,1985
1944.6981118620952,1928
1930.0195489934656,1926
1859.0581678970984,1923
1881.094377199565,1922
1891.551095078758,1915
1898.654397334077,1907
1887.1122713484474,1892
1769.4015555435753,1890
1843.3861158710115,1849
1882.0492890682829,1812
1816.171801024139,1780
1767.5157464100116,1761
1726.7648896403082,1736
1757.150098065889,1706
1742.0249171465969,1705
1568.2193404834684,1590
1598.1357178675091,1516
1498.741425559048,1496
1517.5698507008221,1486
1397.9659886759393,1426
1373.5830071119212,1419
1485.5519592589867,1414
1448.6842397130636,1403
1350.4580132851677,1387
1463.7288675812383,1327
1449.050552500064,1324
1326.188549057224,1315
1302.8604955206176,1304
1248.118679173496,1264
1227.8462648143854,1256
1233.0031202796288,1247
1120.8186732809302,1167
1068.6120481910475,1037
1050.3333586938443,1036
1050.3333586938443,1036
967.1461770606929,967
874.770896166567,895
809.3138947747176,888
889.8287389258808,872
858.3963637191293,864
352.69056346779973,862
809.8627136601281,843
786.4644288130739,832
776.4268115666129,774
810.1111616996848,767
352.69056346779973,763
352.69056348511333,757
636.2352488118241,748
738.0877191295401,726
738.0006397606733,709
1110.0199356413925,690
483.98189485118115,682
484.0926477233502,582
524.5294141256808,582
582.4858998122043,578
606.28405359917,523
517.2186455456396,511
515.1600902534515,421
451.0742260345689,358
483.98189485118115,328
167.5295406905445,245
218.92450598949367,211
171.16239626776326,187
123.37119985611973,127
0.0,6
