2137.465566480991,2123
1972.6836942280534,2080
2056.118697733948,2062
2059.8428665236615,2021
1987.5947796232863,2011
1928.1209564178398,1985
1955.3771511239922,1928
1934.7588711431347,1926
1858.5894677449005,1923
1904.788665816628,1922
1893.3865163589135,1915
1898.884605950762,1907
1892.0111551012646,1892
1772.4748920804934,1890
1848.6789295334497,1849
1865.8900314606649,1812
1813.9388428842492,1780
1757.86622576941,1761
1743.4187388351845,1736
1711.9165290929536,1706
1737.7865769916614,1705
1568.1566823507321,1590
1614.168203481751,1516
1496.6366398579444,1496
1518.4774636235366,1486
1419.2240229845838,1426
1491.582709667944,1419
1412.6810437246445,1414
1455.3136839642943,1403
1364.8775794529781,1387
1408.7413645709728,1327
1325.2071764331404,1324
1329.5607427830855,1315
1304.0085399012012,1304
1227.3273954332885,1264
1222.3642448471485,1256
1239.6146444952587,1247
1161.2052797455158,1167
1053.4347860986402,1037
1038.2268924330047,1036
1038.2268924330047,1036
963.0146250574014,967
867.282025632579,895
886.1596969361701,888
883.4439853181325,872
863.8148001032231,864
354.7610323914239,862
797.3134401406116,843
823.2432880597875,832
775.0928281802458,774
799.0311099747859,767
354.7610323914239,763
354.7610323914246,757
664.8927954059266,748
753.4205196441812,726
732.1916214855349,709
1116.536304416926,690
501.36503904964377,682
532.3468705183441,582
518.6340582801339,582
546.258226374391,578
573.3122223036313,523
511.0866521222046,511
525.1682390532362,421
460.0840899230117,358
501.36503904964377,328
149.95232690850764,245
229.96062879234825,211
217.36051273555643,187
128.92088877986484,127
0.0,6
