2141.3191813136405,2123
1976.1795299350824,2080
2036.1645733634166,2062
2079.305073300925,2021
1980.6891161213614,2011
1920.6778688665588,1985
1936.547076047969,1928
1923.964094620597,1926
1849.805466444929,1923
1900.642017064078,1922
1879.6291228858934,1915
1898.869084966452,1907
1888.601993790022,1892
1743.1357164881113,1890
1848.651939575171,1849
1888.053207469873,1812
1806.7163525644262,1780
1756.2732772609902,1761
1757.3064674286977,1736
1718.1319193045026,1706
1734.5289984290675,1705
1570.1801105495256,1590
1609.2511539883706,1516
1495.2972876801903,1496
1513.345692027237,1486
1397.653435261272,1426
1487.6034336347539,1419
1422.7393842848824,1414
1453.996954019999,1403
1347.6848266129534,1387
1409.7178105619157,1327
1332.7929279321909,1324
1350.550137297882,1315
1305.5136358810598,1304
1245.0120951599597,1264
1228.8214756526945,1256
1238.7884894336096,1247
1147.6826706280037,1167
1062.5162619515686,1037
1044.0335984664262,1036
1044.0335984664262,1036
962.3009586163213,967
873.9151659849314,895
865.7073436925168,888
860.786383807065,872
866.6327504467322,864
338.7987139787077,862
768.3847155380641,843
811.5296551544055,832
774.4268497044009,774
810.7585336328543,767
338.7987139787077,763
345.7311947045797,757
662.4910327758479,748
751.1657066015648,726
756.308020201363,709
1074.3770312640838,690
490.30563599470645,682
543.8903264564776,582
523.0640472981854,582
544.1336455091339,578
591.0131469585847,523
510.96186040236216,511
518.1284092826608,421
463.8523916892877,358
490.30563599470645,328
139.70494912855918,245
227.39045445610046,211
179.3649855951314,187
129.36696749755663,127
0.0,6
