2131.2681753394827,2123
1978.4504417992644,2080
2051.757001463783,2062
2077.1641138938016,2021
1972.2813651793376,2011
1938.245124347192,1985
1936.4338112847674,1928
1927.2451949666981,1926
1864.8011822563517,1923
1880.0863777315865,1922
1906.8518575704945,1915
1890.424578142443,1907
1895.4769681156668,1892
1737.9253819419557,1890
1845.2406815691695,1849
1892.8736769396885,1812
1813.2182948502993,1780
1751.9093276353883,1761
1743.2075942208476,1736
1718.1556241845237,1706
1743.7679121345375,1705
1580.0065276377914,1590
1604.5430481384315,1516
1500.2044284018248,1496
1516.6751934193207,1486
1389.2135486635373,1426
1485.939253169388,1419
1413.0126898947995,1414
1457.0789119380029,1403
1360.6034201824846,1387
1425.185001929344,1327
1334.9302540532863,1324
1333.791571447212,1315
1298.417963204547,1304
1219.7276257446683,1264
1229.956155380839,1256
1230.1134215669526,1247
1153.0537880036395,1167
1067.5983355659203,1037
1040.5458553908559,1036
1040.5458553908559,1036
963.3922268149531,967
872.1837436355914,895
887.756327357716,888
885.3706777746064,872
868.5764407412705,864
354.03957579888754,862
775.9809476328599,843
821.3637375093679,832
773.0578086726191,774
796.7307944785878,767
354.03957579888754,763
354.0871518042153,757
658.3076384142859,748
761.518403767385,726
741.2913096397623,709
1114.3674191088878,690
504.2574028289843,682
556.3857814988447,582
529.3826503573085,582
548.7146462465681,578
591.3679299488085,523
508.30304204032626,511
526.18159304467,421
448.1499305612805,358
504.2574028289843,328
143.80001840219288,245
229.29564220370398,211
210.4573539400298,187
129.48095980716153,127
0.0,6
