2531.9432060296754,2123
1767.506585150712,2080
1739.6227459921267,2062
2734.213592830637,2021
2118.6275045788498,2011
1902.792119394088,1985
1604.9183601788382,1928
2137.6737049591466,1926
2014.4858736686647,1923
2317.2077999338353,1922
2161.7637735603635,1915
1804.3640577075612,1907
1772.6163166813353,1892
1476.2313212282947,1890
1643.776346683814,1849
2152.9993177606693,1812
1913.05916512047,1780
1842.642515652101,1761
1643.97250726374,1736
1942.405556894512,1706
1721.9038861609508,1705
1522.457005779794,1590
1695.5632348751378,1516
1629.7676588846716,1496
1555.6707825217215,1486
1354.5635077758436,1426
1351.6033248951337,1419
1256.3569470010664,1414
1548.8849779932918,1403
1834.2129305765304,1387
1641.7044817359942,1327
1411.5246644134043,1324
1724.0152192882515,1315
993.1937964968836,1304
1080.0209390561854,1264
1375.1053499538991,1256
1411.2135689549161,1247
1305.1407098048244,1167
889.3381097910257,1037
1071.6747020708722,1036
1071.6747020708722,1036
1241.6238777597298,967
670.5345114784809,895
671.6243533937477,888
615.9171909243599,872
1013.2655334448823,864
32.99504089540946,862
391.6678327907431,843
845.7160909710368,832
1090.7495792597003,774
854.3003505564648,767
32.99504089540946,763
121.47771789951454,757
373.35323140321236,748
1105.7715085583982,726
978.7621860866658,709
940.0076202766952,690
439.42732017057295,682
397.5615158683725,582
504.37911658625393,582
825.8737064577624,578
524.2552314152092,523
1111.7014807382952,511
670.5293951257609,421
809.4279304700107,358
439.42732017057295,328
368.4644342221143,245
1028.9372033262598,211
141.73324441898458,187
118.25904115924949,127
0.0,6
