2269.758572318809,2123
1456.786086948676,2080
1164.108530544956,2062
2993.4767028456467,2021
2063.242178087907,2011
2108.425005722348,1985
812.3236625695574,1928
1032.7630574912012,1926
569.3542761962358,1923
1494.0494720981976,1922
1684.5047745870927,1915
763.2143878954917,1907
940.3717851533365,1892
864.2973093427127,1890
830.9885757126935,1849
1746.666296368681,1812
2422.206338712092,1780
1003.451937512263,1761
1396.0763580719902,1736
1827.1141276839833,1706
993.0609205397869,1705
933.2576727688565,1590
797.5075735296631,1516
1025.5390603414867,1496
1668.8628515781108,1486
1385.6036501326628,1426
90.25528554925,1419
916.804681950487,1414
646.5329761531929,1403
1165.6291280610983,1387
958.9978533975367,1327
865.9137761925657,1324
1513.3706647132142,1315
1064.1945908728633,1304
446.7592899107943,1264
517.8367263692148,1256
1004.4159201504265,1247
863.4959521876559,1167
813.6537961115937,1037
413.76149851530647,1036
413.76149851530647,1036
1255.5714181305193,967
768.1060568888374,895
25.78332571401554,888
605.0732255937917,872
1018.3452671362876,864
17.231948232360416,862
602.9271407608483,843
570.6453416128062,832
1700.5928175749661,774
1182.0125372125735,767
17.231948232360416,763
75.12227918172042,757
357.69140981868657,748
1095.9281541340804,726
662.8120571684461,709
691.3830707733372,690
324.37330760490056,682
371.82671496908785,582
415.0626616324931,582
438.2729589011573,578
511.1921838304484,523
494.1407740778638,511
900.4844089200056,421
917.0092770508442,358
324.37330760490056,328
531.8118440520291,245
882.7120553466794,211
97.9149918409458,187
230.99291817608415,127
0.0,6
