2124.389654851346,2123
1972.8081109274049,2080
2071.0778439502164,2062
2060.8515122950193,2021
1982.645810815343,2011
1933.3870160102042,1985
1961.0217810400688,1928
1924.8976711690157,1926
1859.6139777700682,1923
1890.4819678638662,1922
1903.0083575404767,1915
1893.6784311155714,1907
1889.5580908775794,1892
1781.844542187016,1890
1849.1269815032613,1849
1869.0881617132734,1812
1818.0085663172852,1780
1758.438870800684,1761
1739.6153900352833,1736
1710.1801318219982,1706
1747.7390534216163,1705
1573.8269381935547,1590
1601.9645590908472,1516
1493.687732486845,1496
1517.1453993419768,1486
1408.3743915221787,1426
1481.4036592306868,1419
1414.928363523512,1414
1459.6831155830803,1403
1365.118314867017,1387
1418.1604383635388,1327
1328.4019783545189,1324
1313.5821888700607,1315
1306.0171395989178,1304
1229.0736984677,1264
1224.5325944997817,1256
1243.789703406661,1247
1162.8386836171348,1167
1064.826255572222,1037
1037.186811646496,1036
1037.186811646496,1036
966.0622357086833,967
866.7472123674422,895
886.9523655379837,888
883.9699457615102,872
864.832454086118,864
355.2937161823567,862
807.44947454658,843
827.2383895504813,832
774.1659193532364,774
792.1767264170596,767
355.2937161823567,763
355.29383857000954,757
661.7251151545742,748
737.8836650955163,726
732.5638282291862,709
1118.2130983069878,690
499.4329091360561,682
534.0444612719252,582
520.4456529072263,582
566.5066657576401,578
577.539771235008,523
510.5337120023465,511
524.0404135332677,421
459.38130283635337,358
499.4329091360561,328
152.9499038641357,245
0.0,211
197.85085943401987,187
128.5519590246655,127
0.0,6
