2132.608422120119,2123
1968.4004925098402,2080
2065.093828798907,2062
2069.851144668451,2021
1987.4263713011278,2011
1927.2155626162314,1985
1952.8202297056657,1928
1926.4715765044498,1926
1854.117177524079,1923
1902.8681924879058,1922
1888.0668999106902,1915
1896.0186355733215,1907
1892.7159476604766,1892
1783.37499090181,1890
1849.9384199518233,1849
1866.276172666131,1812
1819.6936399659605,1780
1756.6057278086894,1761
1740.7562555118259,1736
1711.6308518793235,1706
1754.3754851392382,1705
1573.899938606285,1590
1605.6913893932915,1516
1493.9151097719136,1496
1516.4798876333114,1486
1419.7281079246593,1426
1485.7996278707058,1419
1421.1649893538445,1414
1452.1249442991307,1403
1366.4577846790096,1387
1408.4691157116415,1327
1330.3052080764917,1324
1322.434072958377,1315
1304.5221469044225,1304
1227.2006672356515,1264
1225.3767128933205,1256
1243.8988136098012,1247
1158.2959263454404,1167
1054.1631642093107,1037
1034.9512855701375,1036
1034.9512855701375,1036
964.2361396100944,967
866.4822043104887,895
879.8320066995511,888
879.2361312777256,872
861.9990642115495,864
355.2047878692958,862
813.3666118464262,843
827.2923987045567,832
774.0745783461508,774
794.4272600240224,767
355.2047878692958,763
355.20719422389953,757
662.6719788669824,748
732.2997413305878,726
733.1939906891398,709
1117.936388339536,690
495.16128985237077,682
532.6913994619802,582
509.1726740649767,582
570.6220361178207,578
571.7781501617983,523
511.1995849089667,511
531.7099111620788,421
463.77732904706323,358
495.16128985237077,328
156.30980821005235,245
226.984721151489,211
190.35126078939047,187
129.48429643540968,127
0.0,6
