2146.646123337381,2123
1990.8107919735169,2080
2039.5455070881935,2062
2059.736578238801,2021
1984.9083894306643,2011
1922.9647312834572,1985
1951.2850287239812,1928
1926.8421986315843,1926
1856.8911576461917,1923
1902.3354977830809,1922
1878.603257364573,1915
1897.6599800104123,1907
1891.9157552006116,1892
1781.3493814098865,1890
1846.7393106385616,1849
1858.5053245908944,1812
1816.7738680713699,1780
1757.5367109448187,1761
1738.4261197809421,1736
1714.023739980823,1706
1738.7577607792734,1705
1581.6107732411494,1590
1594.5545440052554,1516
1493.6761080237036,1496
1514.10168433529,1486
1408.2716416373257,1426
1488.841067100449,1419
1414.7604400151167,1414
1455.823243794997,1403
1362.3841944366904,1387
1414.5531877558244,1327
1349.9150123330571,1324
1342.1771597595646,1315
1307.260281956895,1304
1232.2166837274451,1264
1227.022139014947,1256
1241.5216574458418,1247
1155.9157479515668,1167
1056.6206283545816,1037
1037.3558948047335,1036
1037.3558948047335,1036
967.9885028443715,967
868.8584106294597,895
886.8675932582129,888
883.4399291366773,872
864.8709652688219,864
352.31818852019785,862
797.7264827867042,843
821.3220349513539,832
772.2648786207125,774
803.4826904979442,767
352.31818852019785,763
352.3182647812439,757
663.0604898573348,748
758.4948992238568,726
733.4233768054671,709
1108.8480432145968,690
494.2044286676081,682
531.1648608184034,582
517.1393623464776,582
561.9825825217058,578
572.6977326078504,523
511.81032477543374,511
507.01435284687625,421
459.0699317925653,358
494.2044286676081,328
148.3276293460557,245
223.66224262037807,211
200.378625193749,187
129.35043216784322,127
0.0,6
