2141.1457972527883,2123
1988.2451134925423,2080
2047.0226675623362,2062
2067.3275525331555,2021
1981.3664984434051,2011
1928.8981733705073,1985
1950.4684658441788,1928
1928.7667415312508,1926
1859.5378811715425,1923
1908.8627582662548,1922
1898.6363257570572,1915
1898.890216959645,1907
1891.8231172888643,1892
1747.353714165128,1890
1851.9638862819652,1849
1885.265540432905,1812
1810.9147984146055,1780
1757.2573255785587,1761
1738.437053146152,1736
1711.619825480458,1706
1744.7131344338732,1705
1567.985446136739,1590
1592.6581147918469,1516
1493.8975170195486,1496
1514.0961254946526,1486
1408.6348063133134,1426
1483.971894898103,1419
1412.4767025044134,1414
1446.1182959912649,1403
1368.074759318587,1387
1404.764113411166,1327
1333.5977091807952,1324
1332.1171428967048,1315
1301.6850791198094,1304
1229.2252785033588,1264
1226.4670259497339,1256
1237.5785080844275,1247
1159.097630757289,1167
1051.9788910130098,1037
1037.9299098630345,1036
1037.9299098630345,1036
967.4429056629559,967
871.6398999349882,895
887.1463824664821,888
887.4550673924487,872
865.5113760632147,864
351.960059537845,862
805.7853870603918,843
824.0725733760744,832
772.8028686540599,774
800.1070833019235,767
351.960059537845,763
351.9927405920634,757
660.9923740075429,748
747.0372615144288,726
735.1121966656538,709
1107.7593738068,690
498.4760705967398,682
538.1400584950193,582
523.721120292958,582
572.8912671716752,578
578.5301600735095,523
511.8569825508038,511
510.1898792539292,421
452.6042939492545,358
498.4760705967398,328
143.57050975960308,245
222.3889313339944,211
192.394606144972,187
128.681171873189,127
0.0,6
