2126.982609349658,2123
1986.3821731099952,2080
2066.1686484108513,2062
2084.8657385685433,2021
1977.9017998888876,2011
1931.582921038964,1985
1948.7321094563895,1928
1929.5879766470575,1926
1856.1576361827877,1923
1906.914901467935,1922
1886.188867780099,1915
1894.4788262255613,1907
1891.6940024077053,1892
1781.3822742728353,1890
1850.9608435310797,1849
1871.2052198239355,1812
1816.2014177099854,1780
1757.076555367049,1761
1733.0195905022679,1736
1712.2841473030155,1706
1743.7068607003096,1705
1573.059380935379,1590
1596.0422580961726,1516
1494.963959640444,1496
1517.654124640429,1486
1422.7300435840525,1426
1483.7725002597058,1419
1427.4162534715003,1414
1450.1900999919767,1403
1366.5801347079446,1387
1406.7820971224558,1327
1324.645917218729,1324
1320.0292142055487,1315
1304.5452192352107,1304
1230.1479865374195,1264
1223.5622051678183,1256
1238.7183966468558,1247
1158.5783974322403,1167
1049.062816196428,1037
1038.5076735436487,1036
1038.5076735436487,1036
964.783325972707,967
870.6940884336053,895
872.0864874445028,888
880.8547114573013,872
865.4595797948368,864
356.1965954856418,862
813.8343134827531,843
826.2631423417016,832
773.5427285916707,774
802.8751997070244,767
356.1965954856418,763
356.1970466540803,757
662.7448404099516,748
731.8358810090709,726
732.8919731684838,709
1121.0555923670006,690
489.8167529352911,682
521.2579329282212,582
518.7884812758048,582
570.3905769823896,578
574.3098079240021,523
520.2768977303105,511
515.0137190386956,421
466.5968204086822,358
489.8167529352911,328
160.04766907457812,245
224.91022215160822,211
192.7693573551357,187
129.80162384812436,127
0.0,6
