2139.756771650656,2123
1959.2926852973133,2080
2054.987201294711,2062
2068.685513797222,2021
1991.2589091757602,2011
1919.511046523882,1985
1952.1903378056509,1928
1928.5796889806622,1926
1855.725524853681,1923
1909.9481303130178,1922
1881.732998056905,1915
1897.7767218837598,1907
1892.2088346418113,1892
1779.3273348349462,1890
1848.4047029016945,1849
1865.7767423967384,1812
1816.0604946153278,1780
1757.2650194432551,1761
1741.7698020708863,1736
1710.6489340004052,1706
1744.4562571134368,1705
1572.1497841231694,1590
1619.9085231821962,1516
1494.4261489682985,1496
1515.9703236342327,1486
1427.455180346653,1426
1489.322881464887,1419
1411.1511324552116,1414
1456.3604364756613,1403
1363.9838372060635,1387
1407.968414179144,1327
1332.3021353962006,1324
1330.1164795250586,1315
1304.6088594634164,1304
1227.1769138829327,1264
1224.242498675795,1256
1241.4972365917358,1247
1161.4501364033467,1167
1050.9510051345328,1037
1038.504227839045,1036
1038.504227839045,1036
964.8546284745049,967
867.6547664645235,895
887.927173839992,888
880.8979321125336,872
863.1406794533336,864
353.95557375072906,862
805.382261267329,843
827.9705480408106,832
773.8650358014912,774
795.5721494757737,767
353.95557375072906,763
353.9557512843568,757
661.5697509445899,748
742.6437816864585,726
733.1532896173918,709
1114.0016522095125,690
498.0765242479031,682
522.7604197987079,582
516.4699394019137,582
560.5479749066055,578
573.284690226685,523
511.38719872147766,511
538.8222098715028,421
464.1505351089264,358
498.0765242479031,328
156.53633787442274,245
226.75521271570872,211
201.58895573915467,187
128.45324678656726,127
0.0,6
