2138.886099916328,2123
1990.841308707232,2080
2048.213075692581,2062
2067.3650188735587,2021
1980.605579059528,2011
1928.6125654388281,1985
1948.7337994518475,1928
1927.1465226554892,1926
1858.4090371552124,1923
1908.0338208125634,1922
1897.1907405279626,1915
1899.253916718752,1907
1891.597086687416,1892
1752.9630679266036,1890
1848.6146109531592,1849
1878.860515707015,1812
1812.9263693618848,1780
1757.3541181449027,1761
1735.7318974249295,1736
1711.566768507804,1706
1739.598176443773,1705
1575.889332268487,1590
1598.040136185846,1516
1495.4577676850708,1496
1517.2619961734658,1486
1425.052514113404,1426
1483.390474957685,1419
1414.806993626185,1414
1449.7325771847793,1403
1367.7384301807679,1387
1404.9799570044972,1327
1333.9216970754112,1324
1333.6435869094375,1315
1304.5248426947292,1304
1227.6624724708568,1264
1222.4159328995227,1256
1240.1902862069762,1247
1160.840756489877,1167
1056.98706523503,1037
1036.7780771958383,1036
1036.7780771958383,1036
965.794869519528,967
869.7445419669245,895
886.5850313709931,888
884.9717724512223,872
864.9325521460279,864
354.1717921644726,862
805.6562319524871,843
821.3833739366173,832
771.8705817327145,774
797.1767854822791,767
354.1717921644726,763
354.17311131422963,757
663.6220607328589,748
741.221334296127,726
732.9446983353215,709
1114.6839703083087,690
495.48113204225115,682
535.7940771009032,582
522.258839533668,582
572.7486095432755,578
575.5266585222817,523
512.6157407509527,511
507.90845407067667,421
458.22874749652766,358
495.48113204225115,328
148.7782888940945,245
225.45577799720698,211
194.74936218555382,187
129.4828561871468,127
0.0,6
