2141.440714913188,2123
1977.994422842078,2080
2043.3856187455283,2062
2074.6692621398033,2021
1983.1143102701353,2011
1922.1347372413356,1985
1947.4748098500245,1928
1928.7785474042466,1926
1860.1972752811032,1923
1907.6361670469025,1922
1884.058566501221,1915
1901.6348802892924,1907
1891.1226366991762,1892
1768.9448378769466,1890
1847.6331222705767,1849
1874.812738793926,1812
1815.5049226997055,1780
1754.8868848165778,1761
1744.3230801851796,1736
1710.7988245714962,1706
1745.7925867857532,1705
1567.5243610076586,1590
1602.34957990459,1516
1495.5307014397551,1496
1516.3979446556732,1486
1416.4247316357746,1426
1487.4775086589739,1419
1413.479982114762,1414
1453.218173019682,1403
1365.8475367789072,1387
1408.2744946830117,1327
1332.9962050637434,1324
1336.3400053091334,1315
1305.1031154315583,1304
1229.5972546280063,1264
1225.318341811803,1256
1237.9438670194206,1247
1157.0792383289688,1167
1048.7080897788592,1037
1038.8426712318972,1036
1038.8426712318972,1036
964.852080491437,967
869.0603967311717,895
884.8630531019244,888
883.0228734094961,872
866.0240919040061,864
355.0781728613509,862
811.0261676029398,843
825.1019046516388,832
774.3624082267462,774
797.3750599213419,767
355.0781728613509,763
355.0790533508627,757
665.4497961377301,748
736.4669064808008,726
731.3158026853982,709
1117.5360828728517,690
493.86869239926955,682
527.0814318122569,582
519.3938806512735,582
568.5593529944964,578
572.6557794551406,523
515.2888719947699,511
522.6179417568984,421
463.87509187843546,358
493.86869239926955,328
153.503409830158,245
227.3263289907899,211
194.14142081671199,187
129.97566113311058,127
0.0,6
