2141.7253800790336,2123
1996.908037033306,2080
2049.8975425153094,2062
2082.1789264702966,2021
1974.3956408565364,2011
1923.2540081864727,1985
1941.9098199099158,1928
1932.4884505094635,1926
1860.5321363291139,1923
1902.5163069776045,1922
1875.3384170023678,1915
1890.2455610015413,1907
1887.669160946201,1892
1765.8197945275197,1890
1854.4426251415512,1849
1874.635034314866,1812
1807.8196015438593,1780
1753.418760617234,1761
1739.4599412060436,1736
1717.825536845041,1706
1741.461523724028,1705
1581.4147356007597,1590
1595.9008266892176,1516
1494.4035091136739,1496
1515.6334330871605,1486
1406.0561741040556,1426
1470.4689254294492,1419
1416.1252372050724,1414
1451.4775470278407,1403
1365.3383235195583,1387
1421.0845212262125,1327
1343.363540923279,1324
1335.9309879112889,1315
1306.2052980200917,1304
1238.5930855241616,1264
1227.6069599975667,1256
1231.120512688742,1247
1151.5781588625443,1167
1055.3875710216,1037
1056.5629142298283,1036
1056.5629142298283,1036
968.7165229694848,967
870.7112020241877,895
869.9962488274977,888
884.3377476854691,872
863.7112956339506,864
347.6267340778095,862
796.2234937179484,843
819.4896765656962,832
767.8829128135571,774
797.2407868799759,767
347.6267340778095,763
349.3284767788782,757
652.1339654774056,748
744.9847009906958,726
739.8821346715596,709
1095.784332232809,690
498.9643338607682,682
516.1579042078168,582
524.3773921884494,582
557.1472856073492,578
581.5322589869418,523
516.8564501799256,511
506.8603403331727,421
455.85367948803514,358
498.9643338607682,328
151.34644808843905,245
226.7221767670145,211
194.27310165002058,187
131.86704462922143,127
0.0,6
