2212.62549781701,2123
1976.9501415717195,2080
2010.9225768183364,2062
2077.1730018364747,2021
2020.3664747338782,2011
1878.9557796147467,1985
1916.4342831146882,1928
1932.9703530827446,1926
1863.4117099695668,1923
1851.3971501595452,1922
1884.0877723052283,1915
1884.5176229278907,1907
1911.6715905180845,1892
1741.740003962609,1890
1823.5219178048135,1849
1912.5755758614691,1812
1784.3761039013166,1780
1755.0734958793585,1761
1788.2974717545983,1736
1735.1204682513614,1706
1709.634443022097,1705
1524.8228862290343,1590
1631.8929990814236,1516
1559.1704157034108,1496
1495.4013270026423,1486
1382.144642077166,1426
1578.510864967063,1419
1292.0713925151617,1414
1440.779517323517,1403
1313.5622753478322,1387
1451.2520002606846,1327
1310.1624238491409,1324
1373.433111551063,1315
1277.7353383882955,1304
1215.5476749717989,1264
1313.1116768151435,1256
1163.4984971043132,1247
1149.7339035349348,1167
1130.0703201882664,1037
1034.6824984532009,1036
1034.6824984532009,1036
911.8709999383858,967
888.1588656138515,895
0.06458511413548262,888
747.7138263125432,872
851.5946154019838,864
236.50427823783846,862
707.5417245133879,843
847.147268997235,832
865.7192155399158,774
795.9664179067759,767
236.50427823783846,763
472.7677321550126,757
662.466155317887,748
844.7655842723887,726
772.357584665442,709
981.1334381841313,690
479.9355042363458,682
517.6703185686915,582
587.384745009007,582
486.66009710947174,578
685.1117050662132,523
512.3749899419364,511
529.7258306145166,421
509.3898306364665,358
479.9355042363458,328
83.16915046934837,245
232.82246107997335,211
213.55149884542627,187
103.37358658697049,127
0.0,6
