2163.7341485591887,2123
1973.931513530246,2080
2017.0318465177481,2062
2107.691538896898,2021
1976.8954179171528,2011
1909.557620436188,1985
1928.7724260765438,1928
1923.9984269231065,1926
1881.3197068843963,1923
1872.3617697990203,1922
1878.4099402827032,1915
1898.6331267781973,1907
1897.10799094211,1892
1720.9116957787583,1890
1849.0290422590326,1849
1922.6230509029754,1812
1846.4278448279986,1780
1767.6872194961138,1761
1761.4151063705508,1736
1730.0893894282124,1706
1786.1874869735352,1705
1567.432971114294,1590
1606.6775601167042,1516
1524.2480508823978,1496
1457.9618810806464,1486
1379.6097447927002,1426
1471.4163892377896,1419
1399.0174400681956,1414
1459.1014161958253,1403
1361.2423750880143,1387
1400.999872792424,1327
1346.9614978564491,1324
1381.095902854292,1315
1311.8913882513698,1304
1211.6052701128742,1264
1213.4464214790562,1256
1224.8266618446282,1247
1142.0023983487295,1167
1074.0252299968229,1037
1076.0530884370542,1036
1076.0530884370542,1036
933.7858628266814,967
846.8392900655014,895
873.2988080927465,888
906.4896490737203,872
857.7878602666458,864
349.27782243866045,862
771.8288604579349,843
828.3284319810821,832
798.568733262546,774
752.2444600052396,767
349.27782243866045,763
349.27782243866045,757
662.3320670750037,748
771.828860530496,726
731.420568607686,709
1099.2790455356337,690
493.66484374656306,682
603.7120835933026,582
464.7776287611455,582
634.3002723098804,578
642.5728542301763,523
510.43071160850695,511
527.1496031650312,421
460.979770990374,358
493.66484374656306,328
147.92552635403055,245
223.5452282751831,211
140.63542856195215,187
97.66962265703657,127
0.0,6
