2179.9141963924085,2123
1946.4044888902818,2080
1990.3566185610725,2062
2231.7420422710043,2021
2061.585989399121,2011
1880.083740402292,1985
1846.1093907796817,1928
1968.268891789177,1926
1827.704332856235,1923
1936.9273744198133,1922
1885.356455626181,1915
1865.8580123340284,1907
1869.5810667839385,1892
1621.1190391221446,1890
1875.381052608148,1849
1940.7718852351557,1812
1788.1041478305817,1780
1673.168521117835,1761
1690.0177488992306,1736
1714.5823315084144,1706
1779.1401566966215,1705
1535.9405177777855,1590
1615.690983523971,1516
1467.9233735418957,1496
1451.2128329308878,1486
1382.2199140480254,1426
1511.4586591598636,1419
1442.544482400726,1414
1431.0776752257204,1403
1317.3124750296813,1387
1441.8191527948732,1327
1162.075477291111,1324
1397.7422253476948,1315
1261.775223054516,1304
1172.654064978735,1264
1281.4986820064921,1256
1121.0621989353044,1247
1100.1820685672515,1167
1076.360053034618,1037
1098.1821629644296,1036
1098.1821629644296,1036
969.9686383758373,967
900.491775476305,895
833.5125164726575,888
838.8019632269609,872
841.8870579644985,864
274.6421133916044,862
635.9311875804163,843
846.633723371966,832
806.5603996939975,774
877.9918240263089,767
274.6421133916044,763
286.35963479900477,757
667.9659825068192,748
899.9656172523287,726
777.5553562793402,709
1001.8919070989657,690
519.9435095144247,682
436.34982151836687,582
640.7321676691324,582
606.3607845087197,578
722.3135538569998,523
506.48601104900354,511
588.9494011845411,421
577.8428727785845,358
519.9435095144247,328
177.210589321008,245
276.46602082952745,211
133.34517128519934,187
149.6025883655096,127
0.0,6
