2127.0566247592774,2123
1995.8725822680035,2080
2077.4185508561022,2062
2088.357597739169,2021
1984.9019564296082,2011
1911.5447140333772,1985
1947.4595482214972,1928
1933.7015526171606,1926
1855.6349281361754,1923
1908.7915953960276,1922
1881.248934916816,1915
1893.2968394984255,1907
1888.8647318536623,1892
1768.5731424018988,1890
1858.847226689954,1849
1887.0141429515738,1812
1815.8933952092455,1780
1751.442537278683,1761
1734.8872389274204,1736
1698.740785689546,1706
1732.3955464806959,1705
1571.9844871675962,1590
1605.6564039566413,1516
1490.5127361024001,1496
1517.7906943696507,1486
1427.3986721717365,1426
1485.9723999919188,1419
1415.4388524184199,1414
1452.608508014594,1403
1369.3486754228297,1387
1405.3779081365205,1327
1325.2170361760789,1324
1316.457884951518,1315
1308.0712157010057,1304
1227.8554911107283,1264
1226.138801131765,1256
1246.3848619258865,1247
1168.8134066479279,1167
1049.870228411214,1037
1037.7398548587578,1036
1037.7398548587578,1036
964.7948973944615,967
865.2619541486271,895
884.6257381380889,888
881.2414148704567,872
803.1497316011307,864
354.16855228225484,862
803.0781708354255,843
823.5159250421659,832
770.9564967925925,774
803.5582521892188,767
354.16855228225484,763
354.17569894252756,757
659.8104291394858,748
737.70703611165,726
737.6895486904654,709
1114.681415129763,690
491.9390581370154,682
530.8449815909204,582
514.748243000578,582
560.2458159894232,578
575.631222648497,523
516.5317459669469,511
509.4013496933304,421
468.26815658245556,358
491.9390581370154,328
162.62579783984623,245
228.27868739984,211
197.47396950844933,187
141.68752737010234,127
0.0,6
