2139.1639156624806,2123
1968.9388269131828,2080
2052.7914508968524,2062
2058.5514035513993,2021
1984.7454857478522,2011
1923.779849723345,1985
1951.985347965744,1928
1933.032206057355,1926
1857.7139643328167,1923
1895.9424860295874,1922
1896.3107905194374,1915
1894.5532163085559,1907
1889.9407709964303,1892
1762.6274826615734,1890
1848.5205680428992,1849
1875.2524305436893,1812
1800.310328320074,1780
1754.5081860791174,1761
1742.2253544447046,1736
1713.8815932682953,1706
1741.889190559049,1705
1585.3858952605376,1590
1603.8074070492714,1516
1498.4045418377204,1496
1515.6103525169535,1486
1394.9625464030923,1426
1479.8328837684953,1419
1410.8338258880572,1414
1458.5384645564125,1403
1359.5043580048093,1387
1421.291831403803,1327
1334.8948632628797,1324
1334.7524077825321,1315
1305.1584441720747,1304
1238.4710257447662,1264
1223.9589161686424,1256
1238.4128540587262,1247
1157.6623006053053,1167
1074.2036611682254,1037
1038.2220883045472,1036
1038.2220883045472,1036
966.057612725478,967
878.2763024132012,895
887.3352378058096,888
878.8059810081159,872
864.3459507972884,864
353.646858375433,862
781.3771242936277,843
822.5185466917048,832
775.7717484721543,774
811.3390401939669,767
353.646858375433,763
354.0590962497007,757
659.4502807096769,748
757.9122904929982,726
744.6905946131405,709
1119.229379992654,690
499.99617244486024,682
522.6892271913019,582
525.6442315245716,582
540.8815526718649,578
583.4208080715886,523
510.77866158016656,511
530.1253357805822,421
451.83641519853575,358
499.99617244486024,328
145.74644060712583,245
229.71378531264259,211
223.14173410067218,187
130.45390066607294,127
0.0,6
