2147.5774749771754,2123
1981.5247984144999,2080
2040.2650881283619,2062
2096.853390123786,2021
2011.0796664281895,2011
1899.8692892172337,1985
1902.7733757032088,1928
1930.5770305405151,1926
1854.025343592255,1923
1880.6345614212664,1922
1884.6217834902761,1915
1879.866676132955,1907
1899.1747490975022,1892
1695.484706726796,1890
1850.470162508625,1849
1935.0464437435787,1812
1815.260491217967,1780
1760.2498123650494,1761
1753.2763005146553,1736
1738.5283414235248,1706
1751.7577004921418,1705
1567.002241156982,1590
1632.9614424228917,1516
1486.7100070559684,1496
1517.9601082982729,1486
1364.1459217935903,1426
1471.4392145005347,1419
1433.0253021742794,1414
1440.8707368131234,1403
1332.5839230047245,1387
1445.2956932811946,1327
1356.7231400803298,1324
1336.2593356633568,1315
1323.8943390397076,1304
1242.679755217514,1264
1226.571336413875,1256
1211.9790825489792,1247
1132.688364821548,1167
1088.3902279778233,1037
1036.0040147107043,1036
1036.0040147107043,1036
973.0263143055626,967
874.6544268766709,895
853.4534965887711,888
852.3731659369972,872
864.4232175509056,864
314.9003251310344,862
723.5837469224196,843
803.6378168712272,832
777.3054112958915,774
817.2984822509791,767
314.9003251310344,763
376.80811554783537,757
671.7697330328583,748
810.6896634999509,726
763.6781627085428,709
1094.5041729165766,690
503.39812669674563,682
561.3520729592241,582
512.8269849964412,582
544.2766880503985,578
621.7327167523531,523
510.0327839490883,511
538.2957616317391,421
488.3897801168198,358
503.39812669674563,328
125.31783511852025,245
223.13960673490527,211
192.57199816335668,187
125.52064266602835,127
0.0,6
