2160.97959596689,2123
1955.9715151570124,2080
1948.3287124130306,2062
2235.215485578349,2021
2168.448830062256,2011
1871.2618300681438,1985
1863.8608802191327,1928
1888.892393321188,1926
1796.6269307814605,1923
1968.2692176579646,1922
1829.4576565655946,1915
1845.2956151255848,1907
1907.3214143406844,1892
1472.7215031431215,1890
1803.65091898322,1849
1918.2686681216132,1812
1873.223961986103,1780
1612.327780550071,1761
1697.7597284390754,1736
1774.529502213784,1706
1722.3137140712456,1705
1530.4510847073989,1590
1536.5923335214902,1516
1511.9195321099237,1496
1516.7208270322622,1486
1334.3662719982017,1426
1570.39491049363,1419
1406.1801100960859,1414
1521.5361736331229,1403
1390.557002982536,1387
1319.6525808827278,1327
1254.8464173500774,1324
1515.8641391867377,1315
1333.0140843466895,1304
1133.1020341108,1264
1273.922722878843,1256
1178.9275204033038,1247
1142.1153969285717,1167
1037.0852638326094,1037
1123.505167617949,1036
1123.505167617949,1036
979.5197646068531,967
951.6687344282448,895
874.8610537453179,888
850.6491011220237,872
864.2796433114759,864
211.25108954159543,862
708.8439252760481,843
897.8158982898515,832
799.7170596879104,774
867.0227807016363,767
211.25108954159543,763
264.28275814942833,757
601.5070381021877,748
857.1532572363511,726
765.6554366193322,709
1033.4796941481127,690
477.1282071576153,682
628.7844151148707,582
560.5506544798847,582
555.9965652260561,578
690.8520710036937,523
589.2896519944427,511
608.3015889628892,421
636.6136724017576,358
477.1282071576153,328
221.14099392816675,245
345.6989447460449,211
254.54834782082636,187
255.06968861817802,127
0.0,6
