2445.587558085941,2123
1912.7997045458612,2080
1909.283868868808,2062
2467.4693977799293,2021
2273.591378296203,2011
1660.4835643384686,1985
1804.9563645381509,1928
1954.2770857500618,1926
1870.6577456327311,1923
1817.4696222160233,1922
1896.5662456997682,1915
1856.952879069048,1907
2110.5393604574997,1892
1370.7084751847044,1890
1769.6316073049077,1849
2076.4826205832956,1812
1980.0088111134162,1780
1633.7672135646003,1761
1671.521945600439,1736
1739.8778348238952,1706
1757.8588498254346,1705
1280.3352548867774,1590
1624.1483151784266,1516
1399.1117943791744,1496
1502.0209565875382,1486
1364.365759413521,1426
1391.5477942683815,1419
1707.8878707632653,1414
1563.3213236893587,1403
1727.0223588205124,1387
1483.5068860793288,1327
1381.1909322505699,1324
1440.9466449329666,1315
1222.5207260735583,1304
1221.2594323310911,1264
1139.2332019757127,1256
1196.945394024757,1247
964.520952882897,1167
1274.6528196090533,1037
998.1154637842625,1036
998.1154637842625,1036
981.4880156769341,967
942.0067226846995,895
839.2199659001208,888
710.0388396643727,872
998.9103669590355,864
73.08031862804114,862
721.6911789239738,843
881.9632472301668,832
855.845352525826,774
1030.2880801777446,767
73.08031862804114,763
141.23591232758886,757
432.3813577500092,748
1016.7917411246842,726
896.9783624787804,709
882.8112206169577,690
539.4445735501605,682
558.5029336536338,582
586.559323232004,582
594.2808786199952,578
648.2205818393569,523
680.1594513321992,511
742.6790540795612,421
727.3228023974364,358
539.4445735501605,328
367.29062849233304,245
617.5643909213976,211
204.3839953785643,187
202.73542580124615,127
0.0,6
