2133.7216100334545,2123
1994.5038253737796,2080
2061.5292307294317,2062
2066.07143992828,2021
1989.879160331866,2011
1928.726442271917,1985
1952.3922436652424,1928
1927.3961608336679,1926
1855.7609512814997,1923
1905.2707418957648,1922
1892.9314871905635,1915
1896.181985113636,1907
1891.4186359124528,1892
1775.581647098053,1890
1849.4346204951564,1849
1869.1037547894432,1812
1815.9145084389345,1780
1758.8841482679748,1761
1738.8769246841075,1736
1710.4639113284115,1706
1736.468744884957,1705
1571.502245106875,1590
1593.6513541309348,1516
1496.796578360952,1496
1517.7439595576711,1486
1423.0694828579246,1426
1487.7088206023395,1419
1413.488400577503,1414
1455.6389893053874,1403
1367.3805657389712,1387
1407.1980178156937,1327
1329.2412458205758,1324
1325.2812012709885,1315
1304.519145453398,1304
1226.865419136507,1264
1224.0140240598353,1256
1241.3240043798642,1247
1162.8635860017662,1167
1053.6295793082359,1037
1036.9031908341503,1036
1036.9031908341503,1036
965.3213141797729,967
866.9163526339529,895
888.1553992855265,888
883.2556741669387,872
863.0112499460197,864
353.74061555808777,862
812.0459941425612,843
827.7686634083157,832
773.7213866418347,774
795.8875039752179,767
353.74061555808777,763
353.7406195889336,757
663.9495581744677,748
738.9621560126973,726
729.4029830791983,709
1113.3247784107953,690
495.70040879908146,682
527.9903639281392,582
514.0014678826526,582
565.292022953745,578
573.0467765895305,523
512.0562636968182,511
504.68447232281386,421
462.948581209586,358
495.70040879908146,328
152.73963241133407,245
222.7201828661803,211
197.82025149262952,187
128.01571803449545,127
0.0,6
