2221.638095427454,2123
1901.2552746970332,2080
2083.292660438425,2062
2171.244974546971,2021
2072.196782021819,2011
1818.4945661467345,1985
1780.523018603531,1928
1977.9911669469386,1926
1813.1061765150225,1923
1879.832903916505,1922
1903.5552554878527,1915
1821.50889403548,1907
1880.9402890713504,1892
1577.539444491713,1890
1894.1085423480406,1849
2048.5403925001315,1812
1810.2976195596377,1780
1675.0593922736898,1761
1766.6842273063605,1736
1705.5361349358848,1706
1831.121687950407,1705
1447.1470462027708,1590
1679.7550051951557,1516
1426.9264147543597,1496
1498.1029770574346,1486
1410.3575628394483,1426
1539.4277485837242,1419
1480.3818803201355,1414
1332.753395970476,1403
1384.9238244131757,1387
1436.172373790058,1327
1252.4331592614978,1324
1407.4700346986203,1315
1262.5521182607981,1304
1187.2400668274274,1264
1340.3007083442849,1256
1105.7941859640027,1247
1118.8275985643224,1167
1074.3612656364076,1037
1087.218901619009,1036
1087.218901619009,1036
926.5698566613466,967
925.8299290522857,895
811.3445398207849,888
754.6819728360531,872
878.8958678911159,864
220.35814934055767,862
593.2935161867825,843
810.7272372430682,832
751.3235412208198,774
911.9125438132108,767
220.35814934055767,763
295.8190863628718,757
639.778589736686,748
961.8281567039018,726
781.2475795095397,709
941.9697064509616,690
418.75363375585647,682
451.94558796150386,582
651.6327695468912,582
535.951450866321,578
661.083303734226,523
599.311302533485,511
519.5761809716357,421
594.8986592748025,358
418.75363375585647,328
150.9090131587388,245
350.2553861631112,211
132.2053990633207,187
180.2646023549703,127
0.0,6
