2123.4742100058447,2123
1989.381022680201,2080
2071.6862914560943,2062
2096.9804504865933,2021
2018.2820320443316,2011
1884.863887795897,1985
1926.1917720822478,1928
1943.4442845712456,1926
1860.2808376298967,1923
1870.374518665666,1922
1890.0373933414064,1915
1879.5157637003729,1907
1924.6822856683243,1892
1717.9614288756025,1890
1832.349058744135,1849
1957.2718668923947,1812
1824.5476111956834,1780
1730.5367187061452,1761
1732.4619043581333,1736
1730.971710269348,1706
1766.2840236298298,1705
1576.1444759626895,1590
1627.230230725903,1516
1496.138441230842,1496
1509.704984478654,1486
1373.0889291247909,1426
1467.9484518806817,1419
1404.2118184864396,1414
1435.8814569885717,1403
1351.2641130793672,1387
1448.4701946237553,1327
1338.2948752023874,1324
1350.624823378683,1315
1314.5700507186605,1304
1263.7421807332303,1264
1241.9097838751902,1256
1214.1339931429636,1247
1125.0705188583393,1167
1089.8958654494209,1037
1044.2330186338816,1036
1044.2330186338816,1036
969.4642290120629,967
877.2872279709115,895
863.1264203650443,888
840.8129644557429,872
851.920719921668,864
294.9809547633784,862
735.3912086978562,843
806.8344262923073,832
766.0618708509011,774
804.4575052669446,767
294.9809547633784,763
397.68015349012785,757
653.1439051523125,748
767.7639703566196,726
752.8506097697268,709
1037.5802638370744,690
509.7540206977811,682
547.8614269409059,582
522.7723042916314,582
545.1773037056194,578
623.424203840662,523
520.6441425637239,511
544.8381754225085,421
482.16845803228244,358
509.7540206977811,328
120.2226185592584,245
227.45010086847648,211
172.829357701793,187
131.6106552931482,127
0.0,6
