2100.715588478524,2123
2010.5914326568661,2080
2077.069638272934,2062
2101.8107858167346,2021
1984.23269348229,2011
1911.0042425207666,1985
1923.8530400559828,1928
1932.729921129643,1926
1871.5019235611303,1923
1859.4394516761904,1922
1881.539789607423,1915
1892.720156701609,1907
1895.9011637823412,1892
1760.1483214179823,1890
1864.2085012279535,1849
1917.5533759465077,1812
1773.5822151016077,1780
1733.8072891959375,1761
1721.030833728838,1736
1711.4773646948893,1706
1788.3107660583962,1705
1470.5075224784318,1590
1657.542425897307,1516
1492.864980466013,1496
1526.2473528166265,1486
1475.7036274313045,1426
1465.9508329260473,1419
1409.6282279695909,1414
1345.7769917002054,1403
1393.9859324073368,1387
1471.9631691174166,1327
1322.4039458223658,1324
1306.9994807080145,1315
1297.4180137528106,1304
1244.1068993479582,1264
1254.2436300073673,1256
1226.0172618538588,1247
1168.459522110759,1167
1069.1609728095937,1037
1039.8313281338576,1036
1039.8313281338576,1036
963.2676070663426,967
880.0125400051242,895
903.435510559751,888
862.7386488445934,872
867.9836296761337,864
323.8794174435555,862
804.1395149460727,843
832.4512665204279,832
773.1570874195055,774
823.0863146310473,767
323.8794174435555,763
367.3155298982171,757
641.4678112452555,748
757.8012249114703,726
716.4155032416522,709
1062.7868449465823,690
498.74347454044585,682
449.75693910828164,582
569.70937963137,582
517.4160135113037,578
588.6178601999645,523
513.6826863306742,511
565.7918631268606,421
462.1712310456985,358
498.74347454044585,328
144.58260342809461,245
231.33342819358106,211
239.42186442702814,187
129.29660977037932,127
0.0,6
