2124.156689667323,2123
1942.6300314826228,2080
2040.071469546047,2062
2208.3517602809957,2021
2007.4557555580004,2011
1745.2089954776222,1985
1701.8121978486192,1928
1960.0818453023874,1926
1808.8360073517767,1923
1868.4673344393852,1922
1813.9177639206296,1915
1920.634045045449,1907
1873.3061218641897,1892
1599.9046718002928,1890
1802.5417328601484,1849
2024.747803910968,1812
1833.281599175765,1780
1693.458121691235,1761
1671.8164756317349,1736
1840.115920930576,1706
1686.4853663313881,1705
1624.3862965485528,1590
1602.5949236192073,1516
1567.0425151169181,1496
1512.2968123766998,1486
1353.4782458510394,1426
1502.732134291659,1419
1416.7725156093838,1414
1478.532398257438,1403
1401.7056787590807,1387
1422.8496197372922,1327
1417.030491675617,1324
1400.364239645831,1315
1213.8672658932599,1304
1211.896542528724,1264
1287.1841110831394,1256
1137.1516512844455,1247
1010.9908865815286,1167
1082.025453512473,1037
1063.8947052263602,1036
1063.8947052263602,1036
946.5422109384153,967
840.7441452382579,895
856.4844933026376,888
759.9235453925954,872
904.6817874144368,864
171.97469574768047,862
584.050972675283,843
759.0317507706571,832
773.6407680086629,774
915.1047202489509,767
171.97469574768047,763
373.02657925721405,757
532.2437833956998,748
941.1891097005256,726
764.0490990081415,709
1027.4983247541165,690
524.7646990842835,682
520.6496366101112,582
523.8294797331541,582
510.1116103052561,578
670.5135790999926,523
554.2828755246458,511
598.5482538883359,421
539.9938454711969,358
524.7646990842835,328
121.23642247279187,245
388.40638564823456,211
90.78464896861576,187
126.59618258990167,127
0.0,6
