2155.501074659978,2123
1977.0868428830363,2080
2039.6004100931143,2062
2055.996022317542,2021
1993.1442251908645,2011
1929.5957651451297,1985
1939.2656167697216,1928
1926.9517513096296,1926
1855.5271745308373,1923
1907.7512454777407,1922
1890.2435183076389,1915
1896.763147235642,1907
1889.8501090945747,1892
1756.6360696661889,1890
1850.6865495221884,1849
1866.5784638489247,1812
1818.6978662893098,1780
1757.852584261744,1761
1760.9107025696212,1736
1716.4943422418278,1706
1751.5124097319137,1705
1588.8370319575702,1590
1599.1145926054332,1516
1496.134633892757,1496
1516.5093901379505,1486
1409.6837082138427,1426
1492.967538243407,1419
1409.78135894943,1414
1451.0937995143363,1403
1359.3089591125656,1387
1404.6402349733626,1327
1338.7339405577359,1324
1344.4754571706233,1315
1306.0548985104742,1304
1237.842075817029,1264
1216.6954679798216,1256
1232.4867059143007,1247
1157.6648585382163,1167
1057.3098588173052,1037
1039.339077258224,1036
1039.339077258224,1036
966.4122800157123,967
869.833524581669,895
898.7703916431955,888
876.2617676369489,872
861.9916863660233,864
354.39044797105396,862
800.3874714564802,843
817.868542980984,832
774.5489277704393,774
803.6378156826547,767
354.39044797105396,763
354.39514998731,757
670.6004381634466,748
742.5271573924864,726
735.3730567055192,709
1115.3773553481929,690
494.964042675091,682
537.2038433421918,582
513.059943545718,582
566.3367259309751,578
560.0713984943744,523
509.745047867816,511
522.065390486471,421
457.93503060657264,358
494.964042675091,328
141.72398033020008,245
227.37577320719492,211
195.39897801977506,187
132.06867307736363,127
0.0,6
