0.0, 0.0, 0.0, 0.0, 0.0, 0.0, 0.0, 0.0, 0.0, 0.0, 0.0, 0.0, 0.0, 0.0, 0.0, 0.0, 0.0, 0.0, 0.0, 0.0, 0.0, 0.0, 0.0, 0.0, 0.0, 0.0, 0.0, 0.0, 0.0, 0.0, 
0.0, 0.0, 0.0, 0.0, 0.0, 0.0, 0.0, 5.184534767322297, 24.86666404146953, 0.0, 28.05353106615911, 133.6453670635609, 89.13406265761061, 0.0, 0.0, 0.0, 0.0, 107.74245437909927, 0.0, 148.37994186036167, 0.0, 0.0, 0.0, 0.0, 47.51647664456141, 123.76587710187921, 0.0, 46.40752551435405, 0.0, 13.409621792459436, 
0.0, 0.0, 0.0, 0.0, 0.0, 0.0, 0.0, 0.0, 0.0, 0.0, 0.0, 0.0, 0.0, 0.0, 0.0, 0.0, 0.0, 0.0, 0.0, 0.0, 0.0, 0.0, 0.0, 0.0, 0.0, 0.0, 0.0, 0.0, 0.0, 0.0, 
0.0, 0.0, 0.0, 0.0, 0.0, 0.0, 0.0, 12.737329039079043, 35.16941694399222, 0.0, 99.68512239651471, 53.240307590705044, 39.794019404709104, 0.0, 0.0, 0.0, 0.0, 125.48196857900257, 0.0, 84.41525697429586, 0.0, 0.0, 0.0, 0.0, 0.0, 86.60711268838804, 0.0, 44.737971412489, 0.0, 80.94355213927041, 
0.0, 0.0, 0.0, 0.0, 0.0, 0.0, 0.0, 119.4798911285164, 124.25448745687356, 0.0, 24.929552924038052, 107.06054951411659, 65.83337538789041, 0.0, 2.0536465399792814, 0.0, 0.0, 100.61119095025997, 0.0, 5.526564552657904, 0.0, 0.0, 0.0, 0.0, 115.61551774631585, 127.26393268457853, 0.0, 0.0, 0.0, 90.08334646145286, 
0.0, 0.0, 0.0, 0.0, 0.0, 0.0, 0.0, 0.0, 0.0, 0.0, 0.0, 0.0, 0.0, 0.0, 0.0, 0.0, 0.0, 0.0, 0.0, 0.0, 0.0, 0.0, 0.0, 0.0, 0.0, 0.0, 0.0, 0.0, 0.0, 0.0, 
0.0, 0.0, 0.0, 0.0, 0.0, 0.0, 0.0, 145.04889012920506, 138.49301015162825, 0.0, 108.8365400824532, 123.75687558035486, 65.72907130328274, 0.0, 144.38588071337867, 0.0, 0.0, 0.0, 0.0, 30.159009621342523, 0.0, 0.0, 0.0, 0.0, 89.85515002142775, 94.14598954507268, 0.0, 82.21365087485685, 0.0, 10.138989468198261, 
92.03939737026865, 0.0, 133.78987790965448, 0.0, 0.0, 15.573390318085892, 0.0, 0.0, 36.025652148437295, 0.0, 86.73069776891637, 32.995744657438976, 126.73987133300157, 0.0, 0.0, 0.0, 0.0, 138.86720678243506, 0.0, 55.402067426090696, 0.0, 0.0, 0.0, 0.0, 120.02461408658222, 101.3889961520605, 0.0, 120.00298369725684, 0.0, 4.614091222634665, 
82.44103189992234, 0.0, 101.51396365340838, 0.0, 0.0, 24.488484253799164, 0.0, 0.0, 0.0, 0.0, 0.0, 24.06749795082389, 105.4352829877766, 0.0, 125.55763518830754, 0.0, 0.0, 44.85185410835852, 0.0, 70.44616169196773, 0.0, 0.0, 0.0, 0.0, 121.23873206876634, 142.28451961418116, 0.0, 76.08021633469535, 0.0, 0.0, 
82.32393069407618, 0.0, 109.28076077451004, 0.0, 122.41581605481848, 80.2343080969788, 0.0, 18.908752725384876, 0.0, 0.0, 0.0, 742.3569932689501, 29.550960173601922, 0.0, 56.58983606552582, 0.0, 0.0, 0.0, 0.0, 52.89749267757666, 0.0, 0.0, 0.0, 0.0, 16.608227511354198, 0.0, 0.0, 19.399102423016274, 0.0, 0.0, 
0.0, 0.0, 0.0, 0.0, 0.0, 0.0, 0.0, 0.0, 0.0, 0.0, 0.0, 0.0, 0.0, 0.0, 0.0, 0.0, 0.0, 0.0, 0.0, 0.0, 0.0, 0.0, 0.0, 0.0, 0.0, 0.0, 0.0, 0.0, 0.0, 0.0, 
0.0, 0.0, 0.0, 0.0, 0.0, 0.0, 0.0, 0.0, 0.0, 0.0, 0.0, 0.0, 0.0, 0.0, 0.0, 0.0, 0.0, 0.0, 0.0, 0.0, 0.0, 0.0, 0.0, 0.0, 0.0, 0.0, 0.0, 0.0, 0.0, 0.0, 
0.0, 0.0, 0.0, 0.0, 0.0, 0.0, 0.0, 0.0, 0.0, 0.0, 0.0, 0.0, 0.0, 0.0, 0.0, 0.0, 0.0, 0.0, 0.0, 0.0, 0.0, 0.0, 0.0, 0.0, 0.0, 0.0, 0.0, 0.0, 0.0, 0.0, 
100.70401997022246, 0.0, 135.21493709899534, 0.0, 98.00565762349103, 83.84397187941056, 0.0, 23.305720484560695, 0.0, 0.0, 136.91036690305782, 0.0, 0.0, 0.0, 0.0, 0.0, 0.0, 0.0, 0.0, 0.0, 0.0, 0.0, 0.0, 0.0, 40.745541682453435, 63.8655418328149, 0.0, 137.4076398341593, 0.0, 10.985178403528007, 
0.0, 0.0, 0.0, 0.0, 0.0, 0.0, 0.0, 0.0, 0.0, 0.0, 0.0, 0.0, 0.0, 0.0, 0.0, 0.0, 0.0, 0.0, 0.0, 0.0, 0.0, 0.0, 0.0, 0.0, 0.0, 0.0, 0.0, 0.0, 0.0, 0.0, 
138.94704576325117, 0.0, 92.84192950662806, 0.0, 59.53899020511505, 54.424948450490945, 0.0, 145.75453709417874, 0.0, 0.0, 69.25502542566151, 0.0, 0.0, 0.0, 0.0, 0.0, 0.0, 0.0, 0.0, 58.49708593602675, 0.0, 0.0, 0.0, 0.0, 38.20943164180012, 138.84178989116455, 0.0, 95.32319875314971, 0.0, 72.51629368458703, 
0.0, 0.0, 0.0, 0.0, 0.0, 0.0, 0.0, 0.0, 0.0, 0.0, 0.0, 0.0, 0.0, 0.0, 0.0, 0.0, 0.0, 0.0, 0.0, 0.0, 0.0, 0.0, 0.0, 0.0, 0.0, 0.0, 0.0, 0.0, 0.0, 0.0, 
0.0, 0.0, 0.0, 0.0, 0.0, 0.0, 0.0, 0.0, 0.0, 0.0, 0.0, 0.0, 0.0, 0.0, 0.0, 0.0, 0.0, 0.0, 0.0, 0.0, 0.0, 0.0, 0.0, 0.0, 0.0, 0.0, 0.0, 0.0, 0.0, 0.0, 
0.0, 0.0, 0.0, 0.0, 0.0, 0.0, 0.0, 0.0, 0.0, 0.0, 0.0, 0.0, 0.0, 0.0, 0.0, 0.0, 0.0, 0.0, 0.0, 0.0, 0.0, 0.0, 0.0, 0.0, 0.0, 0.0, 0.0, 0.0, 0.0, 0.0, 
0.0, 0.0, 0.0, 0.0, 0.0, 0.0, 0.0, 0.0, 0.0, 0.0, 0.0, 0.0, 0.0, 0.0, 0.0, 0.0, 0.0, 0.0, 0.0, 0.0, 0.0, 0.0, 0.0, 0.0, 0.0, 0.0, 0.0, 0.0, 0.0, 0.0, 
60.573886501423544, 0.0, 0.0, 0.0, 0.0, 3.8452879852334036, 0.0, 105.58459534936719, 103.25277978877787, 0.0, 16.29517948391342, 62.875024626968404, 0.0, 0.0, 0.0, 0.0, 0.0, 0.0, 0.0, 0.0, 0.0, 0.0, 0.0, 0.0, 96.95442292870712, 32.48349013115144, 0.0, 0.0, 0.0, 12.27610728232138, 
0.0, 0.0, 12.751271936223391, 0.0, 0.0, 9.279674130223347, 0.0, 94.91780284382011, 47.20139188671983, 0.0, 125.11573043925569, 0.0, 0.0, 0.0, 0.0, 0.0, 0.0, 0.0, 0.0, 0.0, 0.0, 0.0, 0.0, 0.0, 142.9147254643873, 128.02028804504968, 0.0, 105.38740814406061, 0.0, 148.06550322185362, 
37.34124395208121, 0.0, 0.0, 0.0, 0.0, 107.24301382749236, 0.0, 43.65845266345325, 0.0, 0.0, 86.45834202100184, 72.35584724168866, 0.0, 0.0, 0.0, 0.0, 0.0, 0.0, 0.0, 0.0, 0.0, 0.0, 0.0, 0.0, 12.565831571367148, 143.34499952623287, 0.0, 25.537586314330653, 0.0, 40.84895907858774, 
109.7430876257329, 0.0, 25.47399600658579, 0.0, 100.02525949369831, 79.6982489159659, 0.0, 67.15519331357537, 41.280098465960705, 0.0, 98.33171300730116, 82.80019253616524, 16.663485775221233, 0.0, 78.92468760910819, 0.0, 0.0, 0.0, 0.0, 29.030319437034645, 0.0, 0.0, 0.0, 0.0, 0.0, 0.0, 0.0, 57.763094415231535, 0.0, 0.0, 
0.0, 0.0, 0.0, 0.0, 0.0, 0.0, 0.0, 0.0, 0.0, 0.0, 0.0, 0.0, 0.0, 0.0, 0.0, 0.0, 0.0, 0.0, 0.0, 0.0, 0.0, 0.0, 0.0, 0.0, 0.0, 0.0, 0.0, 0.0, 0.0, 0.0, 
104.36683283995455, 0.0, 10.83054425116849, 0.0, 14.245593102041992, 25.285038291889492, 0.0, 64.6583909710204, 54.23396044251838, 0.0, 0.0, 12.103204509973892, 47.74024413682988, 0.0, 88.4809884728713, 0.0, 0.0, 0.0, 0.0, 100.55073087638432, 0.0, 0.0, 0.0, 0.0, 0.0, 0.0, 0.0, 57.89033094935999, 0.0, 110.99721192932444, 
94.17954635860292, 0.0, 126.13566831114413, 0.0, 101.07476148837058, 70.99212261394527, 0.0, 96.84898783227904, 74.77366582223044, 0.0, 52.83121990752434, 64.08093364134561, 59.57605660720292, 0.0, 42.52367171143186, 0.0, 0.0, 96.22330036229137, 0.0, 17.6935735282408, 0.0, 0.0, 0.0, 0.0, 0.0, 0.0, 0.0, 47.47351624898931, 0.0, 20.188991846410282, 
0.0, 0.0, 0.0, 0.0, 148.68950724282453, 85.31372536713947, 0.0, 42.90511611929406, 136.18739064140172, 0.0, 0.0, 103.98179514435577, 117.30760036820227, 0.0, 0.0, 0.0, 0.0, 17.799817343211114, 0.0, 130.09439539363512, 0.0, 0.0, 0.0, 0.0, 0.0, 0.0, 0.0, 0.0, 0.0, 118.20506129994172, 
666.2513883718525, 0.0, 146.45367666965126, 0.0, 0.0, 0.0, 0.0, 0.0, 124.6332673633268, 0.0, 92.10603891568937, 0.0, 0.0, 0.0, 0.0, 0.0, 0.0, 0.0, 0.0, 115.89709666878672, 0.0, 0.0, 0.0, 0.0, 29.71782912111925, 0.0, 0.0, 1.3850521348946654, 0.0, 89.2600024094229, 
99.95144023072223, 0.0, 38.97104665088713, 0.0, 0.0, 122.99217376483693, 0.0, 17.303743051206528, 0.0, 0.0, 0.0, 85.27248424851807, 125.77524776634226, 0.0, 32.12899531220352, 0.0, 0.0, 86.8632539463622, 0.0, 105.42622350602508, 0.0, 0.0, 0.0, 0.0, 30.612447629965438, 0.0, 0.0, 0.0, 0.0, 0.0, 
