0.0, 0.0, 0.0, 0.0, 0.0, 0.0, 0.0, 0.0, 0.0, 0.0, 0.0, 0.0, 0.0, 0.0, 0.0, 0.0, 0.0, 0.0, 0.0, 0.0, 0.0, 0.0, 0.0, 0.0, 0.0, 0.0, 0.0, 0.0, 0.0, 0.0, 
0.0, 0.0, 0.0, 0.0, 0.0, 0.0, 0.0, 2.4578519299910844, 79.23998934908616, 0.0, 137.59718100854693, 90.21935460595317, 168.71830884796074, 0.0, 0.0, 0.0, 0.0, 4.904133013497919, 0.0, 148.68941656663264, 0.0, 0.0, 0.0, 0.0, 0.43026532821938146, 0.23602080536826447, 0.0, 121.83494902225262, 0.0, 123.95693529468606, 
0.0, 0.0, 0.0, 0.0, 0.0, 0.0, 0.0, 0.0, 0.0, 0.0, 0.0, 0.0, 0.0, 0.0, 0.0, 0.0, 0.0, 0.0, 0.0, 0.0, 0.0, 0.0, 0.0, 0.0, 0.0, 0.0, 0.0, 0.0, 0.0, 0.0, 
0.0, 0.0, 0.0, 0.0, 0.0, 0.0, 0.0, 51.51000356189991, 8.434596683211677, 0.0, 13.233437241256228, 6.592585351940066, 19.175805355999337, 0.0, 0.0, 0.0, 0.0, 83.2154498495261, 0.0, 245.82230265047505, 0.0, 0.0, 0.0, 0.0, 0.0, 303.15891948458045, 0.0, 1.0636413999948882, 0.0, 11.212443208259216, 
0.0, 0.0, 0.0, 0.0, 0.0, 0.0, 0.0, 44.64709699344519, 11.441136041056907, 0.0, 18.459971052757158, 27.039698925122376, 21.316378752735524, 0.0, 10.907970459841843, 0.0, 0.0, 0.39341971149967514, 0.0, 7.4775587973541695, 0.0, 0.0, 0.0, 0.0, 58.31875326679592, 9.893805920197476, 0.0, 0.0, 0.0, 16.215057852381698, 
0.0, 0.0, 0.0, 0.0, 0.0, 0.0, 0.0, 0.0, 0.0, 0.0, 0.0, 0.0, 0.0, 0.0, 0.0, 0.0, 0.0, 0.0, 0.0, 0.0, 0.0, 0.0, 0.0, 0.0, 0.0, 0.0, 0.0, 0.0, 0.0, 0.0, 
0.0, 0.0, 0.0, 0.0, 0.0, 0.0, 0.0, 212.43209129361523, 84.20832324070771, 0.0, 70.83925409733926, 97.719511718538, 123.72734428740381, 0.0, 66.13698308152826, 0.0, 0.0, 0.0, 0.0, 104.90455936409742, 0.0, 0.0, 0.0, 0.0, 865.6756709155009, 186.6912254617062, 0.0, 35.55038816011409, 0.0, 91.76174527352991, 
2.9008665151171202, 0.0, 3.965502070372718, 0.0, 0.0, 114.91970117458011, 0.0, 0.0, 202.98837000678554, 0.0, 241.78841834377084, 78.83725806569782, 285.22895353008346, 0.0, 0.0, 0.0, 0.0, 0.68959774977872, 0.0, 65.31368363429414, 0.0, 0.0, 0.0, 0.0, 2.3381061707024537, 2.121559835146632, 0.0, 28.974505115674326, 0.0, 272.6433034351459, 
361.41402147765746, 0.0, 2.361379009312521, 0.0, 0.0, 317.21696130442155, 0.0, 0.0, 0.0, 0.0, 0.0, 188.76504491322186, 71.67841432975803, 0.0, 50.54645448751508, 0.0, 0.0, 0.43509050305852404, 0.0, 9.093688463487899, 0.0, 0.0, 0.0, 0.0, 363.7992789173698, 127.31473625451906, 0.0, 67.22575550572934, 0.0, 0.0, 
334.51518050787365, 0.0, 0.9579700480920059, 0.0, 10.289083119646499, 146.94409030860277, 0.0, 187.93486549410468, 0.0, 0.0, 0.0, 105.19857773063961, 1025.8717698018115, 0.0, 446.6314331387614, 0.0, 0.0, 0.0, 0.0, 3.9498617767816464, 0.0, 0.0, 0.0, 0.0, 159.9947624305491, 0.0, 0.0, 14.674501351912523, 0.0, 0.0, 
0.0, 0.0, 0.0, 0.0, 0.0, 0.0, 0.0, 0.0, 0.0, 0.0, 0.0, 0.0, 0.0, 0.0, 0.0, 0.0, 0.0, 0.0, 0.0, 0.0, 0.0, 0.0, 0.0, 0.0, 0.0, 0.0, 0.0, 0.0, 0.0, 0.0, 
0.0, 0.0, 0.0, 0.0, 0.0, 0.0, 0.0, 0.0, 0.0, 0.0, 0.0, 0.0, 0.0, 0.0, 0.0, 0.0, 0.0, 0.0, 0.0, 0.0, 0.0, 0.0, 0.0, 0.0, 0.0, 0.0, 0.0, 0.0, 0.0, 0.0, 
0.0, 0.0, 0.0, 0.0, 0.0, 0.0, 0.0, 0.0, 0.0, 0.0, 0.0, 0.0, 0.0, 0.0, 0.0, 0.0, 0.0, 0.0, 0.0, 0.0, 0.0, 0.0, 0.0, 0.0, 0.0, 0.0, 0.0, 0.0, 0.0, 0.0, 
1.2974579797871149, 0.0, 2.5954139562283842, 0.0, 0.4330314746468965, 380.66856793175555, 0.0, 380.5047257566808, 0.0, 0.0, 321.444434170532, 0.0, 0.0, 0.0, 0.0, 0.0, 0.0, 0.0, 0.0, 0.0, 0.0, 0.0, 0.0, 0.0, 98.6243636566113, 0.8415623282850234, 0.0, 6.588854302835368, 0.0, 652.0023987321485, 
0.0, 0.0, 0.0, 0.0, 0.0, 0.0, 0.0, 0.0, 0.0, 0.0, 0.0, 0.0, 0.0, 0.0, 0.0, 0.0, 0.0, 0.0, 0.0, 0.0, 0.0, 0.0, 0.0, 0.0, 0.0, 0.0, 0.0, 0.0, 0.0, 0.0, 
0.1046975432591826, 0.0, 0.9890334748102735, 0.0, 0.34993703871235393, 162.53254295874592, 0.0, 72.76840746366727, 0.0, 0.0, 143.33032075246606, 0.0, 0.0, 0.0, 0.0, 0.0, 0.0, 0.0, 0.0, 7.189231553259025, 0.0, 0.0, 0.0, 0.0, 102.91949092658392, 1.1126514289023812, 0.0, 1.0958975512903901, 0.0, 138.16063134397453, 
0.0, 0.0, 0.0, 0.0, 0.0, 0.0, 0.0, 0.0, 0.0, 0.0, 0.0, 0.0, 0.0, 0.0, 0.0, 0.0, 0.0, 0.0, 0.0, 0.0, 0.0, 0.0, 0.0, 0.0, 0.0, 0.0, 0.0, 0.0, 0.0, 0.0, 
0.0, 0.0, 0.0, 0.0, 0.0, 0.0, 0.0, 0.0, 0.0, 0.0, 0.0, 0.0, 0.0, 0.0, 0.0, 0.0, 0.0, 0.0, 0.0, 0.0, 0.0, 0.0, 0.0, 0.0, 0.0, 0.0, 0.0, 0.0, 0.0, 0.0, 
0.0, 0.0, 0.0, 0.0, 0.0, 0.0, 0.0, 0.0, 0.0, 0.0, 0.0, 0.0, 0.0, 0.0, 0.0, 0.0, 0.0, 0.0, 0.0, 0.0, 0.0, 0.0, 0.0, 0.0, 0.0, 0.0, 0.0, 0.0, 0.0, 0.0, 
0.0, 0.0, 0.0, 0.0, 0.0, 0.0, 0.0, 0.0, 0.0, 0.0, 0.0, 0.0, 0.0, 0.0, 0.0, 0.0, 0.0, 0.0, 0.0, 0.0, 0.0, 0.0, 0.0, 0.0, 0.0, 0.0, 0.0, 0.0, 0.0, 0.0, 
0.6080147355790442, 0.0, 0.0, 0.0, 0.0, 110.23444248745183, 0.0, 12.95940376640472, 60.24016309207085, 0.0, 68.44619705368957, 33.89777834614276, 0.0, 0.0, 0.0, 0.0, 0.0, 0.0, 0.0, 0.0, 0.0, 0.0, 0.0, 0.0, 170.48979689787288, 1.0948111508848495, 0.0, 0.0, 0.0, 53.85786443985084, 
0.0, 0.0, 462.81635298772704, 0.0, 0.0, 116.34138964283696, 0.0, 78.88815284303243, 60.90580624112768, 0.0, 41.49121357278149, 0.0, 0.0, 0.0, 0.0, 0.0, 0.0, 0.0, 0.0, 0.0, 0.0, 0.0, 0.0, 0.0, 174.51837549493857, 1.8589129174885035, 0.0, 9.096808552697853, 0.0, 140.5313251742346, 
395.75744954874915, 0.0, 0.0, 0.0, 0.0, 158.71805757416308, 0.0, 89.93727858908272, 0.0, 0.0, 63.878182813838656, 53.39738013484853, 0.0, 0.0, 0.0, 0.0, 0.0, 0.0, 0.0, 0.0, 0.0, 0.0, 0.0, 0.0, 737.3693381390988, 152.24359196045327, 0.0, 7.482419636926069, 0.0, 204.9252111149466, 
21.724328874519994, 0.0, 338.59615101217287, 0.0, 260.70922183407873, 8.132953564519296, 0.0, 137.78001469395468, 3.0482926960907877, 0.0, 6.954751376929648, 6.107904138709681, 79.51755341667713, 0.0, 41.953787980432416, 0.0, 0.0, 0.0, 0.0, 161.6828962193878, 0.0, 0.0, 0.0, 0.0, 0.0, 0.0, 0.0, 0.06920214599551416, 0.0, 0.0, 
0.0, 0.0, 0.0, 0.0, 0.0, 0.0, 0.0, 0.0, 0.0, 0.0, 0.0, 0.0, 0.0, 0.0, 0.0, 0.0, 0.0, 0.0, 0.0, 0.0, 0.0, 0.0, 0.0, 0.0, 0.0, 0.0, 0.0, 0.0, 0.0, 0.0, 
0.1728948659843607, 0.0, 0.179872671925277, 0.0, 0.03660128383341528, 0.19752382995606457, 0.0, 0.03702260247658075, 1081.7452508196357, 0.0, 0.0, 0.04333042569523242, 0.1285974574681187, 0.0, 0.12679368393759283, 0.0, 0.0, 0.0, 0.0, 0.003668310816354353, 0.0, 0.0, 0.0, 0.0, 0.0, 0.0, 0.0, 20.71971840484996, 0.0, 0.03636265126804629, 
187.99181169249093, 0.0, 446.69820869049664, 0.0, 151.28065183891516, 258.7363612322523, 0.0, 346.36874090943337, 114.55049471235533, 0.0, 27.58143287028111, 23.15588996340702, 55.64935074094206, 0.0, 114.38590320970036, 0.0, 0.0, 60.42548256901236, 0.0, 446.5020414448031, 0.0, 0.0, 0.0, 0.0, 0.0, 0.0, 0.0, 160.02810824685685, 0.0, 71.78780403911621, 
0.0, 0.0, 0.0, 0.0, 1.0152292263579443, 0.4453203341468042, 0.0, 120.5173866475351, 48.46402640865181, 0.0, 0.0, 26.373593826377856, 21.057831934362465, 0.0, 0.0, 0.0, 0.0, 208.01374262563536, 0.0, 21.821064640490352, 0.0, 0.0, 0.0, 0.0, 0.0, 0.0, 0.0, 0.0, 0.0, 72.34742335288628, 
0.602859929300946, 0.0, 311.99005256418144, 0.0, 0.0, 0.0, 0.0, 0.0, 126.29896744521139, 0.0, 338.43387807814725, 0.0, 0.0, 0.0, 0.0, 0.0, 0.0, 0.0, 0.0, 4.209126798348197, 0.0, 0.0, 0.0, 0.0, 433.0644739200278, 0.0, 0.0, 0.6324760893845822, 0.0, 2460.090778493196, 
213.15614846057323, 0.0, 1.5977668126391629, 0.0, 0.0, 124.13432202274383, 0.0, 41.07483250044084, 0.0, 0.0, 0.0, 35.25424078635774, 177.64287586378407, 0.0, 101.98308837168555, 0.0, 0.0, 2.2437118031331904, 0.0, 12.953884694704128, 0.0, 0.0, 0.0, 0.0, 257.81150605726435, 0.0, 0.0, 0.0, 0.0, 0.0, 
