0.0, 0.0, 0.0, 0.0, 0.0, 0.0, 0.0, 0.0, 0.0, 0.0, 0.0, 0.0, 0.0, 0.0, 0.0, 0.0, 0.0, 0.0, 0.0, 0.0, 0.0, 0.0, 0.0, 0.0, 0.0, 0.0, 0.0, 0.0, 0.0, 0.0, 
0.0, 0.0, 0.0, 0.0, 0.0, 0.0, 0.0, 27.245890431628986, 110.59340234933251, 0.0, 60.33103114637137, 47.779981657764765, 64.85439743949, 0.0, 0.0, 0.0, 0.0, 1.5322769178809263, 0.0, 202.69138719825793, 0.0, 0.0, 0.0, 0.0, 43.625848999931655, 87.71669130069337, 0.0, 75.39092270477047, 0.0, 17.25907231544722, 
0.0, 0.0, 0.0, 0.0, 0.0, 0.0, 0.0, 0.0, 0.0, 0.0, 0.0, 0.0, 0.0, 0.0, 0.0, 0.0, 0.0, 0.0, 0.0, 0.0, 0.0, 0.0, 0.0, 0.0, 0.0, 0.0, 0.0, 0.0, 0.0, 0.0, 
0.0, 0.0, 0.0, 0.0, 0.0, 0.0, 0.0, 58.69517768576158, 100.05040897583586, 0.0, 5.330956629431773, 11.239199376669076, 25.411457797891273, 0.0, 0.0, 0.0, 0.0, 86.37601005819982, 0.0, 78.48504434406397, 0.0, 0.0, 0.0, 0.0, 0.0, 196.07461324796094, 0.0, 71.24658131540377, 0.0, 94.11818909067122, 
0.0, 0.0, 0.0, 0.0, 0.0, 0.0, 0.0, 53.18642708566634, 14.720566152125182, 0.0, 73.6703214543203, 60.36002524507641, 49.19369563012589, 0.0, 18.50836842694687, 0.0, 0.0, 40.51686771568149, 0.0, 35.74138823422651, 0.0, 0.0, 0.0, 0.0, 68.93416068190645, 82.16575505833919, 0.0, 0.0, 0.0, 41.575679438974035, 
0.0, 0.0, 0.0, 0.0, 0.0, 0.0, 0.0, 0.0, 0.0, 0.0, 0.0, 0.0, 0.0, 0.0, 0.0, 0.0, 0.0, 0.0, 0.0, 0.0, 0.0, 0.0, 0.0, 0.0, 0.0, 0.0, 0.0, 0.0, 0.0, 0.0, 
0.0, 0.0, 0.0, 0.0, 0.0, 0.0, 0.0, 298.36488407934064, 182.73371950755833, 0.0, 97.2907903205683, 39.48730421869925, 94.04486768374606, 0.0, 187.48056460488175, 0.0, 0.0, 0.0, 0.0, 26.282771327418207, 0.0, 0.0, 0.0, 0.0, 745.2543794191914, 170.0899830696298, 0.0, 4.597667362818993, 0.0, 297.9524078947752, 
72.50351112671336, 0.0, 40.649732506148986, 0.0, 0.0, 144.84548863297053, 0.0, 0.0, 51.498604717567474, 0.0, 76.68984265646563, 36.21234139964785, 234.2067550051082, 0.0, 0.0, 0.0, 0.0, 16.56419433986025, 0.0, 108.36773294539913, 0.0, 0.0, 0.0, 0.0, 22.819763765950846, 25.826516413570324, 0.0, 20.892568116087702, 0.0, 255.99727917826397, 
303.68349623674465, 0.0, 142.24577111098455, 0.0, 0.0, 385.69335697613025, 0.0, 0.0, 0.0, 0.0, 0.0, 15.645424030466089, 80.96874958907296, 0.0, 41.02411141225207, 0.0, 0.0, 10.077330004618378, 0.0, 50.93925060045991, 0.0, 0.0, 0.0, 0.0, 397.876118275817, 80.13085483878959, 0.0, 29.03072862545584, 0.0, 0.0, 
231.98330525318184, 0.0, 63.15109363082658, 0.0, 26.658652026474257, 202.00006274088454, 0.0, 179.29561610518869, 0.0, 0.0, 0.0, 113.26863948094083, 936.8364870258453, 0.0, 400.01413879395574, 0.0, 0.0, 0.0, 0.0, 27.135168857076827, 0.0, 0.0, 0.0, 0.0, 236.6612667657875, 0.0, 0.0, 4.631695571262955, 0.0, 0.0, 
0.0, 0.0, 0.0, 0.0, 0.0, 0.0, 0.0, 0.0, 0.0, 0.0, 0.0, 0.0, 0.0, 0.0, 0.0, 0.0, 0.0, 0.0, 0.0, 0.0, 0.0, 0.0, 0.0, 0.0, 0.0, 0.0, 0.0, 0.0, 0.0, 0.0, 
0.0, 0.0, 0.0, 0.0, 0.0, 0.0, 0.0, 0.0, 0.0, 0.0, 0.0, 0.0, 0.0, 0.0, 0.0, 0.0, 0.0, 0.0, 0.0, 0.0, 0.0, 0.0, 0.0, 0.0, 0.0, 0.0, 0.0, 0.0, 0.0, 0.0, 
0.0, 0.0, 0.0, 0.0, 0.0, 0.0, 0.0, 0.0, 0.0, 0.0, 0.0, 0.0, 0.0, 0.0, 0.0, 0.0, 0.0, 0.0, 0.0, 0.0, 0.0, 0.0, 0.0, 0.0, 0.0, 0.0, 0.0, 0.0, 0.0, 0.0, 
1.4292739379185555, 0.0, 91.37143260298296, 0.0, 18.99291822690634, 264.5303742553368, 0.0, 529.7813059601298, 0.0, 0.0, 89.34420824572712, 0.0, 0.0, 0.0, 0.0, 0.0, 0.0, 0.0, 0.0, 0.0, 0.0, 0.0, 0.0, 0.0, 24.539024432873706, 5.562007901073659, 0.0, 38.24179627856594, 0.0, 670.8658036547274, 
0.0, 0.0, 0.0, 0.0, 0.0, 0.0, 0.0, 0.0, 0.0, 0.0, 0.0, 0.0, 0.0, 0.0, 0.0, 0.0, 0.0, 0.0, 0.0, 0.0, 0.0, 0.0, 0.0, 0.0, 0.0, 0.0, 0.0, 0.0, 0.0, 0.0, 
31.22169304261268, 0.0, 10.336096195232228, 0.0, 14.670022604036138, 59.39013228948425, 0.0, 55.45563941282013, 0.0, 0.0, 54.2615250818738, 0.0, 0.0, 0.0, 0.0, 0.0, 0.0, 0.0, 0.0, 45.07904501479184, 0.0, 0.0, 0.0, 0.0, 131.51716361773592, 8.996606477572094, 0.0, 63.15290862823745, 0.0, 187.0747034017519, 
0.0, 0.0, 0.0, 0.0, 0.0, 0.0, 0.0, 0.0, 0.0, 0.0, 0.0, 0.0, 0.0, 0.0, 0.0, 0.0, 0.0, 0.0, 0.0, 0.0, 0.0, 0.0, 0.0, 0.0, 0.0, 0.0, 0.0, 0.0, 0.0, 0.0, 
0.0, 0.0, 0.0, 0.0, 0.0, 0.0, 0.0, 0.0, 0.0, 0.0, 0.0, 0.0, 0.0, 0.0, 0.0, 0.0, 0.0, 0.0, 0.0, 0.0, 0.0, 0.0, 0.0, 0.0, 0.0, 0.0, 0.0, 0.0, 0.0, 0.0, 
0.0, 0.0, 0.0, 0.0, 0.0, 0.0, 0.0, 0.0, 0.0, 0.0, 0.0, 0.0, 0.0, 0.0, 0.0, 0.0, 0.0, 0.0, 0.0, 0.0, 0.0, 0.0, 0.0, 0.0, 0.0, 0.0, 0.0, 0.0, 0.0, 0.0, 
0.0, 0.0, 0.0, 0.0, 0.0, 0.0, 0.0, 0.0, 0.0, 0.0, 0.0, 0.0, 0.0, 0.0, 0.0, 0.0, 0.0, 0.0, 0.0, 0.0, 0.0, 0.0, 0.0, 0.0, 0.0, 0.0, 0.0, 0.0, 0.0, 0.0, 
77.97165163062994, 0.0, 0.0, 0.0, 0.0, 217.15371167415043, 0.0, 21.262783462337183, 22.355538369237657, 0.0, 5.760009546294, 68.67097624798654, 0.0, 0.0, 0.0, 0.0, 0.0, 0.0, 0.0, 0.0, 0.0, 0.0, 0.0, 0.0, 174.5626118818546, 6.560966150753942, 0.0, 0.0, 0.0, 32.520405517624575, 
0.0, 0.0, 393.6628099682125, 0.0, 0.0, 20.16768353348381, 0.0, 62.00070260585309, 103.73130976808115, 0.0, 57.45078621162805, 0.0, 0.0, 0.0, 0.0, 0.0, 0.0, 0.0, 0.0, 0.0, 0.0, 0.0, 0.0, 0.0, 281.96154699273796, 39.015271107133046, 0.0, 18.698703501949343, 0.0, 108.51011722820728, 
297.5150568969461, 0.0, 0.0, 0.0, 0.0, 130.07586040811637, 0.0, 105.2214848310818, 0.0, 0.0, 46.610880721699736, 64.78086768797246, 0.0, 0.0, 0.0, 0.0, 0.0, 0.0, 0.0, 0.0, 0.0, 0.0, 0.0, 0.0, 537.2548225632023, 180.1809757418735, 0.0, 118.47161156389053, 0.0, 280.5174749583641, 
149.12362369297668, 0.0, 112.126628855421, 0.0, 131.88474492437126, 3.5848996092840935, 0.0, 6.102933013723618, 74.47497668513205, 0.0, 110.47525045485692, 38.40223558373474, 42.347714755928735, 0.0, 76.62048794991308, 0.0, 0.0, 0.0, 0.0, 301.4422578932681, 0.0, 0.0, 0.0, 0.0, 0.0, 0.0, 0.0, 21.443258750337368, 0.0, 0.0, 
0.0, 0.0, 0.0, 0.0, 0.0, 0.0, 0.0, 0.0, 0.0, 0.0, 0.0, 0.0, 0.0, 0.0, 0.0, 0.0, 0.0, 0.0, 0.0, 0.0, 0.0, 0.0, 0.0, 0.0, 0.0, 0.0, 0.0, 0.0, 0.0, 0.0, 
42.787585854850384, 0.0, 21.363183876180543, 0.0, 53.49355367240999, 29.774930673645787, 0.0, 47.63515219062501, 655.7405665252575, 0.0, 0.0, 35.231972707866476, 4.314536434640196, 0.0, 5.129650934707392, 0.0, 0.0, 0.0, 0.0, 9.318590910306142, 0.0, 0.0, 0.0, 0.0, 0.0, 0.0, 0.0, 7.337234347317228, 0.0, 16.685583767243386, 
331.45380051744826, 0.0, 411.0847867201228, 0.0, 42.910664966036535, 266.98935545953, 0.0, 279.1136514132913, 122.4289848082891, 0.0, 98.06091487627151, 82.6872031061965, 206.54247789487178, 0.0, 144.86634458408668, 0.0, 0.0, 153.7638051187734, 0.0, 102.56281204825093, 0.0, 0.0, 0.0, 0.0, 0.0, 0.0, 0.0, 180.83935267416163, 0.0, 371.72300904128673, 
0.0, 0.0, 0.0, 0.0, 28.386883013548456, 114.97497173209678, 0.0, 69.85824835757484, 137.31270226073184, 0.0, 0.0, 42.40138607357941, 29.793171303828267, 0.0, 0.0, 0.0, 0.0, 188.09350088227006, 0.0, 13.950250557059174, 0.0, 0.0, 0.0, 0.0, 0.0, 0.0, 0.0, 0.0, 0.0, 53.63040256967216, 
38.90984937381186, 0.0, 269.98510107206334, 0.0, 0.0, 0.0, 0.0, 0.0, 240.2861442827857, 0.0, 445.9697064433217, 0.0, 0.0, 0.0, 0.0, 0.0, 0.0, 0.0, 0.0, 122.25438131896905, 0.0, 0.0, 0.0, 0.0, 121.55809057990282, 0.0, 0.0, 35.1924313534426, 0.0, 5794.8521186018415, 
75.42127346086025, 0.0, 26.19773094310515, 0.0, 0.0, 224.62572969368034, 0.0, 115.61546028503662, 0.0, 0.0, 0.0, 144.10200642542975, 92.60967225221552, 0.0, 52.565392827899885, 0.0, 0.0, 1.288566604297877, 0.0, 83.92646284309956, 0.0, 0.0, 0.0, 0.0, 147.9404716973964, 0.0, 0.0, 0.0, 0.0, 0.0, 
