0.0, 0.0, 0.0, 0.0, 0.0, 0.0, 0.0, 0.0, 0.0, 0.0, 0.0, 0.0, 0.0, 0.0, 0.0, 0.0, 0.0, 0.0, 0.0, 0.0, 0.0, 0.0, 0.0, 0.0, 0.0, 0.0, 0.0, 0.0, 0.0, 0.0, 
0.0, 0.0, 0.0, 0.0, 0.0, 0.0, 0.0, 0.7198418272369553, 126.32771056054753, 0.0, 31.172717945454167, 49.02258210749966, 157.38764898672807, 0.0, 0.0, 0.0, 0.0, 1.1552545977659268, 0.0, 189.09632823627146, 0.0, 0.0, 0.0, 0.0, 140.03204934717863, 0.3763676850897316, 0.0, 101.14462841780815, 0.0, 74.77001456145095, 
0.0, 0.0, 0.0, 0.0, 0.0, 0.0, 0.0, 0.0, 0.0, 0.0, 0.0, 0.0, 0.0, 0.0, 0.0, 0.0, 0.0, 0.0, 0.0, 0.0, 0.0, 0.0, 0.0, 0.0, 0.0, 0.0, 0.0, 0.0, 0.0, 0.0, 
0.0, 0.0, 0.0, 0.0, 0.0, 0.0, 0.0, 21.092255652115465, 3.608808375078974, 0.0, 23.207726697741375, 25.536324685172293, 31.807353762643135, 0.0, 0.0, 0.0, 0.0, 45.059070249857726, 0.0, 121.2888095451212, 0.0, 0.0, 0.0, 0.0, 0.0, 439.38658211309496, 0.0, 0.14635768084622497, 0.0, 27.887850543831476, 
0.0, 0.0, 0.0, 0.0, 0.0, 0.0, 0.0, 40.30862441769748, 0.9152841194939536, 0.0, 18.032769234705405, 31.371409282604528, 43.68395503382589, 0.0, 0.3389114874521639, 0.0, 0.0, 0.5427982997721712, 0.0, 1.2708616601642215, 0.0, 0.0, 0.0, 0.0, 70.11001652220664, 23.763038962597015, 0.0, 0.0, 0.0, 4.221044471962456, 
0.0, 0.0, 0.0, 0.0, 0.0, 0.0, 0.0, 0.0, 0.0, 0.0, 0.0, 0.0, 0.0, 0.0, 0.0, 0.0, 0.0, 0.0, 0.0, 0.0, 0.0, 0.0, 0.0, 0.0, 0.0, 0.0, 0.0, 0.0, 0.0, 0.0, 
0.0, 0.0, 0.0, 0.0, 0.0, 0.0, 0.0, 35.971229846240234, 538.1772256966046, 0.0, 63.92484758442708, 30.710556105790374, 78.33008426038435, 0.0, 26.5648269901417, 0.0, 0.0, 0.0, 0.0, 116.47270707369864, 0.0, 0.0, 0.0, 0.0, 959.5012969930078, 50.264181589262925, 0.0, 30.427187441299026, 0.0, 4.0271866064035855, 
139.00734536461013, 0.0, 28.42087694232303, 0.0, 0.0, 15.12643473331461, 0.0, 0.0, 106.5584195167308, 0.0, 205.6428210082799, 159.8059765196489, 161.32318229298227, 0.0, 0.0, 0.0, 0.0, 0.473417716811753, 0.0, 136.08286027541604, 0.0, 0.0, 0.0, 0.0, 6.839289081087744, 0.4619096244565354, 0.0, 29.197922123297953, 0.0, 307.23384795364564, 
262.5584477627595, 0.0, 2.2623828197492943, 0.0, 0.0, 193.85360453999934, 0.0, 0.0, 0.0, 0.0, 0.0, 160.9329615577252, 119.39931911577445, 0.0, 10.80030819648561, 0.0, 0.0, 0.65521687121064, 0.0, 225.13685920693348, 0.0, 0.0, 0.0, 0.0, 266.51583131406323, 132.8195171314544, 0.0, 34.82785248911032, 0.0, 0.0, 
174.0332038007124, 0.0, 5.930404677071048, 0.0, 1.0224316576679058, 379.8442103701755, 0.0, 23.92543679756494, 0.0, 0.0, 0.0, 51.51738190228613, 1001.6728477654324, 0.0, 499.88655942306156, 0.0, 0.0, 0.0, 0.0, 0.9926300261910586, 0.0, 0.0, 0.0, 0.0, 322.4880261141684, 0.0, 0.0, 3.6700861321533775, 0.0, 0.0, 
0.0, 0.0, 0.0, 0.0, 0.0, 0.0, 0.0, 0.0, 0.0, 0.0, 0.0, 0.0, 0.0, 0.0, 0.0, 0.0, 0.0, 0.0, 0.0, 0.0, 0.0, 0.0, 0.0, 0.0, 0.0, 0.0, 0.0, 0.0, 0.0, 0.0, 
0.0, 0.0, 0.0, 0.0, 0.0, 0.0, 0.0, 0.0, 0.0, 0.0, 0.0, 0.0, 0.0, 0.0, 0.0, 0.0, 0.0, 0.0, 0.0, 0.0, 0.0, 0.0, 0.0, 0.0, 0.0, 0.0, 0.0, 0.0, 0.0, 0.0, 
0.0, 0.0, 0.0, 0.0, 0.0, 0.0, 0.0, 0.0, 0.0, 0.0, 0.0, 0.0, 0.0, 0.0, 0.0, 0.0, 0.0, 0.0, 0.0, 0.0, 0.0, 0.0, 0.0, 0.0, 0.0, 0.0, 0.0, 0.0, 0.0, 0.0, 
0.7427669768813332, 0.0, 23.46401607156768, 0.0, 1.5631113080280385, 329.2824290683156, 0.0, 572.0130422520944, 0.0, 0.0, 620.2984809099265, 0.0, 0.0, 0.0, 0.0, 0.0, 0.0, 0.0, 0.0, 0.0, 0.0, 0.0, 0.0, 0.0, 142.54057329420326, 0.42282487010645153, 0.0, 19.950460812413475, 0.0, 132.43716744337652, 
0.0, 0.0, 0.0, 0.0, 0.0, 0.0, 0.0, 0.0, 0.0, 0.0, 0.0, 0.0, 0.0, 0.0, 0.0, 0.0, 0.0, 0.0, 0.0, 0.0, 0.0, 0.0, 0.0, 0.0, 0.0, 0.0, 0.0, 0.0, 0.0, 0.0, 
0.24424933832203752, 0.0, 0.7615032850175563, 0.0, 0.9093589713307484, 161.30375144991874, 0.0, 137.01951851140973, 0.0, 0.0, 110.10160751827861, 0.0, 0.0, 0.0, 0.0, 0.0, 0.0, 0.0, 0.0, 0.4271935715642806, 0.0, 0.0, 0.0, 0.0, 94.72638235794587, 0.20268321569647396, 0.0, 0.4662881898618331, 0.0, 153.92539904710483, 
0.0, 0.0, 0.0, 0.0, 0.0, 0.0, 0.0, 0.0, 0.0, 0.0, 0.0, 0.0, 0.0, 0.0, 0.0, 0.0, 0.0, 0.0, 0.0, 0.0, 0.0, 0.0, 0.0, 0.0, 0.0, 0.0, 0.0, 0.0, 0.0, 0.0, 
0.0, 0.0, 0.0, 0.0, 0.0, 0.0, 0.0, 0.0, 0.0, 0.0, 0.0, 0.0, 0.0, 0.0, 0.0, 0.0, 0.0, 0.0, 0.0, 0.0, 0.0, 0.0, 0.0, 0.0, 0.0, 0.0, 0.0, 0.0, 0.0, 0.0, 
0.0, 0.0, 0.0, 0.0, 0.0, 0.0, 0.0, 0.0, 0.0, 0.0, 0.0, 0.0, 0.0, 0.0, 0.0, 0.0, 0.0, 0.0, 0.0, 0.0, 0.0, 0.0, 0.0, 0.0, 0.0, 0.0, 0.0, 0.0, 0.0, 0.0, 
0.0, 0.0, 0.0, 0.0, 0.0, 0.0, 0.0, 0.0, 0.0, 0.0, 0.0, 0.0, 0.0, 0.0, 0.0, 0.0, 0.0, 0.0, 0.0, 0.0, 0.0, 0.0, 0.0, 0.0, 0.0, 0.0, 0.0, 0.0, 0.0, 0.0, 
0.26803627356526294, 0.0, 0.0, 0.0, 0.0, 102.5810136491874, 0.0, 73.30956617912196, 1.9537582779417544, 0.0, 37.370259892288765, 7.694055278770142, 0.0, 0.0, 0.0, 0.0, 0.0, 0.0, 0.0, 0.0, 0.0, 0.0, 0.0, 0.0, 283.5564127465374, 0.4994293598641954, 0.0, 0.0, 0.0, 3.878452036302477, 
0.0, 0.0, 584.1703254996888, 0.0, 0.0, 66.26519919261146, 0.0, 74.22536784570649, 66.83355106892482, 0.0, 57.108046551147694, 0.0, 0.0, 0.0, 0.0, 0.0, 0.0, 0.0, 0.0, 0.0, 0.0, 0.0, 0.0, 0.0, 102.69957632912781, 0.17194604014388337, 0.0, 5.778434467581176, 0.0, 128.7877272178296, 
475.4438153028933, 0.0, 0.0, 0.0, 0.0, 169.90304773789816, 0.0, 111.17809108517915, 0.0, 0.0, 10.46744705978163, 10.26588926879937, 0.0, 0.0, 0.0, 0.0, 0.0, 0.0, 0.0, 0.0, 0.0, 0.0, 0.0, 0.0, 561.4342671883762, 162.86166489317594, 0.0, 5.56344268483138, 0.0, 347.9285441380673, 
186.11184087329167, 0.0, 270.8791088208377, 0.0, 144.32177287844894, 68.38776610402931, 0.0, 36.4470178782827, 2.992223558453187, 0.0, 4.504378626186283, 33.58034263422462, 15.276633124063597, 0.0, 88.43536406858256, 0.0, 0.0, 0.0, 0.0, 192.1032525026449, 0.0, 0.0, 0.0, 0.0, 0.0, 0.0, 0.0, 1.7264705363162856, 0.0, 0.0, 
0.0, 0.0, 0.0, 0.0, 0.0, 0.0, 0.0, 0.0, 0.0, 0.0, 0.0, 0.0, 0.0, 0.0, 0.0, 0.0, 0.0, 0.0, 0.0, 0.0, 0.0, 0.0, 0.0, 0.0, 0.0, 0.0, 0.0, 0.0, 0.0, 0.0, 
0.03890445248498554, 0.0, 0.09174886642643097, 0.0, 0.11112388129999293, 0.05371019489054875, 0.0, 0.0909875668151853, 1026.794377801701, 0.0, 0.0, 0.1101203512540235, 0.09463896906372636, 0.0, 0.1012867734895498, 0.0, 0.0, 0.0, 0.0, 0.1179102756882069, 0.0, 0.0, 0.0, 0.0, 0.0, 0.0, 0.0, 44.05349344401856, 0.0, 0.030067544334770515, 
76.01237140889863, 0.0, 349.1671354223959, 0.0, 181.03925765686256, 315.5311983463199, 0.0, 446.7600898061916, 0.7711972206736297, 0.0, 146.88176465297263, 56.63095466428857, 98.61317152437984, 0.0, 118.23857780735867, 0.0, 0.0, 34.95304230476379, 0.0, 247.98116561080124, 0.0, 0.0, 0.0, 0.0, 0.0, 0.0, 0.0, 164.61899368350788, 0.0, 246.0540966218234, 
0.0, 0.0, 0.0, 0.0, 0.2568652262746001, 0.09799529009587803, 0.0, 87.69855658374149, 2.435372251380739, 0.0, 0.0, 50.379999136939716, 91.7604483289313, 0.0, 0.0, 0.0, 0.0, 244.63342563606855, 0.0, 0.4553937001948534, 0.0, 0.0, 0.0, 0.0, 0.0, 0.0, 0.0, 0.0, 0.0, 53.310198546488074, 
1.270882164236749, 0.0, 290.23484690579755, 0.0, 0.0, 0.0, 0.0, 0.0, 13.417549748165063, 0.0, 156.73221629354015, 0.0, 0.0, 0.0, 0.0, 0.0, 0.0, 0.0, 0.0, 0.23644657421074136, 0.0, 0.0, 0.0, 0.0, 214.54482781451878, 0.0, 0.0, 19.098264648861438, 0.0, 120.4508215483127, 
184.29141646668987, 0.0, 7.270771993417816, 0.0, 0.0, 99.05692088585977, 0.0, 89.43152739000791, 0.0, 0.0, 0.0, 111.12353319088359, 227.50700714446978, 0.0, 76.01061171823703, 0.0, 0.0, 0.47799151710156595, 0.0, 0.6741512728605987, 0.0, 0.0, 0.0, 0.0, 216.4108192961176, 0.0, 0.0, 0.0, 0.0, 0.0, 
