0.0, 0.0, 0.0, 0.0, 0.0, 0.0, 0.0, 0.0, 0.0, 0.0, 0.0, 0.0, 0.0, 0.0, 0.0, 0.0, 0.0, 0.0, 0.0, 0.0, 0.0, 0.0, 0.0, 0.0, 0.0, 0.0, 0.0, 0.0, 0.0, 0.0, 
0.0, 0.0, 0.0, 0.0, 0.0, 0.0, 0.0, 0.9376499823136322, 53.024463489337414, 0.0, 122.47501691672784, 44.043302805258584, 146.97673489381066, 0.0, 0.0, 0.0, 0.0, 2.7385397867780035, 0.0, 186.3066624269124, 0.0, 0.0, 0.0, 0.0, 1.371110959189328, 0.7112971886488056, 0.0, 112.48488434198663, 0.0, 196.6912494248216, 
0.0, 0.0, 0.0, 0.0, 0.0, 0.0, 0.0, 0.0, 0.0, 0.0, 0.0, 0.0, 0.0, 0.0, 0.0, 0.0, 0.0, 0.0, 0.0, 0.0, 0.0, 0.0, 0.0, 0.0, 0.0, 0.0, 0.0, 0.0, 0.0, 0.0, 
0.0, 0.0, 0.0, 0.0, 0.0, 0.0, 0.0, 20.020453014888034, 8.097161246566575, 0.0, 19.430947501357295, 26.800151824252282, 47.64731447165597, 0.0, 0.0, 0.0, 0.0, 75.53498214830637, 0.0, 210.5317745660643, 0.0, 0.0, 0.0, 0.0, 0.0, 319.4217002128392, 0.0, 2.817796817659778, 0.0, 20.884986944223424, 
0.0, 0.0, 0.0, 0.0, 0.0, 0.0, 0.0, 17.368102008253146, 26.783720228397684, 0.0, 12.043448461831868, 16.382894067557018, 21.497137583891597, 0.0, 19.292244180519788, 0.0, 0.0, 0.9749259431837144, 0.0, 29.59153758792426, 0.0, 0.0, 0.0, 0.0, 49.66071538009035, 22.86066378654717, 0.0, 0.0, 0.0, 18.962878975097233, 
0.0, 0.0, 0.0, 0.0, 0.0, 0.0, 0.0, 0.0, 0.0, 0.0, 0.0, 0.0, 0.0, 0.0, 0.0, 0.0, 0.0, 0.0, 0.0, 0.0, 0.0, 0.0, 0.0, 0.0, 0.0, 0.0, 0.0, 0.0, 0.0, 0.0, 
0.0, 0.0, 0.0, 0.0, 0.0, 0.0, 0.0, 234.27452935672014, 56.9453476399984, 0.0, 120.41154864512717, 37.319290071545836, 167.11141494389162, 0.0, 123.35041976806114, 0.0, 0.0, 0.0, 0.0, 142.15833739774848, 0.0, 0.0, 0.0, 0.0, 808.3737347008639, 157.3783761166567, 0.0, 36.6415088075833, 0.0, 34.00188376420105, 
1.20398478064158, 0.0, 2.3401130296931703, 0.0, 0.0, 80.84592160291952, 0.0, 0.0, 230.68602973265226, 0.0, 146.48441099739944, 140.96451851386658, 135.47358374601723, 0.0, 0.0, 0.0, 0.0, 0.5108091620583971, 0.0, 52.79985562738575, 0.0, 0.0, 0.0, 0.0, 4.224771342768823, 8.103055078004216, 0.0, 34.3304328511299, 0.0, 490.1461043892943, 
379.19599089711835, 0.0, 5.847037749477134, 0.0, 0.0, 430.0598903519667, 0.0, 0.0, 0.0, 0.0, 0.0, 138.24025971391126, 77.99286809212389, 0.0, 51.300127077629135, 0.0, 0.0, 1.1741223686141906, 0.0, 3.656341693270824, 0.0, 0.0, 0.0, 0.0, 374.32677887256096, 164.69395902905651, 0.0, 35.259773812583546, 0.0, 0.0, 
256.56454816953567, 0.0, 3.5773112550735737, 0.0, 4.611930040099023, 115.83479673767292, 0.0, 213.7890463775864, 0.0, 0.0, 0.0, 116.92627584239996, 1014.2150054252155, 0.0, 375.4260830697357, 0.0, 0.0, 0.0, 0.0, 16.00118097993269, 0.0, 0.0, 0.0, 0.0, 310.56059731049265, 0.0, 0.0, 7.955705057345131, 0.0, 0.0, 
0.0, 0.0, 0.0, 0.0, 0.0, 0.0, 0.0, 0.0, 0.0, 0.0, 0.0, 0.0, 0.0, 0.0, 0.0, 0.0, 0.0, 0.0, 0.0, 0.0, 0.0, 0.0, 0.0, 0.0, 0.0, 0.0, 0.0, 0.0, 0.0, 0.0, 
0.0, 0.0, 0.0, 0.0, 0.0, 0.0, 0.0, 0.0, 0.0, 0.0, 0.0, 0.0, 0.0, 0.0, 0.0, 0.0, 0.0, 0.0, 0.0, 0.0, 0.0, 0.0, 0.0, 0.0, 0.0, 0.0, 0.0, 0.0, 0.0, 0.0, 
0.0, 0.0, 0.0, 0.0, 0.0, 0.0, 0.0, 0.0, 0.0, 0.0, 0.0, 0.0, 0.0, 0.0, 0.0, 0.0, 0.0, 0.0, 0.0, 0.0, 0.0, 0.0, 0.0, 0.0, 0.0, 0.0, 0.0, 0.0, 0.0, 0.0, 
3.09613958684042, 0.0, 2.634599403351122, 0.0, 0.6543628835965971, 271.5889906101639, 0.0, 493.16483192668545, 0.0, 0.0, 283.9383398680715, 0.0, 0.0, 0.0, 0.0, 0.0, 0.0, 0.0, 0.0, 0.0, 0.0, 0.0, 0.0, 0.0, 78.49589619287154, 2.2752748511978984, 0.0, 16.990335343286787, 0.0, 708.3545800306902, 
0.0, 0.0, 0.0, 0.0, 0.0, 0.0, 0.0, 0.0, 0.0, 0.0, 0.0, 0.0, 0.0, 0.0, 0.0, 0.0, 0.0, 0.0, 0.0, 0.0, 0.0, 0.0, 0.0, 0.0, 0.0, 0.0, 0.0, 0.0, 0.0, 0.0, 
1.8994794694435062, 0.0, 1.1756206516625327, 0.0, 3.953118635175692, 200.7276570744449, 0.0, 94.79938613102709, 0.0, 0.0, 86.62534024009814, 0.0, 0.0, 0.0, 0.0, 0.0, 0.0, 0.0, 0.0, 5.952297339860485, 0.0, 0.0, 0.0, 0.0, 98.53053077698215, 2.3753330111511968, 0.0, 2.46987696865672, 0.0, 158.4905145358194, 
0.0, 0.0, 0.0, 0.0, 0.0, 0.0, 0.0, 0.0, 0.0, 0.0, 0.0, 0.0, 0.0, 0.0, 0.0, 0.0, 0.0, 0.0, 0.0, 0.0, 0.0, 0.0, 0.0, 0.0, 0.0, 0.0, 0.0, 0.0, 0.0, 0.0, 
0.0, 0.0, 0.0, 0.0, 0.0, 0.0, 0.0, 0.0, 0.0, 0.0, 0.0, 0.0, 0.0, 0.0, 0.0, 0.0, 0.0, 0.0, 0.0, 0.0, 0.0, 0.0, 0.0, 0.0, 0.0, 0.0, 0.0, 0.0, 0.0, 0.0, 
0.0, 0.0, 0.0, 0.0, 0.0, 0.0, 0.0, 0.0, 0.0, 0.0, 0.0, 0.0, 0.0, 0.0, 0.0, 0.0, 0.0, 0.0, 0.0, 0.0, 0.0, 0.0, 0.0, 0.0, 0.0, 0.0, 0.0, 0.0, 0.0, 0.0, 
0.0, 0.0, 0.0, 0.0, 0.0, 0.0, 0.0, 0.0, 0.0, 0.0, 0.0, 0.0, 0.0, 0.0, 0.0, 0.0, 0.0, 0.0, 0.0, 0.0, 0.0, 0.0, 0.0, 0.0, 0.0, 0.0, 0.0, 0.0, 0.0, 0.0, 
0.8417544740249346, 0.0, 0.0, 0.0, 0.0, 133.21163171493288, 0.0, 12.523016526303005, 53.39448866792496, 0.0, 47.86256764597104, 30.91402858687779, 0.0, 0.0, 0.0, 0.0, 0.0, 0.0, 0.0, 0.0, 0.0, 0.0, 0.0, 0.0, 168.50623636707402, 1.5807898485501575, 0.0, 0.0, 0.0, 70.19415495321466, 
0.0, 0.0, 370.7386677339931, 0.0, 0.0, 121.50035559857956, 0.0, 85.28822652025069, 119.31435683462058, 0.0, 45.892970131331154, 0.0, 0.0, 0.0, 0.0, 0.0, 0.0, 0.0, 0.0, 0.0, 0.0, 0.0, 0.0, 0.0, 222.41932659988598, 1.3075628783058162, 0.0, 10.048087587186211, 0.0, 111.86492676103728, 
482.4470988592736, 0.0, 0.0, 0.0, 0.0, 165.7190350686746, 0.0, 95.6702894321059, 0.0, 0.0, 71.17133554705327, 28.114903876874553, 0.0, 0.0, 0.0, 0.0, 0.0, 0.0, 0.0, 0.0, 0.0, 0.0, 0.0, 0.0, 688.9055722091479, 112.68155226929686, 0.0, 1.8224667469115925, 0.0, 204.80020776496616, 
75.62864714881509, 0.0, 370.58242578553023, 0.0, 248.25518003914763, 7.153765939030618, 0.0, 65.99889506033401, 10.679796891548012, 0.0, 2.371259331879237, 8.581667686190539, 92.48699682485955, 0.0, 5.449966540938321, 0.0, 0.0, 0.0, 0.0, 186.6989660735078, 0.0, 0.0, 0.0, 0.0, 0.0, 0.0, 0.0, 3.018690421402119, 0.0, 0.0, 
0.0, 0.0, 0.0, 0.0, 0.0, 0.0, 0.0, 0.0, 0.0, 0.0, 0.0, 0.0, 0.0, 0.0, 0.0, 0.0, 0.0, 0.0, 0.0, 0.0, 0.0, 0.0, 0.0, 0.0, 0.0, 0.0, 0.0, 0.0, 0.0, 0.0, 
0.04514116697065597, 0.0, 0.21947132138837824, 0.0, 0.029548390709889957, 0.175575135543036, 0.0, 0.3073605071509425, 1094.3737134983546, 0.0, 0.0, 0.10649251599502238, 0.03316814496081123, 0.0, 0.02968684995165513, 0.0, 0.0, 0.0, 0.0, 0.04555885512336692, 0.0, 0.0, 0.0, 0.0, 0.0, 0.0, 0.0, 17.30690003407882, 0.0, 0.011681193115305383, 
135.91181911749896, 0.0, 461.0418421990679, 0.0, 138.9107932442002, 248.24105576845932, 0.0, 246.28790334499647, 71.42446791236505, 0.0, 105.8853637445531, 33.71627791483609, 37.46051735110024, 0.0, 142.66846179547062, 0.0, 0.0, 70.65882366375064, 0.0, 369.25977518816956, 0.0, 0.0, 0.0, 0.0, 0.0, 0.0, 0.0, 163.88160107470495, 0.0, 224.11748973029864, 
0.0, 0.0, 0.0, 0.0, 4.972710907892119, 2.400376612920655, 0.0, 106.42209165737192, 29.135198744959414, 0.0, 0.0, 44.033108103372385, 102.26288079266357, 0.0, 0.0, 0.0, 0.0, 201.33747497014195, 0.0, 2.5206524149909737, 0.0, 0.0, 0.0, 0.0, 0.0, 0.0, 0.0, 0.0, 0.0, 26.091440868885556, 
1.945012749129008, 0.0, 356.96085566413547, 0.0, 0.0, 0.0, 0.0, 0.0, 154.10507519082583, 0.0, 420.99987092741645, 0.0, 0.0, 0.0, 0.0, 0.0, 0.0, 0.0, 0.0, 3.422445668306215, 0.0, 0.0, 0.0, 0.0, 384.5114037519776, 0.0, 0.0, 4.100741029081366, 0.0, 6101.668463419314, 
161.37041789212333, 0.0, 7.200928137221023, 0.0, 0.0, 107.33754857880137, 0.0, 101.8792706248917, 0.0, 0.0, 0.0, 119.39531578741723, 215.9833985000748, 0.0, 109.80248812491527, 0.0, 0.0, 1.7319478294333321, 0.0, 19.416191121263395, 0.0, 0.0, 0.0, 0.0, 251.39873526133434, 0.0, 0.0, 0.0, 0.0, 0.0, 
