0.0, 0.0, 0.0, 0.0, 0.0, 0.0, 0.0, 0.0, 0.0, 0.0, 0.0, 0.0, 0.0, 0.0, 0.0, 0.0, 0.0, 0.0, 0.0, 0.0, 0.0, 0.0, 0.0, 0.0, 0.0, 0.0, 0.0, 0.0, 0.0, 0.0, 
0.0, 0.0, 0.0, 0.0, 0.0, 0.0, 0.0, 59.500554530562596, 30.89287240639793, 0.0, 134.03006720801667, 144.4453147863827, 8.521426285247102, 0.0, 0.0, 0.0, 0.0, 19.27964946385137, 0.0, 59.9611235794556, 0.0, 0.0, 0.0, 0.0, 87.71390474684726, 101.26287057390131, 0.0, 10.095808244932169, 0.0, 14.830919652886127, 
0.0, 0.0, 0.0, 0.0, 0.0, 0.0, 0.0, 0.0, 0.0, 0.0, 0.0, 0.0, 0.0, 0.0, 0.0, 0.0, 0.0, 0.0, 0.0, 0.0, 0.0, 0.0, 0.0, 0.0, 0.0, 0.0, 0.0, 0.0, 0.0, 0.0, 
0.0, 0.0, 0.0, 0.0, 0.0, 0.0, 0.0, 25.707002505900718, 454.68360049580394, 0.0, 12.15746827755016, 78.6571048015062, 67.42499964741778, 0.0, 0.0, 0.0, 0.0, 75.96920760731824, 0.0, 72.46903606924204, 0.0, 0.0, 0.0, 0.0, 0.0, 19.812781624130967, 0.0, 100.60530574009357, 0.0, 71.27567931770217, 
0.0, 0.0, 0.0, 0.0, 0.0, 0.0, 0.0, 49.89788832025902, 95.38868426827915, 0.0, 80.71484323786065, 122.52342929140724, 130.90321173223774, 0.0, 147.65821157552483, 0.0, 0.0, 113.73443962138002, 0.0, 0.34095473503534257, 0.0, 0.0, 0.0, 0.0, 135.2430907072907, 19.18861697210561, 0.0, 0.0, 0.0, 133.34383286487972, 
0.0, 0.0, 0.0, 0.0, 0.0, 0.0, 0.0, 0.0, 0.0, 0.0, 0.0, 0.0, 0.0, 0.0, 0.0, 0.0, 0.0, 0.0, 0.0, 0.0, 0.0, 0.0, 0.0, 0.0, 0.0, 0.0, 0.0, 0.0, 0.0, 0.0, 
0.0, 0.0, 0.0, 0.0, 0.0, 0.0, 0.0, 2.5320195966776984, 654.60565761071, 0.0, 8.483400810689258, 123.24074899306821, 20.900536216148296, 0.0, 383.4959577589324, 0.0, 0.0, 0.0, 0.0, 9.094271233467811, 0.0, 0.0, 0.0, 0.0, 340.18646986818425, 401.8731614938049, 0.0, 32.53166385589002, 0.0, 160.72981752157412, 
29.577827333493232, 0.0, 131.21591498438644, 0.0, 0.0, 115.63753499777505, 0.0, 0.0, 65.7096103651122, 0.0, 1.7262565364064009, 35.54981450926666, 119.23650099493302, 0.0, 0.0, 0.0, 0.0, 19.970784604669152, 0.0, 307.67808524401255, 0.0, 0.0, 0.0, 0.0, 31.052946782112418, 4.511737627783563, 0.0, 27.958031876872568, 0.0, 103.36875064006009, 
495.0849238695615, 0.0, 42.90958874557784, 0.0, 0.0, 83.73148442388852, 0.0, 0.0, 0.0, 0.0, 0.0, 14.90090959951037, 109.54043177256015, 0.0, 8.718609386689335, 0.0, 0.0, 329.5188233685474, 0.0, 15.973780854012958, 0.0, 0.0, 0.0, 0.0, 113.28766674382813, 143.57545713082945, 0.0, 65.49159166869227, 0.0, 0.0, 
5.6119881541075785, 0.0, 14.864627026051421, 0.0, 47.656734989048346, 219.51909027396908, 0.0, 91.97694761937447, 0.0, 0.0, 0.0, 96.31810481818337, 769.7666600073661, 0.0, 144.70131527748703, 0.0, 0.0, 0.0, 0.0, 81.06224366209725, 0.0, 0.0, 0.0, 0.0, 841.8345204609536, 0.0, 0.0, 14.719416783300275, 0.0, 0.0, 
0.0, 0.0, 0.0, 0.0, 0.0, 0.0, 0.0, 0.0, 0.0, 0.0, 0.0, 0.0, 0.0, 0.0, 0.0, 0.0, 0.0, 0.0, 0.0, 0.0, 0.0, 0.0, 0.0, 0.0, 0.0, 0.0, 0.0, 0.0, 0.0, 0.0, 
0.0, 0.0, 0.0, 0.0, 0.0, 0.0, 0.0, 0.0, 0.0, 0.0, 0.0, 0.0, 0.0, 0.0, 0.0, 0.0, 0.0, 0.0, 0.0, 0.0, 0.0, 0.0, 0.0, 0.0, 0.0, 0.0, 0.0, 0.0, 0.0, 0.0, 
0.0, 0.0, 0.0, 0.0, 0.0, 0.0, 0.0, 0.0, 0.0, 0.0, 0.0, 0.0, 0.0, 0.0, 0.0, 0.0, 0.0, 0.0, 0.0, 0.0, 0.0, 0.0, 0.0, 0.0, 0.0, 0.0, 0.0, 0.0, 0.0, 0.0, 
96.27425557069118, 0.0, 117.58164528501442, 0.0, 25.081831412102073, 98.03972739417488, 0.0, 950.9603127489631, 0.0, 0.0, 99.63420187648362, 0.0, 0.0, 0.0, 0.0, 0.0, 0.0, 0.0, 0.0, 0.0, 0.0, 0.0, 0.0, 0.0, 35.07417814061672, 43.112875109193226, 0.0, 104.53127056558361, 0.0, 73.4860485809911, 
0.0, 0.0, 0.0, 0.0, 0.0, 0.0, 0.0, 0.0, 0.0, 0.0, 0.0, 0.0, 0.0, 0.0, 0.0, 0.0, 0.0, 0.0, 0.0, 0.0, 0.0, 0.0, 0.0, 0.0, 0.0, 0.0, 0.0, 0.0, 0.0, 0.0, 
38.922914185703, 0.0, 26.72942615100543, 0.0, 77.99021028543876, 23.72367356641658, 0.0, 14.573159932174569, 0.0, 0.0, 326.63176841337975, 0.0, 0.0, 0.0, 0.0, 0.0, 0.0, 0.0, 0.0, 132.14275217175285, 0.0, 0.0, 0.0, 0.0, 123.15501296308237, 21.852836760496746, 0.0, 19.76115284311819, 0.0, 144.41179576535325, 
0.0, 0.0, 0.0, 0.0, 0.0, 0.0, 0.0, 0.0, 0.0, 0.0, 0.0, 0.0, 0.0, 0.0, 0.0, 0.0, 0.0, 0.0, 0.0, 0.0, 0.0, 0.0, 0.0, 0.0, 0.0, 0.0, 0.0, 0.0, 0.0, 0.0, 
0.0, 0.0, 0.0, 0.0, 0.0, 0.0, 0.0, 0.0, 0.0, 0.0, 0.0, 0.0, 0.0, 0.0, 0.0, 0.0, 0.0, 0.0, 0.0, 0.0, 0.0, 0.0, 0.0, 0.0, 0.0, 0.0, 0.0, 0.0, 0.0, 0.0, 
0.0, 0.0, 0.0, 0.0, 0.0, 0.0, 0.0, 0.0, 0.0, 0.0, 0.0, 0.0, 0.0, 0.0, 0.0, 0.0, 0.0, 0.0, 0.0, 0.0, 0.0, 0.0, 0.0, 0.0, 0.0, 0.0, 0.0, 0.0, 0.0, 0.0, 
0.0, 0.0, 0.0, 0.0, 0.0, 0.0, 0.0, 0.0, 0.0, 0.0, 0.0, 0.0, 0.0, 0.0, 0.0, 0.0, 0.0, 0.0, 0.0, 0.0, 0.0, 0.0, 0.0, 0.0, 0.0, 0.0, 0.0, 0.0, 0.0, 0.0, 
140.71642837545372, 0.0, 0.0, 0.0, 0.0, 12.376710554898796, 0.0, 128.9627483662253, 70.96300047437731, 0.0, 86.64142898553834, 0.14019462270946637, 0.0, 0.0, 0.0, 0.0, 0.0, 0.0, 0.0, 0.0, 0.0, 0.0, 0.0, 0.0, 537.1704635972851, 47.649821086642156, 0.0, 0.0, 0.0, 87.080684675165, 
0.0, 0.0, 131.63399440350094, 0.0, 0.0, 42.34938108435525, 0.0, 22.803661539084104, 91.11366885093474, 0.0, 79.5030928392883, 0.0, 0.0, 0.0, 0.0, 0.0, 0.0, 0.0, 0.0, 0.0, 0.0, 0.0, 0.0, 0.0, 59.57261532525933, 14.642513102048234, 0.0, 41.602677822522935, 0.0, 406.1165048240319, 
374.7853646457047, 0.0, 0.0, 0.0, 0.0, 475.4320185448872, 0.0, 222.41074415487262, 0.0, 0.0, 52.169939496948984, 110.23861058481867, 0.0, 0.0, 0.0, 0.0, 0.0, 0.0, 0.0, 0.0, 0.0, 0.0, 0.0, 0.0, 576.6211329646172, 36.81767907552873, 0.0, 118.54885178223294, 0.0, 47.46153241905374, 
142.99278815617532, 0.0, 33.8014736862419, 0.0, 145.9685111047392, 78.60114443530728, 0.0, 12.39352440429789, 60.33781219225638, 0.0, 23.42134589465741, 82.93258046292468, 134.92189199814442, 0.0, 43.75660247172564, 0.0, 0.0, 0.0, 0.0, 142.75093325836514, 0.0, 0.0, 0.0, 0.0, 0.0, 0.0, 0.0, 0.06202438979115987, 0.0, 0.0, 
0.0, 0.0, 0.0, 0.0, 0.0, 0.0, 0.0, 0.0, 0.0, 0.0, 0.0, 0.0, 0.0, 0.0, 0.0, 0.0, 0.0, 0.0, 0.0, 0.0, 0.0, 0.0, 0.0, 0.0, 0.0, 0.0, 0.0, 0.0, 0.0, 0.0, 
71.78832665055918, 0.0, 8.19518004483144, 0.0, 29.7773927694051, 475.8354760299501, 0.0, 63.23813298861659, 103.84500455731671, 0.0, 0.0, 26.249449948830993, 16.408530748931035, 0.0, 22.752143577768116, 0.0, 0.0, 0.0, 0.0, 12.783551278160665, 0.0, 0.0, 0.0, 0.0, 0.0, 0.0, 0.0, 88.48267700410508, 0.0, 20.651754678220215, 
129.2013806818551, 0.0, 619.8897458163032, 0.0, 138.69907347356704, 117.1631760442152, 0.0, 28.60738420210749, 8.05409847060038, 0.0, 27.27191917530094, 133.91323096862047, 468.58304307670016, 0.0, 46.36751381876647, 0.0, 0.0, 8.218814488603826, 0.0, 288.7271616378129, 0.0, 0.0, 0.0, 0.0, 0.0, 0.0, 0.0, 81.56615126421858, 0.0, 358.8635958914127, 
0.0, 0.0, 0.0, 0.0, 2.4746665088170587, 59.349814976097825, 0.0, 65.88483713551818, 13.52697536246283, 0.0, 0.0, 114.33375865821377, 67.73854701970014, 0.0, 0.0, 0.0, 0.0, 133.80170930041925, 0.0, 105.84210244006952, 0.0, 0.0, 0.0, 0.0, 0.0, 0.0, 0.0, 0.0, 0.0, 107.57698372446224, 
6.588327148519035, 0.0, 271.61866550038155, 0.0, 0.0, 0.0, 0.0, 0.0, 123.49533162708406, 0.0, 697.3819261325511, 0.0, 0.0, 0.0, 0.0, 0.0, 0.0, 0.0, 0.0, 59.3818169592004, 0.0, 0.0, 0.0, 0.0, 41.60589731234636, 0.0, 0.0, 103.47130662865735, 0.0, 113.61909434648986, 
24.126257749897743, 0.0, 124.01674413649921, 0.0, 0.0, 2.6048253816258695, 0.0, 103.1935976074671, 0.0, 0.0, 0.0, 7.306327214257724, 62.819283699186215, 0.0, 48.26573710414301, 0.0, 0.0, 16.428982538098193, 0.0, 123.00575583223099, 0.0, 0.0, 0.0, 0.0, 34.00378546154831, 0.0, 0.0, 0.0, 0.0, 0.0, 
