0.0, 0.0, 0.0, 0.0, 0.0, 0.0, 0.0, 0.0, 0.0, 0.0, 0.0, 0.0, 0.0, 0.0, 0.0, 0.0, 0.0, 0.0, 0.0, 0.0, 0.0, 0.0, 0.0, 0.0, 0.0, 0.0, 0.0, 0.0, 0.0, 0.0, 
0.0, 0.0, 0.0, 0.0, 0.0, 0.0, 0.0, 80.1211332479383, 67.33029157930747, 0.0, 65.43910678630537, 79.25515483752, 18.349632317630792, 0.0, 0.0, 0.0, 0.0, 18.089860857319362, 0.0, 339.22626800307916, 0.0, 0.0, 0.0, 0.0, 80.6408783791826, 3.307377773908937, 0.0, 112.36059058613046, 0.0, 36.37148110798272, 
0.0, 0.0, 0.0, 0.0, 0.0, 0.0, 0.0, 0.0, 0.0, 0.0, 0.0, 0.0, 0.0, 0.0, 0.0, 0.0, 0.0, 0.0, 0.0, 0.0, 0.0, 0.0, 0.0, 0.0, 0.0, 0.0, 0.0, 0.0, 0.0, 0.0, 
0.0, 0.0, 0.0, 0.0, 0.0, 0.0, 0.0, 165.62191961268903, 3.155639435738544, 0.0, 82.08430724052107, 2.2697375518411778, 46.9175208124955, 0.0, 0.0, 0.0, 0.0, 72.46622153123293, 0.0, 221.79161239858846, 0.0, 0.0, 0.0, 0.0, 0.0, 114.3052342726259, 0.0, 7.308414342361786, 0.0, 61.634749081245666, 
0.0, 0.0, 0.0, 0.0, 0.0, 0.0, 0.0, 7.316572110484421, 18.762135483097353, 0.0, 42.47374652036335, 9.953090048388136, 22.648730327283705, 0.0, 18.000710359920603, 0.0, 0.0, 23.549214284205643, 0.0, 7.08114920619396, 0.0, 0.0, 0.0, 0.0, 58.661743477933626, 12.303127117745777, 0.0, 0.0, 0.0, 55.7158018939109, 
0.0, 0.0, 0.0, 0.0, 0.0, 0.0, 0.0, 0.0, 0.0, 0.0, 0.0, 0.0, 0.0, 0.0, 0.0, 0.0, 0.0, 0.0, 0.0, 0.0, 0.0, 0.0, 0.0, 0.0, 0.0, 0.0, 0.0, 0.0, 0.0, 0.0, 
0.0, 0.0, 0.0, 0.0, 0.0, 0.0, 0.0, 0.16007520705096923, 21.535506350520222, 0.0, 113.09178678064441, 15.824799035051573, 38.04364213069012, 0.0, 240.6543827500998, 0.0, 0.0, 0.0, 0.0, 19.166457034938023, 0.0, 0.0, 0.0, 0.0, 411.9323776657604, 389.38206451501026, 0.0, 51.712476178792045, 0.0, 666.7653241406191, 
34.03235134262389, 0.0, 22.366318228485007, 0.0, 0.0, 111.70991164091127, 0.0, 0.0, 21.213837915105614, 0.0, 101.58760479301407, 214.31160529823228, 82.71231105114424, 0.0, 0.0, 0.0, 0.0, 6.68100544645206, 0.0, 23.83901391821693, 0.0, 0.0, 0.0, 0.0, 2.7689816633758024, 30.017769189355448, 0.0, 3.5293589921073787, 0.0, 607.0051535754918, 
205.4706348924221, 0.0, 30.192616230088344, 0.0, 0.0, 269.5139348889987, 0.0, 0.0, 0.0, 0.0, 0.0, 142.8773489556547, 129.986577832597, 0.0, 19.616010532912618, 0.0, 0.0, 66.26017678295837, 0.0, 33.202543034578845, 0.0, 0.0, 0.0, 0.0, 215.0141938923088, 194.8491218100869, 0.0, 73.5227324590858, 0.0, 0.0, 
83.24067566836435, 0.0, 73.54774860421176, 0.0, 11.298451801714183, 34.20169985300042, 0.0, 46.77752330389434, 0.0, 0.0, 0.0, 105.13313612798537, 955.3110196755191, 0.0, 63.63943836216701, 0.0, 0.0, 0.0, 0.0, 73.72533671351044, 0.0, 0.0, 0.0, 0.0, 1069.0891968819171, 0.0, 0.0, 24.762418372871466, 0.0, 0.0, 
0.0, 0.0, 0.0, 0.0, 0.0, 0.0, 0.0, 0.0, 0.0, 0.0, 0.0, 0.0, 0.0, 0.0, 0.0, 0.0, 0.0, 0.0, 0.0, 0.0, 0.0, 0.0, 0.0, 0.0, 0.0, 0.0, 0.0, 0.0, 0.0, 0.0, 
0.0, 0.0, 0.0, 0.0, 0.0, 0.0, 0.0, 0.0, 0.0, 0.0, 0.0, 0.0, 0.0, 0.0, 0.0, 0.0, 0.0, 0.0, 0.0, 0.0, 0.0, 0.0, 0.0, 0.0, 0.0, 0.0, 0.0, 0.0, 0.0, 0.0, 
0.0, 0.0, 0.0, 0.0, 0.0, 0.0, 0.0, 0.0, 0.0, 0.0, 0.0, 0.0, 0.0, 0.0, 0.0, 0.0, 0.0, 0.0, 0.0, 0.0, 0.0, 0.0, 0.0, 0.0, 0.0, 0.0, 0.0, 0.0, 0.0, 0.0, 
22.323454902848983, 0.0, 13.967937452288137, 0.0, 22.439032499695088, 127.35990730256714, 0.0, 386.3448591999246, 0.0, 0.0, 333.8585087934217, 0.0, 0.0, 0.0, 0.0, 0.0, 0.0, 0.0, 0.0, 0.0, 0.0, 0.0, 0.0, 0.0, 10.924367052210282, 4.068293535118284, 0.0, 3.5519690223834335, 0.0, 950.5427228476907, 
0.0, 0.0, 0.0, 0.0, 0.0, 0.0, 0.0, 0.0, 0.0, 0.0, 0.0, 0.0, 0.0, 0.0, 0.0, 0.0, 0.0, 0.0, 0.0, 0.0, 0.0, 0.0, 0.0, 0.0, 0.0, 0.0, 0.0, 0.0, 0.0, 0.0, 
50.56117864442322, 0.0, 2.8496663785095024, 0.0, 6.733413310455072, 207.1942291250466, 0.0, 44.04652292131629, 0.0, 0.0, 327.6416121042702, 0.0, 0.0, 0.0, 0.0, 0.0, 0.0, 0.0, 0.0, 5.3212651632771895, 0.0, 0.0, 0.0, 0.0, 13.442446995641566, 7.269960254262131, 0.0, 6.63502644801145, 0.0, 87.86895481607121, 
0.0, 0.0, 0.0, 0.0, 0.0, 0.0, 0.0, 0.0, 0.0, 0.0, 0.0, 0.0, 0.0, 0.0, 0.0, 0.0, 0.0, 0.0, 0.0, 0.0, 0.0, 0.0, 0.0, 0.0, 0.0, 0.0, 0.0, 0.0, 0.0, 0.0, 
0.0, 0.0, 0.0, 0.0, 0.0, 0.0, 0.0, 0.0, 0.0, 0.0, 0.0, 0.0, 0.0, 0.0, 0.0, 0.0, 0.0, 0.0, 0.0, 0.0, 0.0, 0.0, 0.0, 0.0, 0.0, 0.0, 0.0, 0.0, 0.0, 0.0, 
0.0, 0.0, 0.0, 0.0, 0.0, 0.0, 0.0, 0.0, 0.0, 0.0, 0.0, 0.0, 0.0, 0.0, 0.0, 0.0, 0.0, 0.0, 0.0, 0.0, 0.0, 0.0, 0.0, 0.0, 0.0, 0.0, 0.0, 0.0, 0.0, 0.0, 
0.0, 0.0, 0.0, 0.0, 0.0, 0.0, 0.0, 0.0, 0.0, 0.0, 0.0, 0.0, 0.0, 0.0, 0.0, 0.0, 0.0, 0.0, 0.0, 0.0, 0.0, 0.0, 0.0, 0.0, 0.0, 0.0, 0.0, 0.0, 0.0, 0.0, 
88.6049272060226, 0.0, 0.0, 0.0, 0.0, 48.57014084266132, 0.0, 62.98535550006018, 90.09906073914897, 0.0, 20.133703501174548, 17.790383944193245, 0.0, 0.0, 0.0, 0.0, 0.0, 0.0, 0.0, 0.0, 0.0, 0.0, 0.0, 0.0, 167.73285417877338, 2.43689058554708, 0.0, 0.0, 0.0, 8.132694551422293, 
0.0, 0.0, 250.8762055452718, 0.0, 0.0, 185.65634150473204, 0.0, 66.42720032674899, 13.996950724935008, 0.0, 59.48753526572122, 0.0, 0.0, 0.0, 0.0, 0.0, 0.0, 0.0, 0.0, 0.0, 0.0, 0.0, 0.0, 0.0, 416.3709230286837, 5.756119876453636, 0.0, 50.41971033109155, 0.0, 27.369066430979792, 
408.09392255461574, 0.0, 0.0, 0.0, 0.0, 212.17279587766646, 0.0, 207.83012615338504, 0.0, 0.0, 54.32160573946204, 49.19265610634271, 0.0, 0.0, 0.0, 0.0, 0.0, 0.0, 0.0, 0.0, 0.0, 0.0, 0.0, 0.0, 542.3449284093322, 114.29586509619455, 0.0, 105.66929465225786, 0.0, 133.7831382669784, 
295.1171382393943, 0.0, 245.68135128892055, 0.0, 18.957709455714966, 48.70286106098759, 0.0, 19.075877551409437, 2.3692253624264525, 0.0, 63.08967497023415, 88.98580345561686, 81.70107808064559, 0.0, 85.94317326034312, 0.0, 0.0, 0.0, 0.0, 18.429163107302376, 0.0, 0.0, 0.0, 0.0, 0.0, 0.0, 0.0, 109.02893335450392, 0.0, 0.0, 
0.0, 0.0, 0.0, 0.0, 0.0, 0.0, 0.0, 0.0, 0.0, 0.0, 0.0, 0.0, 0.0, 0.0, 0.0, 0.0, 0.0, 0.0, 0.0, 0.0, 0.0, 0.0, 0.0, 0.0, 0.0, 0.0, 0.0, 0.0, 0.0, 0.0, 
8.372104203928144, 0.0, 16.66318698508773, 0.0, 23.688899345544247, 6.736592253411777, 0.0, 21.33586822127842, 864.3787291304803, 0.0, 0.0, 11.823565840813622, 6.056738027391539, 0.0, 6.707683581743284, 0.0, 0.0, 0.0, 0.0, 23.643786120273123, 0.0, 0.0, 0.0, 0.0, 0.0, 0.0, 0.0, 11.717521407400344, 0.0, 0.767231981613048, 
115.90021035758657, 0.0, 478.4608437307927, 0.0, 7.747091564077713, 382.1321169440783, 0.0, 321.08050764146117, 121.1876183910755, 0.0, 26.578853686918812, 6.217872915295391, 263.13461317024183, 0.0, 302.20599988808874, 0.0, 0.0, 36.228113269850375, 0.0, 132.32329101916142, 0.0, 0.0, 0.0, 0.0, 0.0, 0.0, 0.0, 4.127818783830561, 0.0, 256.82779562276795, 
0.0, 0.0, 0.0, 0.0, 42.714204503112526, 6.9428025142718175, 0.0, 150.6854076926769, 2.0945034248257555, 0.0, 0.0, 40.841253105674156, 59.06687022056067, 0.0, 0.0, 0.0, 0.0, 120.11392137747923, 0.0, 76.3934039909856, 0.0, 0.0, 0.0, 0.0, 0.0, 0.0, 0.0, 0.0, 0.0, 90.09703435495453, 
18.896311870760908, 0.0, 386.0866981904336, 0.0, 0.0, 0.0, 0.0, 0.0, 643.4575682472773, 0.0, 178.13532735984484, 0.0, 0.0, 0.0, 0.0, 0.0, 0.0, 0.0, 0.0, 46.88866578169103, 0.0, 0.0, 0.0, 0.0, 190.37797107289106, 0.0, 0.0, 13.496607847756415, 0.0, 384.04397005765975, 
120.59992304789678, 0.0, 15.24794514369604, 0.0, 0.0, 224.9646785256948, 0.0, 93.3595724275169, 0.0, 0.0, 0.0, 22.083992471388257, 229.7658513937088, 0.0, 109.86632463669049, 0.0, 0.0, 35.773136332832465, 0.0, 100.03024344350786, 0.0, 0.0, 0.0, 0.0, 178.26718724153517, 0.0, 0.0, 0.0, 0.0, 0.0, 
