0.0, 0.0, 0.0, 0.0, 0.0, 0.0, 0.0, 0.0, 0.0, 0.0, 0.0, 0.0, 0.0, 0.0, 0.0, 0.0, 0.0, 0.0, 0.0, 0.0, 0.0, 0.0, 0.0, 0.0, 0.0, 0.0, 0.0, 0.0, 0.0, 0.0, 
0.0, 0.0, 0.0, 0.0, 0.0, 0.0, 0.0, 2.52537541718295, 137.10215067630617, 0.0, 79.2420572407507, 97.89496592689709, 157.73130847921132, 0.0, 0.0, 0.0, 0.0, 2.0730204099495175, 0.0, 201.05835204935397, 0.0, 0.0, 0.0, 0.0, 0.5401296192411841, 0.38858061945956923, 0.0, 134.14099762883893, 0.0, 58.35497200197391, 
0.0, 0.0, 0.0, 0.0, 0.0, 0.0, 0.0, 0.0, 0.0, 0.0, 0.0, 0.0, 0.0, 0.0, 0.0, 0.0, 0.0, 0.0, 0.0, 0.0, 0.0, 0.0, 0.0, 0.0, 0.0, 0.0, 0.0, 0.0, 0.0, 0.0, 
0.0, 0.0, 0.0, 0.0, 0.0, 0.0, 0.0, 25.741325468906204, 20.75156974262015, 0.0, 25.996838363127694, 18.43389590089505, 26.717030890081112, 0.0, 0.0, 0.0, 0.0, 65.21991870082819, 0.0, 287.3097428204081, 0.0, 0.0, 0.0, 0.0, 0.0, 269.6577869516908, 0.0, 0.8750987261726784, 0.0, 13.551622044735984, 
0.0, 0.0, 0.0, 0.0, 0.0, 0.0, 0.0, 48.05020101894737, 15.453631058575414, 0.0, 8.699215504464815, 22.279406772197696, 34.78565192475819, 0.0, 12.808025972415592, 0.0, 0.0, 0.34545954690389963, 0.0, 5.754085367131281, 0.0, 0.0, 0.0, 0.0, 51.751052481933115, 22.0587754070576, 0.0, 0.0, 0.0, 15.031813286759911, 
0.0, 0.0, 0.0, 0.0, 0.0, 0.0, 0.0, 0.0, 0.0, 0.0, 0.0, 0.0, 0.0, 0.0, 0.0, 0.0, 0.0, 0.0, 0.0, 0.0, 0.0, 0.0, 0.0, 0.0, 0.0, 0.0, 0.0, 0.0, 0.0, 0.0, 
0.0, 0.0, 0.0, 0.0, 0.0, 0.0, 0.0, 258.7791262881846, 28.00774775639397, 0.0, 113.56807350274578, 54.05447457009452, 97.67448711382478, 0.0, 128.9279522218368, 0.0, 0.0, 0.0, 0.0, 117.72764186410905, 0.0, 0.0, 0.0, 0.0, 784.0933096245658, 203.59781991599587, 0.0, 52.133213487988876, 0.0, 96.98678810864715, 
2.4946670401180517, 0.0, 2.227716942909262, 0.0, 0.0, 88.4919012683524, 0.0, 0.0, 189.78616342254725, 0.0, 201.43792397038143, 94.55179926169905, 197.63667057834576, 0.0, 0.0, 0.0, 0.0, 0.868661809351451, 0.0, 32.123245109714766, 0.0, 0.0, 0.0, 0.0, 4.4986758041704435, 0.34613378314324683, 0.0, 22.812111910620175, 0.0, 458.00431857307626, 
356.49377156986844, 0.0, 3.8685893092475583, 0.0, 0.0, 303.10111440936583, 0.0, 0.0, 0.0, 0.0, 0.0, 138.04511436748535, 87.15256263750575, 0.0, 45.9673728663076, 0.0, 0.0, 0.20109309019045632, 0.0, 3.0846184795688436, 0.0, 0.0, 0.0, 0.0, 533.1760615973286, 140.5323148946602, 0.0, 60.96254447217237, 0.0, 0.0, 
358.872553396132, 0.0, 5.416790640852521, 0.0, 2.7858908083405267, 173.81574862369985, 0.0, 157.7211502216091, 0.0, 0.0, 0.0, 179.64687436366808, 1012.0856487233456, 0.0, 351.5751566012454, 0.0, 0.0, 0.0, 0.0, 6.423315499244055, 0.0, 0.0, 0.0, 0.0, 181.38722329986803, 0.0, 0.0, 7.552016413496119, 0.0, 0.0, 
0.0, 0.0, 0.0, 0.0, 0.0, 0.0, 0.0, 0.0, 0.0, 0.0, 0.0, 0.0, 0.0, 0.0, 0.0, 0.0, 0.0, 0.0, 0.0, 0.0, 0.0, 0.0, 0.0, 0.0, 0.0, 0.0, 0.0, 0.0, 0.0, 0.0, 
0.0, 0.0, 0.0, 0.0, 0.0, 0.0, 0.0, 0.0, 0.0, 0.0, 0.0, 0.0, 0.0, 0.0, 0.0, 0.0, 0.0, 0.0, 0.0, 0.0, 0.0, 0.0, 0.0, 0.0, 0.0, 0.0, 0.0, 0.0, 0.0, 0.0, 
0.0, 0.0, 0.0, 0.0, 0.0, 0.0, 0.0, 0.0, 0.0, 0.0, 0.0, 0.0, 0.0, 0.0, 0.0, 0.0, 0.0, 0.0, 0.0, 0.0, 0.0, 0.0, 0.0, 0.0, 0.0, 0.0, 0.0, 0.0, 0.0, 0.0, 
1.3665167148985766, 0.0, 2.593838882865167, 0.0, 4.79292439675437, 227.07144259738115, 0.0, 472.67915459914116, 0.0, 0.0, 263.6604527560635, 0.0, 0.0, 0.0, 0.0, 0.0, 0.0, 0.0, 0.0, 0.0, 0.0, 0.0, 0.0, 0.0, 81.6575637127688, 0.4831657473814024, 0.0, 12.517595931045516, 0.0, 797.0654969705095, 
0.0, 0.0, 0.0, 0.0, 0.0, 0.0, 0.0, 0.0, 0.0, 0.0, 0.0, 0.0, 0.0, 0.0, 0.0, 0.0, 0.0, 0.0, 0.0, 0.0, 0.0, 0.0, 0.0, 0.0, 0.0, 0.0, 0.0, 0.0, 0.0, 0.0, 
0.4544533707345302, 0.0, 0.18033124452083632, 0.0, 0.1225486254942979, 200.71405107605995, 0.0, 35.19356960108623, 0.0, 0.0, 183.13000888461744, 0.0, 0.0, 0.0, 0.0, 0.0, 0.0, 0.0, 0.0, 13.284817954501523, 0.0, 0.0, 0.0, 0.0, 76.96803540089893, 0.8089051489528537, 0.0, 0.3361741475707949, 0.0, 214.78002911472478, 
0.0, 0.0, 0.0, 0.0, 0.0, 0.0, 0.0, 0.0, 0.0, 0.0, 0.0, 0.0, 0.0, 0.0, 0.0, 0.0, 0.0, 0.0, 0.0, 0.0, 0.0, 0.0, 0.0, 0.0, 0.0, 0.0, 0.0, 0.0, 0.0, 0.0, 
0.0, 0.0, 0.0, 0.0, 0.0, 0.0, 0.0, 0.0, 0.0, 0.0, 0.0, 0.0, 0.0, 0.0, 0.0, 0.0, 0.0, 0.0, 0.0, 0.0, 0.0, 0.0, 0.0, 0.0, 0.0, 0.0, 0.0, 0.0, 0.0, 0.0, 
0.0, 0.0, 0.0, 0.0, 0.0, 0.0, 0.0, 0.0, 0.0, 0.0, 0.0, 0.0, 0.0, 0.0, 0.0, 0.0, 0.0, 0.0, 0.0, 0.0, 0.0, 0.0, 0.0, 0.0, 0.0, 0.0, 0.0, 0.0, 0.0, 0.0, 
0.0, 0.0, 0.0, 0.0, 0.0, 0.0, 0.0, 0.0, 0.0, 0.0, 0.0, 0.0, 0.0, 0.0, 0.0, 0.0, 0.0, 0.0, 0.0, 0.0, 0.0, 0.0, 0.0, 0.0, 0.0, 0.0, 0.0, 0.0, 0.0, 0.0, 
0.8610265814988571, 0.0, 0.0, 0.0, 0.0, 80.58314426595796, 0.0, 2.409774494450389, 35.01901216260581, 0.0, 59.692549956383736, 59.43640608946405, 0.0, 0.0, 0.0, 0.0, 0.0, 0.0, 0.0, 0.0, 0.0, 0.0, 0.0, 0.0, 192.91848155034344, 1.5012202003824513, 0.0, 0.0, 0.0, 82.80167878876965, 
0.0, 0.0, 447.08825230141775, 0.0, 0.0, 196.96265780622707, 0.0, 90.18573313770966, 63.428872992313075, 0.0, 60.16294304842832, 0.0, 0.0, 0.0, 0.0, 0.0, 0.0, 0.0, 0.0, 0.0, 0.0, 0.0, 0.0, 0.0, 136.8208884525251, 0.3436104205676014, 0.0, 1.431574731271323, 0.0, 74.75428406139194, 
353.8097381071758, 0.0, 0.0, 0.0, 0.0, 218.82636933088338, 0.0, 120.59177820044849, 0.0, 0.0, 47.083082714777476, 21.536895403729076, 0.0, 0.0, 0.0, 0.0, 0.0, 0.0, 0.0, 0.0, 0.0, 0.0, 0.0, 0.0, 774.8290732578708, 154.32852774752033, 0.0, 3.820615162133724, 0.0, 177.4912318047149, 
69.61399020643618, 0.0, 377.76086791797854, 0.0, 228.8063257361166, 5.239714640415328, 0.0, 113.4828302154629, 3.085123897282091, 0.0, 3.223044902315434, 4.656200922844099, 42.5553803797572, 0.0, 61.39343089189957, 0.0, 0.0, 0.0, 0.0, 144.37347271771392, 0.0, 0.0, 0.0, 0.0, 0.0, 0.0, 0.0, 1.888279896291405, 0.0, 0.0, 
0.0, 0.0, 0.0, 0.0, 0.0, 0.0, 0.0, 0.0, 0.0, 0.0, 0.0, 0.0, 0.0, 0.0, 0.0, 0.0, 0.0, 0.0, 0.0, 0.0, 0.0, 0.0, 0.0, 0.0, 0.0, 0.0, 0.0, 0.0, 0.0, 0.0, 
0.04685782357360468, 0.0, 0.07115077236713904, 0.0, 0.03015369450343805, 0.026124472974075663, 0.0, 0.13132774139264827, 1088.870466423447, 0.0, 0.0, 0.09304322816543076, 0.0067748289267452015, 0.0, 0.07198617284762959, 0.0, 0.0, 0.0, 0.0, 0.074298777935043, 0.0, 0.0, 0.0, 0.0, 0.0, 0.0, 0.0, 15.996045184898529, 0.0, 0.012842781336138299, 
146.0529710867016, 0.0, 429.0605719198939, 0.0, 201.88258431414056, 218.51712973643114, 0.0, 237.91752946789276, 166.45412856356077, 0.0, 92.77019380016984, 22.589933700899103, 89.24031414314189, 0.0, 147.4045001378309, 0.0, 0.0, 24.86853687007475, 0.0, 388.76413179935923, 0.0, 0.0, 0.0, 0.0, 0.0, 0.0, 0.0, 146.63183224438302, 0.0, 151.70830146207913, 
0.0, 0.0, 0.0, 0.0, 0.10781371118851599, 0.4300801531121567, 0.0, 92.13383866659505, 36.89168735707362, 0.0, 0.0, 45.16493149664126, 99.4775130941647, 0.0, 0.0, 0.0, 0.0, 204.1742587738288, 0.0, 4.678529758556341, 0.0, 0.0, 0.0, 0.0, 0.0, 0.0, 0.0, 0.0, 0.0, 21.756604873823054, 
0.38060926396490136, 0.0, 311.8241492852532, 0.0, 0.0, 0.0, 0.0, 0.0, 118.14579190651578, 0.0, 367.8502922494471, 0.0, 0.0, 0.0, 0.0, 0.0, 0.0, 0.0, 0.0, 1.026377351393012, 0.0, 0.0, 0.0, 0.0, 341.3927128467494, 0.0, 0.0, 0.5251805865832904, 0.0, 71.70554091861516, 
218.4233712452643, 0.0, 5.275362870410076, 0.0, 0.0, 193.05666943176345, 0.0, 99.28655205442716, 0.0, 0.0, 0.0, 20.817006651040327, 192.74217344643284, 0.0, 69.90922512793307, 0.0, 0.0, 0.21496846280696325, 0.0, 27.9918347943143, 0.0, 0.0, 0.0, 0.0, 264.5530810546824, 0.0, 0.0, 0.0, 0.0, 0.0, 
