0.0, 0.0, 0.0, 0.0, 0.0, 0.0, 0.0, 0.0, 0.0, 0.0, 0.0, 0.0, 0.0, 0.0, 0.0, 0.0, 0.0, 0.0, 0.0, 0.0, 0.0, 0.0, 0.0, 0.0, 0.0, 0.0, 0.0, 0.0, 0.0, 0.0, 
0.0, 0.0, 0.0, 0.0, 0.0, 0.0, 0.0, 1.1747838562333706, 107.37019933538369, 0.0, 71.23009380195916, 118.35926889911113, 104.15530719510996, 0.0, 0.0, 0.0, 0.0, 4.4886392414476175, 0.0, 231.60505833846005, 0.0, 0.0, 0.0, 0.0, 0.7716243905068438, 0.7224934980519334, 0.0, 96.471695209407, 0.0, 136.71552806025633, 
0.0, 0.0, 0.0, 0.0, 0.0, 0.0, 0.0, 0.0, 0.0, 0.0, 0.0, 0.0, 0.0, 0.0, 0.0, 0.0, 0.0, 0.0, 0.0, 0.0, 0.0, 0.0, 0.0, 0.0, 0.0, 0.0, 0.0, 0.0, 0.0, 0.0, 
0.0, 0.0, 0.0, 0.0, 0.0, 0.0, 0.0, 43.34168352999195, 8.35962127581573, 0.0, 14.610117105701551, 18.957127906751325, 5.394909083618504, 0.0, 0.0, 0.0, 0.0, 65.29755768113873, 0.0, 283.93496654858995, 0.0, 0.0, 0.0, 0.0, 0.0, 274.8902205841491, 0.0, 0.723168224659001, 0.0, 8.987535743018357, 
0.0, 0.0, 0.0, 0.0, 0.0, 0.0, 0.0, 18.216783132882405, 18.338417350774847, 0.0, 31.672658762031148, 6.7054755084548745, 41.8285844760517, 0.0, 7.03000437435886, 0.0, 0.0, 0.7363139776722696, 0.0, 16.783761032942632, 0.0, 0.0, 0.0, 0.0, 61.406068953020984, 16.26626821441702, 0.0, 0.0, 0.0, 8.23355273720752, 
0.0, 0.0, 0.0, 0.0, 0.0, 0.0, 0.0, 0.0, 0.0, 0.0, 0.0, 0.0, 0.0, 0.0, 0.0, 0.0, 0.0, 0.0, 0.0, 0.0, 0.0, 0.0, 0.0, 0.0, 0.0, 0.0, 0.0, 0.0, 0.0, 0.0, 
0.0, 0.0, 0.0, 0.0, 0.0, 0.0, 0.0, 277.57595999239675, 36.63838458990044, 0.0, 55.561309045284325, 46.50172751163812, 139.51507426158364, 0.0, 167.28152152609516, 0.0, 0.0, 0.0, 0.0, 115.12863269393266, 0.0, 0.0, 0.0, 0.0, 694.3853236474422, 205.21936298804852, 0.0, 45.48927160895013, 0.0, 144.37937766878085, 
1.3199153998264432, 0.0, 3.597458891076702, 0.0, 0.0, 55.63187254754058, 0.0, 0.0, 205.6887705726327, 0.0, 226.5040927082306, 128.56578712799183, 232.2883704629098, 0.0, 0.0, 0.0, 0.0, 0.9283495516819729, 0.0, 5.900074232564197, 0.0, 0.0, 0.0, 0.0, 10.314259214547612, 0.5000980387848456, 0.0, 37.067619191821876, 0.0, 401.58179087746714, 
391.03188432757133, 0.0, 0.43336776095558743, 0.0, 0.0, 262.79942522517246, 0.0, 0.0, 0.0, 0.0, 0.0, 46.87002264551769, 99.38325839249995, 0.0, 40.28425777537224, 0.0, 0.0, 0.9804915048416234, 0.0, 3.7435387411110232, 0.0, 0.0, 0.0, 0.0, 518.4071319991199, 185.68785415952647, 0.0, 31.364467770181694, 0.0, 0.0, 
281.4913453218123, 0.0, 3.0532253461108243, 0.0, 23.099019557365022, 151.36348009003078, 0.0, 140.6770136217933, 0.0, 0.0, 0.0, 148.3076372780533, 1018.2753704110171, 0.0, 352.38337238693106, 0.0, 0.0, 0.0, 0.0, 5.249196752268798, 0.0, 0.0, 0.0, 0.0, 295.2716671792473, 0.0, 0.0, 23.401647264517916, 0.0, 0.0, 
0.0, 0.0, 0.0, 0.0, 0.0, 0.0, 0.0, 0.0, 0.0, 0.0, 0.0, 0.0, 0.0, 0.0, 0.0, 0.0, 0.0, 0.0, 0.0, 0.0, 0.0, 0.0, 0.0, 0.0, 0.0, 0.0, 0.0, 0.0, 0.0, 0.0, 
0.0, 0.0, 0.0, 0.0, 0.0, 0.0, 0.0, 0.0, 0.0, 0.0, 0.0, 0.0, 0.0, 0.0, 0.0, 0.0, 0.0, 0.0, 0.0, 0.0, 0.0, 0.0, 0.0, 0.0, 0.0, 0.0, 0.0, 0.0, 0.0, 0.0, 
0.0, 0.0, 0.0, 0.0, 0.0, 0.0, 0.0, 0.0, 0.0, 0.0, 0.0, 0.0, 0.0, 0.0, 0.0, 0.0, 0.0, 0.0, 0.0, 0.0, 0.0, 0.0, 0.0, 0.0, 0.0, 0.0, 0.0, 0.0, 0.0, 0.0, 
2.1519801063663406, 0.0, 2.4198505244502697, 0.0, 8.192225645752858, 484.35998828814684, 0.0, 481.4073890373117, 0.0, 0.0, 455.27391016170884, 0.0, 0.0, 0.0, 0.0, 0.0, 0.0, 0.0, 0.0, 0.0, 0.0, 0.0, 0.0, 0.0, 52.038763588037966, 0.2927669813934559, 0.0, 6.61305352309767, 0.0, 344.7402056222437, 
0.0, 0.0, 0.0, 0.0, 0.0, 0.0, 0.0, 0.0, 0.0, 0.0, 0.0, 0.0, 0.0, 0.0, 0.0, 0.0, 0.0, 0.0, 0.0, 0.0, 0.0, 0.0, 0.0, 0.0, 0.0, 0.0, 0.0, 0.0, 0.0, 0.0, 
0.605395596057972, 0.0, 0.08582607939190676, 0.0, 0.9141657100952162, 183.70015870038358, 0.0, 42.913742887070406, 0.0, 0.0, 129.4021873253041, 0.0, 0.0, 0.0, 0.0, 0.0, 0.0, 0.0, 0.0, 9.820389629678633, 0.0, 0.0, 0.0, 0.0, 36.09782517430438, 1.281275131495318, 0.0, 0.7530053030054615, 0.0, 143.32918200563893, 
0.0, 0.0, 0.0, 0.0, 0.0, 0.0, 0.0, 0.0, 0.0, 0.0, 0.0, 0.0, 0.0, 0.0, 0.0, 0.0, 0.0, 0.0, 0.0, 0.0, 0.0, 0.0, 0.0, 0.0, 0.0, 0.0, 0.0, 0.0, 0.0, 0.0, 
0.0, 0.0, 0.0, 0.0, 0.0, 0.0, 0.0, 0.0, 0.0, 0.0, 0.0, 0.0, 0.0, 0.0, 0.0, 0.0, 0.0, 0.0, 0.0, 0.0, 0.0, 0.0, 0.0, 0.0, 0.0, 0.0, 0.0, 0.0, 0.0, 0.0, 
0.0, 0.0, 0.0, 0.0, 0.0, 0.0, 0.0, 0.0, 0.0, 0.0, 0.0, 0.0, 0.0, 0.0, 0.0, 0.0, 0.0, 0.0, 0.0, 0.0, 0.0, 0.0, 0.0, 0.0, 0.0, 0.0, 0.0, 0.0, 0.0, 0.0, 
0.0, 0.0, 0.0, 0.0, 0.0, 0.0, 0.0, 0.0, 0.0, 0.0, 0.0, 0.0, 0.0, 0.0, 0.0, 0.0, 0.0, 0.0, 0.0, 0.0, 0.0, 0.0, 0.0, 0.0, 0.0, 0.0, 0.0, 0.0, 0.0, 0.0, 
1.7734536735711732, 0.0, 0.0, 0.0, 0.0, 75.76918385148484, 0.0, 13.147029783675702, 20.45151762874076, 0.0, 63.506608136918, 68.37260821386096, 0.0, 0.0, 0.0, 0.0, 0.0, 0.0, 0.0, 0.0, 0.0, 0.0, 0.0, 0.0, 223.58634178376454, 0.15761042866563738, 0.0, 0.0, 0.0, 40.66592770577922, 
0.0, 0.0, 554.1550806543839, 0.0, 0.0, 106.37379343433055, 0.0, 110.53823686378782, 49.531112777054, 0.0, 72.36318010819512, 0.0, 0.0, 0.0, 0.0, 0.0, 0.0, 0.0, 0.0, 0.0, 0.0, 0.0, 0.0, 0.0, 82.29273756620861, 0.5479330018812116, 0.0, 1.3077094519497394, 0.0, 95.06068227187373, 
387.1260972959361, 0.0, 0.0, 0.0, 0.0, 216.70881408170462, 0.0, 40.257940668342094, 0.0, 0.0, 106.02458320538943, 18.801072045841654, 0.0, 0.0, 0.0, 0.0, 0.0, 0.0, 0.0, 0.0, 0.0, 0.0, 0.0, 0.0, 782.9979777261814, 100.01375821364184, 0.0, 1.2277170334046497, 0.0, 194.51276670474442, 
62.46217856308121, 0.0, 307.72397113735315, 0.0, 269.3635845036621, 27.389252307833537, 0.0, 92.51313815557218, 4.685085326350823, 0.0, 17.981093760584617, 6.378510036847775, 74.98244941760495, 0.0, 57.42990842030632, 0.0, 0.0, 0.0, 0.0, 142.66203515295766, 0.0, 0.0, 0.0, 0.0, 0.0, 0.0, 0.0, 2.4072953537768114, 0.0, 0.0, 
0.0, 0.0, 0.0, 0.0, 0.0, 0.0, 0.0, 0.0, 0.0, 0.0, 0.0, 0.0, 0.0, 0.0, 0.0, 0.0, 0.0, 0.0, 0.0, 0.0, 0.0, 0.0, 0.0, 0.0, 0.0, 0.0, 0.0, 0.0, 0.0, 0.0, 
0.11559979236490289, 0.0, 0.12158592966913376, 0.0, 0.0663733258411594, 0.08980326049297846, 0.0, 0.10813386323405463, 1036.1406666790474, 0.0, 0.0, 0.23398470172548, 0.13602642735130474, 0.0, 0.09562508621944256, 0.0, 0.0, 0.0, 0.0, 0.04368734449735036, 0.0, 0.0, 0.0, 0.0, 0.0, 0.0, 0.0, 53.7533121944324, 0.0, 0.200795027573991, 
153.03818599505135, 0.0, 463.2547778715928, 0.0, 139.5560024721496, 215.17765516484303, 0.0, 330.25428560532, 251.39273836685413, 0.0, 24.010245186137155, 26.88634957859016, 91.08603226805475, 0.0, 111.5280387497382, 0.0, 0.0, 63.505922185980744, 0.0, 352.0963720269517, 0.0, 0.0, 0.0, 0.0, 0.0, 0.0, 0.0, 171.055450088545, 0.0, 78.37735173051227, 
0.0, 0.0, 0.0, 0.0, 0.3663001534798733, 1.2922034629461854, 0.0, 80.0100975408222, 18.923819635627947, 0.0, 0.0, 61.21163907091781, 62.70932804053942, 0.0, 0.0, 0.0, 0.0, 209.6465627288179, 0.0, 12.660863361956881, 0.0, 0.0, 0.0, 0.0, 0.0, 0.0, 0.0, 0.0, 0.0, 72.48659369452099, 
1.65417838026936, 0.0, 231.09926345201586, 0.0, 0.0, 0.0, 0.0, 0.0, 142.99098178650226, 0.0, 223.86427247830017, 0.0, 0.0, 0.0, 0.0, 0.0, 0.0, 0.0, 0.0, 1.3484667163019626, 0.0, 0.0, 0.0, 0.0, 375.65038430587185, 0.0, 0.0, 4.830503146168976, 0.0, 661.180593635296, 
233.63403427734846, 0.0, 2.5862230937591955, 0.0, 0.0, 128.6453699462723, 0.0, 117.96388521223886, 0.0, 0.0, 0.0, 68.81097037664459, 204.61436056118671, 0.0, 82.97828938418134, 0.0, 0.0, 4.001580793379836, 0.0, 44.706557847105124, 0.0, 0.0, 0.0, 0.0, 294.46659793016926, 0.0, 0.0, 0.0, 0.0, 0.0, 
