0.0, 0.0, 0.0, 0.0, 0.0, 0.0, 0.0, 0.0, 0.0, 0.0, 0.0, 0.0, 0.0, 0.0, 0.0, 0.0, 0.0, 0.0, 0.0, 0.0, 0.0, 0.0, 0.0, 0.0, 0.0, 0.0, 0.0, 0.0, 0.0, 0.0, 
0.0, 0.0, 0.0, 0.0, 0.0, 0.0, 0.0, 0.8490783146888008, 90.06954550237538, 0.0, 56.49485489032111, 114.27957887767744, 159.19618882336937, 0.0, 0.0, 0.0, 0.0, 20.913086277247206, 0.0, 154.3647101853526, 0.0, 0.0, 0.0, 0.0, 20.65594347557094, 10.930443913927688, 0.0, 41.82527177032812, 0.0, 245.52044917284707, 
0.0, 0.0, 0.0, 0.0, 0.0, 0.0, 0.0, 0.0, 0.0, 0.0, 0.0, 0.0, 0.0, 0.0, 0.0, 0.0, 0.0, 0.0, 0.0, 0.0, 0.0, 0.0, 0.0, 0.0, 0.0, 0.0, 0.0, 0.0, 0.0, 0.0, 
0.0, 0.0, 0.0, 0.0, 0.0, 0.0, 0.0, 29.945449027757302, 41.6584089425928, 0.0, 4.558816818972926, 26.179035538234427, 7.888694774277047, 0.0, 0.0, 0.0, 0.0, 43.81612989626204, 0.0, 252.63942142905933, 0.0, 0.0, 0.0, 0.0, 0.0, 308.6101552633764, 0.0, 9.866613487487575, 0.0, 22.292656739796527, 
0.0, 0.0, 0.0, 0.0, 0.0, 0.0, 0.0, 4.340294310736043, 47.498912307483025, 0.0, 13.56597957510344, 12.328300810101998, 6.357673628819474, 0.0, 28.573890041112527, 0.0, 0.0, 3.133616791878074, 0.0, 25.69890428603573, 0.0, 0.0, 0.0, 0.0, 30.384189645154827, 12.452283653160153, 0.0, 0.0, 0.0, 53.4197360403096, 
0.0, 0.0, 0.0, 0.0, 0.0, 0.0, 0.0, 0.0, 0.0, 0.0, 0.0, 0.0, 0.0, 0.0, 0.0, 0.0, 0.0, 0.0, 0.0, 0.0, 0.0, 0.0, 0.0, 0.0, 0.0, 0.0, 0.0, 0.0, 0.0, 0.0, 
0.0, 0.0, 0.0, 0.0, 0.0, 0.0, 0.0, 371.7354969969381, 93.22088250240301, 0.0, 59.1380301289951, 31.896807479365656, 61.14158062392825, 0.0, 87.92023536458161, 0.0, 0.0, 0.0, 0.0, 73.11950406756074, 0.0, 0.0, 0.0, 0.0, 722.4753295493905, 159.84312428074804, 0.0, 85.21022617124952, 0.0, 147.42376288285854, 
25.360908019424958, 0.0, 0.21743301185645514, 0.0, 0.0, 39.3249290258189, 0.0, 0.0, 136.122282358875, 0.0, 233.11375597341578, 77.88600719895109, 186.86793606592985, 0.0, 0.0, 0.0, 0.0, 8.306496812390323, 0.0, 29.5157440071208, 0.0, 0.0, 0.0, 0.0, 46.14021403524849, 22.811933208305092, 0.0, 9.115139817499264, 0.0, 520.5137433521874, 
544.9051301189737, 0.0, 26.96630121808637, 0.0, 0.0, 352.36974245476193, 0.0, 0.0, 0.0, 0.0, 0.0, 112.68840462030322, 88.57635414319637, 0.0, 43.99933151146013, 0.0, 0.0, 0.7887790623963, 0.0, 34.924444077811984, 0.0, 0.0, 0.0, 0.0, 351.8602871287179, 105.91205276436146, 0.0, 30.290421954955818, 0.0, 0.0, 
268.31949715208856, 0.0, 6.5366509565389155, 0.0, 8.053295744015312, 165.56209763322641, 0.0, 202.20477665527525, 0.0, 0.0, 0.0, 93.49934838432915, 1043.2863030145675, 0.0, 392.5396261855687, 0.0, 0.0, 0.0, 0.0, 30.22551766833302, 0.0, 0.0, 0.0, 0.0, 285.67098211775397, 0.0, 0.0, 11.920483705727781, 0.0, 0.0, 
0.0, 0.0, 0.0, 0.0, 0.0, 0.0, 0.0, 0.0, 0.0, 0.0, 0.0, 0.0, 0.0, 0.0, 0.0, 0.0, 0.0, 0.0, 0.0, 0.0, 0.0, 0.0, 0.0, 0.0, 0.0, 0.0, 0.0, 0.0, 0.0, 0.0, 
0.0, 0.0, 0.0, 0.0, 0.0, 0.0, 0.0, 0.0, 0.0, 0.0, 0.0, 0.0, 0.0, 0.0, 0.0, 0.0, 0.0, 0.0, 0.0, 0.0, 0.0, 0.0, 0.0, 0.0, 0.0, 0.0, 0.0, 0.0, 0.0, 0.0, 
0.0, 0.0, 0.0, 0.0, 0.0, 0.0, 0.0, 0.0, 0.0, 0.0, 0.0, 0.0, 0.0, 0.0, 0.0, 0.0, 0.0, 0.0, 0.0, 0.0, 0.0, 0.0, 0.0, 0.0, 0.0, 0.0, 0.0, 0.0, 0.0, 0.0, 
6.591805384718116, 0.0, 12.22427544334304, 0.0, 7.764910330124985, 407.91618810191954, 0.0, 347.1498909096047, 0.0, 0.0, 468.21727153319716, 0.0, 0.0, 0.0, 0.0, 0.0, 0.0, 0.0, 0.0, 0.0, 0.0, 0.0, 0.0, 0.0, 6.381809178522828, 7.449731504187375, 0.0, 5.791315870966443, 0.0, 580.3943118096918, 
0.0, 0.0, 0.0, 0.0, 0.0, 0.0, 0.0, 0.0, 0.0, 0.0, 0.0, 0.0, 0.0, 0.0, 0.0, 0.0, 0.0, 0.0, 0.0, 0.0, 0.0, 0.0, 0.0, 0.0, 0.0, 0.0, 0.0, 0.0, 0.0, 0.0, 
23.010875423096735, 0.0, 4.665389672779589, 0.0, 0.608350250051834, 140.82775146331153, 0.0, 46.21248243792687, 0.0, 0.0, 217.51682362174864, 0.0, 0.0, 0.0, 0.0, 0.0, 0.0, 0.0, 0.0, 8.427601250190984, 0.0, 0.0, 0.0, 0.0, 89.36093394147252, 0.17084223964440604, 0.0, 1.6426519838811051, 0.0, 81.99374502710049, 
0.0, 0.0, 0.0, 0.0, 0.0, 0.0, 0.0, 0.0, 0.0, 0.0, 0.0, 0.0, 0.0, 0.0, 0.0, 0.0, 0.0, 0.0, 0.0, 0.0, 0.0, 0.0, 0.0, 0.0, 0.0, 0.0, 0.0, 0.0, 0.0, 0.0, 
0.0, 0.0, 0.0, 0.0, 0.0, 0.0, 0.0, 0.0, 0.0, 0.0, 0.0, 0.0, 0.0, 0.0, 0.0, 0.0, 0.0, 0.0, 0.0, 0.0, 0.0, 0.0, 0.0, 0.0, 0.0, 0.0, 0.0, 0.0, 0.0, 0.0, 
0.0, 0.0, 0.0, 0.0, 0.0, 0.0, 0.0, 0.0, 0.0, 0.0, 0.0, 0.0, 0.0, 0.0, 0.0, 0.0, 0.0, 0.0, 0.0, 0.0, 0.0, 0.0, 0.0, 0.0, 0.0, 0.0, 0.0, 0.0, 0.0, 0.0, 
0.0, 0.0, 0.0, 0.0, 0.0, 0.0, 0.0, 0.0, 0.0, 0.0, 0.0, 0.0, 0.0, 0.0, 0.0, 0.0, 0.0, 0.0, 0.0, 0.0, 0.0, 0.0, 0.0, 0.0, 0.0, 0.0, 0.0, 0.0, 0.0, 0.0, 
4.935170148053427, 0.0, 0.0, 0.0, 0.0, 45.667733473284166, 0.0, 48.24544166288589, 51.232067019091375, 0.0, 91.99442709431945, 32.79505884099746, 0.0, 0.0, 0.0, 0.0, 0.0, 0.0, 0.0, 0.0, 0.0, 0.0, 0.0, 0.0, 181.44355225118923, 17.583383209659242, 0.0, 0.0, 0.0, 19.69895761834364, 
0.0, 0.0, 522.7490637266494, 0.0, 0.0, 92.98179095406749, 0.0, 63.106059518859794, 33.131495081069836, 0.0, 55.88180284009497, 0.0, 0.0, 0.0, 0.0, 0.0, 0.0, 0.0, 0.0, 0.0, 0.0, 0.0, 0.0, 0.0, 224.6786340525875, 3.792513157765463, 0.0, 61.15769743733935, 0.0, 45.439399331637354, 
377.8833089818454, 0.0, 0.0, 0.0, 0.0, 170.41383078484932, 0.0, 91.70906969541363, 0.0, 0.0, 52.81957693248037, 118.08182203805399, 0.0, 0.0, 0.0, 0.0, 0.0, 0.0, 0.0, 0.0, 0.0, 0.0, 0.0, 0.0, 758.8219466152927, 156.16814757784425, 0.0, 22.99063784914652, 0.0, 142.70496950667257, 
39.016522591653896, 0.0, 272.89424961800336, 0.0, 136.96023740349622, 66.74755572071342, 0.0, 82.0436621966956, 70.87955009914229, 0.0, 86.06470931563518, 6.665199836486496, 74.9780224341348, 0.0, 28.964287768903006, 0.0, 0.0, 0.0, 0.0, 154.53796736758588, 0.0, 0.0, 0.0, 0.0, 0.0, 0.0, 0.0, 16.402490413999995, 0.0, 0.0, 
0.0, 0.0, 0.0, 0.0, 0.0, 0.0, 0.0, 0.0, 0.0, 0.0, 0.0, 0.0, 0.0, 0.0, 0.0, 0.0, 0.0, 0.0, 0.0, 0.0, 0.0, 0.0, 0.0, 0.0, 0.0, 0.0, 0.0, 0.0, 0.0, 0.0, 
5.508885566782166, 0.0, 2.23347592446501, 0.0, 1.1288409507454964, 0.07429413086344873, 0.0, 0.8225449743158634, 1087.2520063184556, 0.0, 0.0, 1.9718616602747736, 1.358352847504948, 0.0, 3.353908576009166, 0.0, 0.0, 0.0, 0.0, 1.7645882787280356, 0.0, 0.0, 0.0, 0.0, 0.0, 0.0, 0.0, 26.937841656382673, 0.0, 0.8111628781938428, 
155.34434397815554, 0.0, 439.3370734949509, 0.0, 137.12258401358005, 265.90516975339466, 0.0, 200.9153282055504, 121.05296775023866, 0.0, 45.59448674829484, 84.4463221295704, 145.29106084344173, 0.0, 75.08046682526239, 0.0, 0.0, 91.01710022608232, 0.0, 419.05629144335506, 0.0, 0.0, 0.0, 0.0, 0.0, 0.0, 0.0, 165.12462172369032, 0.0, 61.57244689915147, 
0.0, 0.0, 0.0, 0.0, 2.623713431941515, 0.11872177041641052, 0.0, 90.69102442758502, 56.65083232538298, 0.0, 0.0, 6.155284003521696, 51.81243020204012, 0.0, 0.0, 0.0, 0.0, 208.46313037354096, 0.0, 28.645736961571718, 0.0, 0.0, 0.0, 0.0, 0.0, 0.0, 0.0, 0.0, 0.0, 42.5356489506739, 
24.676175956876808, 0.0, 271.4266617706615, 0.0, 0.0, 0.0, 0.0, 0.0, 80.33013318093722, 0.0, 102.79584231923818, 0.0, 0.0, 0.0, 0.0, 0.0, 0.0, 0.0, 0.0, 7.1481445972766675, 0.0, 0.0, 0.0, 0.0, 361.9999372631876, 0.0, 0.0, 18.833879444648254, 0.0, 1610.0188871788505, 
113.6193163427077, 0.0, 4.669868604613387, 0.0, 0.0, 117.00891474077676, 0.0, 194.08295949804926, 0.0, 0.0, 0.0, 73.89481583732912, 169.09823044960626, 0.0, 107.95434302321377, 0.0, 0.0, 2.265558856536104, 0.0, 17.090496386298607, 0.0, 0.0, 0.0, 0.0, 315.1074171174328, 0.0, 0.0, 0.0, 0.0, 0.0, 
