0.0, 0.0, 0.0, 0.0, 0.0, 0.0, 0.0, 0.0, 0.0, 0.0, 0.0, 0.0, 0.0, 0.0, 0.0, 0.0, 0.0, 0.0, 0.0, 0.0, 0.0, 0.0, 0.0, 0.0, 0.0, 0.0, 0.0, 0.0, 0.0, 0.0, 
0.0, 0.0, 0.0, 0.0, 0.0, 0.0, 0.0, 1.8639160363375583E-5, 78.313614862373, 0.0, 48.85626409376883, 76.10511884378076, 100.32282937667779, 0.0, 0.0, 0.0, 0.0, 1.0846538423833314E-5, 0.0, 249.59081455374545, 0.0, 0.0, 0.0, 0.0, 6.345330415443289E-6, 4.045052983243356E-6, 0.0, 100.13756020202011, 0.0, 215.5321688210117, 
0.0, 0.0, 0.0, 0.0, 0.0, 0.0, 0.0, 0.0, 0.0, 0.0, 0.0, 0.0, 0.0, 0.0, 0.0, 0.0, 0.0, 0.0, 0.0, 0.0, 0.0, 0.0, 0.0, 0.0, 0.0, 0.0, 0.0, 0.0, 0.0, 0.0, 
0.0, 0.0, 0.0, 0.0, 0.0, 0.0, 0.0, 98.40748950548753, 0.004176238778497695, 0.0, 0.6122945970688077, 0.15507755457666497, 4.454652687775731, 0.0, 0.0, 0.0, 0.0, 39.92670644052785, 0.0, 314.2363995644257, 0.0, 0.0, 0.0, 0.0, 0.0, 275.6265397167924, 0.0, 1.1093726809421784E-6, 0.0, 3.939066123954605E-5, 
0.0, 0.0, 0.0, 0.0, 0.0, 0.0, 0.0, 65.92629181454876, 1.771261943618035E-4, 0.0, 0.2385401415658735, 0.0034616258663769804, 86.15938804774181, 0.0, 2.4637426203390133E-6, 0.0, 0.0, 1.1174500927229698E-6, 0.0, 7.540694893253903E-6, 0.0, 0.0, 0.0, 0.0, 61.91530697394643, 9.419028052853028, 0.0, 0.0, 0.0, 3.771577382505783E-5, 
0.0, 0.0, 0.0, 0.0, 0.0, 0.0, 0.0, 0.0, 0.0, 0.0, 0.0, 0.0, 0.0, 0.0, 0.0, 0.0, 0.0, 0.0, 0.0, 0.0, 0.0, 0.0, 0.0, 0.0, 0.0, 0.0, 0.0, 0.0, 0.0, 0.0, 
0.0, 0.0, 0.0, 0.0, 0.0, 0.0, 0.0, 178.0576089438243, 45.95153333328197, 0.0, 44.773498402294116, 68.36762392924535, 56.65205383022271, 0.0, 380.57008975025576, 0.0, 0.0, 0.0, 0.0, 143.6538229579159, 0.0, 0.0, 0.0, 0.0, 652.3181632663071, 210.37485363280751, 0.0, 94.33196163067821, 0.0, 51.79098895475141, 
6.078350176309717E-6, 0.0, 8.476950439474705E-6, 0.0, 0.0, 70.85754146806254, 0.0, 0.0, 192.75347947481941, 0.0, 99.91680766422168, 93.29629597016026, 324.1917324654087, 0.0, 0.0, 0.0, 0.0, 1.101818636177244E-6, 0.0, 2.1541719309356726E-4, 0.0, 0.0, 0.0, 0.0, 3.3017047792322135E-5, 2.125646665361427E-5, 0.0, 0.2339073518695184, 0.0, 526.0102322145259, 
346.2121927757482, 0.0, 1.7340404549607708E-5, 0.0, 0.0, 155.65660609405563, 0.0, 0.0, 0.0, 0.0, 0.0, 133.11190751200704, 129.1422927551896, 0.0, 0.20813941265361396, 0.0, 0.0, 9.703737762212806E-6, 0.0, 0.09548384928642839, 0.0, 0.0, 0.0, 0.0, 373.97974139148806, 164.59661999288846, 0.0, 53.27227290190996, 0.0, 0.0, 
240.76724155706225, 0.0, 5.194837930013606E-6, 0.0, 0.0020427699603560202, 150.6206918165783, 0.0, 117.9974877295012, 0.0, 0.0, 0.0, 175.48913038526373, 1016.4627022256234, 0.0, 218.70898030537987, 0.0, 0.0, 0.0, 0.0, 3.3871628205760506E-4, 0.0, 0.0, 0.0, 0.0, 532.0533037284096, 0.0, 0.0, 0.014410390951802828, 0.0, 0.0, 
0.0, 0.0, 0.0, 0.0, 0.0, 0.0, 0.0, 0.0, 0.0, 0.0, 0.0, 0.0, 0.0, 0.0, 0.0, 0.0, 0.0, 0.0, 0.0, 0.0, 0.0, 0.0, 0.0, 0.0, 0.0, 0.0, 0.0, 0.0, 0.0, 0.0, 
0.0, 0.0, 0.0, 0.0, 0.0, 0.0, 0.0, 0.0, 0.0, 0.0, 0.0, 0.0, 0.0, 0.0, 0.0, 0.0, 0.0, 0.0, 0.0, 0.0, 0.0, 0.0, 0.0, 0.0, 0.0, 0.0, 0.0, 0.0, 0.0, 0.0, 
0.0, 0.0, 0.0, 0.0, 0.0, 0.0, 0.0, 0.0, 0.0, 0.0, 0.0, 0.0, 0.0, 0.0, 0.0, 0.0, 0.0, 0.0, 0.0, 0.0, 0.0, 0.0, 0.0, 0.0, 0.0, 0.0, 0.0, 0.0, 0.0, 0.0, 
4.89091787539168E-6, 0.0, 1.0416259475574233E-5, 0.0, 11.437851246564454, 149.76184130869518, 0.0, 777.435956119425, 0.0, 0.0, 132.98741880324414, 0.0, 0.0, 0.0, 0.0, 0.0, 0.0, 0.0, 0.0, 0.0, 0.0, 0.0, 0.0, 0.0, 187.83311024695078, 1.5893633490236882E-6, 0.0, 0.0012497331251293336, 0.0, 587.2818662840164, 
0.0, 0.0, 0.0, 0.0, 0.0, 0.0, 0.0, 0.0, 0.0, 0.0, 0.0, 0.0, 0.0, 0.0, 0.0, 0.0, 0.0, 0.0, 0.0, 0.0, 0.0, 0.0, 0.0, 0.0, 0.0, 0.0, 0.0, 0.0, 0.0, 0.0, 
9.890665928390888E-7, 0.0, 1.6026225440050815E-6, 0.0, 1.244912974789236E-6, 579.7518582834665, 0.0, 15.483089126123486, 0.0, 0.0, 112.13011375628375, 0.0, 0.0, 0.0, 0.0, 0.0, 0.0, 0.0, 0.0, 4.355405576828871E-6, 0.0, 0.0, 0.0, 0.0, 26.943074298884106, 1.5817421587299E-6, 0.0, 4.703671390339583E-6, 0.0, 33.75989166233849, 
0.0, 0.0, 0.0, 0.0, 0.0, 0.0, 0.0, 0.0, 0.0, 0.0, 0.0, 0.0, 0.0, 0.0, 0.0, 0.0, 0.0, 0.0, 0.0, 0.0, 0.0, 0.0, 0.0, 0.0, 0.0, 0.0, 0.0, 0.0, 0.0, 0.0, 
0.0, 0.0, 0.0, 0.0, 0.0, 0.0, 0.0, 0.0, 0.0, 0.0, 0.0, 0.0, 0.0, 0.0, 0.0, 0.0, 0.0, 0.0, 0.0, 0.0, 0.0, 0.0, 0.0, 0.0, 0.0, 0.0, 0.0, 0.0, 0.0, 0.0, 
0.0, 0.0, 0.0, 0.0, 0.0, 0.0, 0.0, 0.0, 0.0, 0.0, 0.0, 0.0, 0.0, 0.0, 0.0, 0.0, 0.0, 0.0, 0.0, 0.0, 0.0, 0.0, 0.0, 0.0, 0.0, 0.0, 0.0, 0.0, 0.0, 0.0, 
0.0, 0.0, 0.0, 0.0, 0.0, 0.0, 0.0, 0.0, 0.0, 0.0, 0.0, 0.0, 0.0, 0.0, 0.0, 0.0, 0.0, 0.0, 0.0, 0.0, 0.0, 0.0, 0.0, 0.0, 0.0, 0.0, 0.0, 0.0, 0.0, 0.0, 
6.3812722561574375E-6, 0.0, 0.0, 0.0, 0.0, 19.638424050643398, 0.0, 38.7073476269816, 0.005824481913739655, 0.0, 42.838403129780254, 65.72801078602113, 0.0, 0.0, 0.0, 0.0, 0.0, 0.0, 0.0, 0.0, 0.0, 0.0, 0.0, 0.0, 344.89218437141466, 3.801839198687238E-6, 0.0, 0.0, 0.0, 1.2014556757918559E-4, 
0.0, 0.0, 565.5300577861086, 0.0, 0.0, 175.00758514498816, 0.0, 112.30340990439912, 79.0438900698088, 0.0, 20.06312145655768, 0.0, 0.0, 0.0, 0.0, 0.0, 0.0, 0.0, 0.0, 0.0, 0.0, 0.0, 0.0, 0.0, 2.7254671874640284E-5, 2.3640911270408906E-6, 0.0, 1.3901590367441314E-5, 0.0, 104.67252047236583, 
466.8358304031553, 0.0, 0.0, 0.0, 0.0, 47.66420729602549, 0.0, 41.57336526120594, 0.0, 0.0, 1.4890050218905948, 0.045737760252239426, 0.0, 0.0, 0.0, 0.0, 0.0, 0.0, 0.0, 0.0, 0.0, 0.0, 0.0, 0.0, 670.830902218997, 143.46561446404712, 0.0, 1.03195760221164E-5, 0.0, 484.9864849010419, 
77.01502923065297, 0.0, 282.3770312636108, 0.0, 312.3242657532026, 141.3824520106149, 0.0, 19.535767616364446, 2.0713912422328082E-6, 0.0, 2.0809299579270516E-5, 4.335272524360403E-5, 112.39994172244386, 0.0, 18.161817840944888, 0.0, 0.0, 0.0, 0.0, 85.10784716753315, 0.0, 0.0, 0.0, 0.0, 0.0, 0.0, 0.0, 4.326097547034102E-6, 0.0, 0.0, 
0.0, 0.0, 0.0, 0.0, 0.0, 0.0, 0.0, 0.0, 0.0, 0.0, 0.0, 0.0, 0.0, 0.0, 0.0, 0.0, 0.0, 0.0, 0.0, 0.0, 0.0, 0.0, 0.0, 0.0, 0.0, 0.0, 0.0, 0.0, 0.0, 0.0, 
2.642592958265412E-7, 0.0, 9.073528569562437E-8, 0.0, 5.283735191591836E-7, 3.173744560018516E-7, 0.0, 3.300248741046882E-7, 1108.8479631978794, 0.0, 0.0, 3.0864507856605284E-7, 3.318111232584702E-7, 0.0, 4.385728352982892E-7, 0.0, 0.0, 0.0, 0.0, 6.078307830554483E-7, 0.0, 0.0, 0.0, 0.0, 0.0, 0.0, 0.0, 7.626104607319167E-5, 0.0, 5.380439932138709E-7, 
139.10089456839347, 0.0, 478.407948650836, 0.0, 205.6839060698613, 113.10109274724935, 0.0, 0.5672227936434523, 298.3240469472554, 0.0, 488.7210417301179, 1.5096509505005485E-4, 33.68412774987648, 0.0, 96.16318706703953, 0.0, 0.0, 38.68890637033657, 0.0, 356.19163828898905, 0.0, 0.0, 0.0, 0.0, 0.0, 0.0, 0.0, 210.60463632680677, 0.0, 2.2466891615138662E-5, 
0.0, 0.0, 0.0, 0.0, 2.134406896747502E-6, 3.908113178123426E-7, 0.0, 194.70817671742068, 36.19656529326196, 0.0, 0.0, 18.1591834280278, 49.029423123597226, 0.0, 0.0, 0.0, 0.0, 208.92074902174696, 0.0, 5.225979829660173E-6, 0.0, 0.0, 0.0, 0.0, 0.0, 0.0, 0.0, 0.0, 0.0, 2.475116236998459E-4, 
5.414333339270009E-6, 0.0, 255.29568367735973, 0.0, 0.0, 0.0, 0.0, 0.0, 52.47448210365404, 0.0, 501.04957841761063, 0.0, 0.0, 0.0, 0.0, 0.0, 0.0, 0.0, 0.0, 92.64507043005231, 0.0, 0.0, 0.0, 0.0, 453.13548440965315, 0.0, 0.0, 0.473822633849715, 0.0, 506304.991722066, 
244.17047178207855, 0.0, 8.741424290125555E-6, 0.0, 0.0, 294.2176790818469, 0.0, 96.8334788167081, 0.0, 0.0, 0.0, 141.80313619904587, 130.28419689341146, 0.0, 107.50981767276491, 0.0, 0.0, 1.4631961692318884E-5, 0.0, 8.770507574579251E-6, 0.0, 0.0, 0.0, 0.0, 136.22475830132927, 0.0, 0.0, 0.0, 0.0, 0.0, 
