0.0, 0.0, 0.0, 0.0, 0.0, 0.0, 0.0, 0.0, 0.0, 0.0, 0.0, 0.0, 0.0, 0.0, 0.0, 0.0, 0.0, 0.0, 0.0, 0.0, 0.0, 0.0, 0.0, 0.0, 0.0, 0.0, 0.0, 0.0, 0.0, 0.0, 
0.0, 0.0, 0.0, 0.0, 0.0, 0.0, 0.0, 11.16742683155059, 93.93051842755324, 0.0, 109.16231970476409, 67.33662932985408, 143.04477689277564, 0.0, 0.0, 0.0, 0.0, 9.645794722542739, 0.0, 217.04569157817025, 0.0, 0.0, 0.0, 0.0, 1.9046699719980138, 4.11992406996483, 0.0, 88.6317922193418, 0.0, 120.06380698378304, 
0.0, 0.0, 0.0, 0.0, 0.0, 0.0, 0.0, 0.0, 0.0, 0.0, 0.0, 0.0, 0.0, 0.0, 0.0, 0.0, 0.0, 0.0, 0.0, 0.0, 0.0, 0.0, 0.0, 0.0, 0.0, 0.0, 0.0, 0.0, 0.0, 0.0, 
0.0, 0.0, 0.0, 0.0, 0.0, 0.0, 0.0, 22.67917576781016, 22.520509143373562, 0.0, 19.67026487900447, 39.441058528635224, 28.671009274836543, 0.0, 0.0, 0.0, 0.0, 93.54494123098203, 0.0, 215.3190554049874, 0.0, 0.0, 0.0, 0.0, 0.0, 295.03835758714234, 0.0, 3.0014250512687894, 0.0, 13.415630440319966, 
0.0, 0.0, 0.0, 0.0, 0.0, 0.0, 0.0, 5.3594436420355045, 26.1315819832281, 0.0, 29.294709568287082, 27.630144915444376, 16.50372874392398, 0.0, 19.110120845197187, 0.0, 0.0, 2.1977799354423246, 0.0, 12.969950238510906, 0.0, 0.0, 0.0, 0.0, 45.055424107547445, 16.023293104971994, 0.0, 0.0, 0.0, 24.242152932677904, 
0.0, 0.0, 0.0, 0.0, 0.0, 0.0, 0.0, 0.0, 0.0, 0.0, 0.0, 0.0, 0.0, 0.0, 0.0, 0.0, 0.0, 0.0, 0.0, 0.0, 0.0, 0.0, 0.0, 0.0, 0.0, 0.0, 0.0, 0.0, 0.0, 0.0, 
0.0, 0.0, 0.0, 0.0, 0.0, 0.0, 0.0, 297.8885570707435, 96.9672199048529, 0.0, 84.72872297022155, 52.17546973398425, 99.08690351817172, 0.0, 84.64235871028714, 0.0, 0.0, 0.0, 0.0, 81.3580114776663, 0.0, 0.0, 0.0, 0.0, 841.8237604406803, 209.1901614231437, 0.0, 38.53056681685108, 0.0, 32.06760585947856, 
2.1929305308883817, 0.0, 14.458515089944568, 0.0, 0.0, 10.043631610644823, 0.0, 0.0, 230.31505467316083, 0.0, 206.59543899361182, 49.67317149333181, 193.6685027663769, 0.0, 0.0, 0.0, 0.0, 9.707150143481666, 0.0, 60.26061995455479, 0.0, 0.0, 0.0, 0.0, 15.57405106569674, 5.34171406105148, 0.0, 16.410647988266845, 0.0, 497.4282847267481, 
347.01670126587965, 0.0, 12.70879404737697, 0.0, 0.0, 399.91405702832515, 0.0, 0.0, 0.0, 0.0, 0.0, 89.36622533430867, 47.59160318355271, 0.0, 72.17059557576856, 0.0, 0.0, 2.3441424937522037, 0.0, 6.150671736176776, 0.0, 0.0, 0.0, 0.0, 464.79062047143236, 150.33918083542304, 0.0, 14.996639348641713, 0.0, 0.0, 
220.01389757225866, 0.0, 6.8603319042094855, 0.0, 4.480595988086199, 162.44413820615856, 0.0, 149.5920043476767, 0.0, 0.0, 0.0, 88.89829210437915, 1016.667089546131, 0.0, 400.3596382627972, 0.0, 0.0, 0.0, 0.0, 4.367278870229552, 0.0, 0.0, 0.0, 0.0, 380.1990398093371, 0.0, 0.0, 42.41855417461051, 0.0, 0.0, 
0.0, 0.0, 0.0, 0.0, 0.0, 0.0, 0.0, 0.0, 0.0, 0.0, 0.0, 0.0, 0.0, 0.0, 0.0, 0.0, 0.0, 0.0, 0.0, 0.0, 0.0, 0.0, 0.0, 0.0, 0.0, 0.0, 0.0, 0.0, 0.0, 0.0, 
0.0, 0.0, 0.0, 0.0, 0.0, 0.0, 0.0, 0.0, 0.0, 0.0, 0.0, 0.0, 0.0, 0.0, 0.0, 0.0, 0.0, 0.0, 0.0, 0.0, 0.0, 0.0, 0.0, 0.0, 0.0, 0.0, 0.0, 0.0, 0.0, 0.0, 
0.0, 0.0, 0.0, 0.0, 0.0, 0.0, 0.0, 0.0, 0.0, 0.0, 0.0, 0.0, 0.0, 0.0, 0.0, 0.0, 0.0, 0.0, 0.0, 0.0, 0.0, 0.0, 0.0, 0.0, 0.0, 0.0, 0.0, 0.0, 0.0, 0.0, 
7.157418679053022, 0.0, 2.956583586443146, 0.0, 24.504301584890154, 355.55626282446525, 0.0, 411.5785386476524, 0.0, 0.0, 313.70387226623353, 0.0, 0.0, 0.0, 0.0, 0.0, 0.0, 0.0, 0.0, 0.0, 0.0, 0.0, 0.0, 0.0, 78.96615507296458, 1.2657329634792667, 0.0, 11.92817754648611, 0.0, 676.5757414893902, 
0.0, 0.0, 0.0, 0.0, 0.0, 0.0, 0.0, 0.0, 0.0, 0.0, 0.0, 0.0, 0.0, 0.0, 0.0, 0.0, 0.0, 0.0, 0.0, 0.0, 0.0, 0.0, 0.0, 0.0, 0.0, 0.0, 0.0, 0.0, 0.0, 0.0, 
3.947515147275063, 0.0, 1.149622080373992, 0.0, 3.5743832298209783, 272.45428583487455, 0.0, 31.195542382759914, 0.0, 0.0, 121.64985819750824, 0.0, 0.0, 0.0, 0.0, 0.0, 0.0, 0.0, 0.0, 9.16151817700073, 0.0, 0.0, 0.0, 0.0, 72.45945516216204, 0.3261319387776451, 0.0, 1.281216625363117, 0.0, 127.44693086903776, 
0.0, 0.0, 0.0, 0.0, 0.0, 0.0, 0.0, 0.0, 0.0, 0.0, 0.0, 0.0, 0.0, 0.0, 0.0, 0.0, 0.0, 0.0, 0.0, 0.0, 0.0, 0.0, 0.0, 0.0, 0.0, 0.0, 0.0, 0.0, 0.0, 0.0, 
0.0, 0.0, 0.0, 0.0, 0.0, 0.0, 0.0, 0.0, 0.0, 0.0, 0.0, 0.0, 0.0, 0.0, 0.0, 0.0, 0.0, 0.0, 0.0, 0.0, 0.0, 0.0, 0.0, 0.0, 0.0, 0.0, 0.0, 0.0, 0.0, 0.0, 
0.0, 0.0, 0.0, 0.0, 0.0, 0.0, 0.0, 0.0, 0.0, 0.0, 0.0, 0.0, 0.0, 0.0, 0.0, 0.0, 0.0, 0.0, 0.0, 0.0, 0.0, 0.0, 0.0, 0.0, 0.0, 0.0, 0.0, 0.0, 0.0, 0.0, 
0.0, 0.0, 0.0, 0.0, 0.0, 0.0, 0.0, 0.0, 0.0, 0.0, 0.0, 0.0, 0.0, 0.0, 0.0, 0.0, 0.0, 0.0, 0.0, 0.0, 0.0, 0.0, 0.0, 0.0, 0.0, 0.0, 0.0, 0.0, 0.0, 0.0, 
10.903145096154951, 0.0, 0.0, 0.0, 0.0, 41.36877967986726, 0.0, 63.9095242766499, 79.93269967690303, 0.0, 54.45641327263084, 55.68413430599345, 0.0, 0.0, 0.0, 0.0, 0.0, 0.0, 0.0, 0.0, 0.0, 0.0, 0.0, 0.0, 164.34225217036575, 2.0573125861875496, 0.0, 0.0, 0.0, 92.40535142218238, 
0.0, 0.0, 518.5330678555409, 0.0, 0.0, 112.75387025359683, 0.0, 78.89759671561075, 76.65590689372364, 0.0, 23.802555407569127, 0.0, 0.0, 0.0, 0.0, 0.0, 0.0, 0.0, 0.0, 0.0, 0.0, 0.0, 0.0, 0.0, 181.78575909530832, 3.1411852620856515, 0.0, 1.607944139929578, 0.0, 76.16618963299278, 
523.2165614577677, 0.0, 0.0, 0.0, 0.0, 248.20952296048245, 0.0, 36.60864223490217, 0.0, 0.0, 48.666220013497664, 67.18279943164521, 0.0, 0.0, 0.0, 0.0, 0.0, 0.0, 0.0, 0.0, 0.0, 0.0, 0.0, 0.0, 601.9568911861992, 105.44842056565099, 0.0, 31.99315990369559, 0.0, 166.6524391108705, 
95.3476212468998, 0.0, 330.77505153236723, 0.0, 178.82770852884337, 0.7862527125259917, 0.0, 98.24777176138427, 25.342580178144875, 0.0, 9.785455968197208, 4.4211547686690675, 50.01876731000249, 0.0, 55.510998821941534, 0.0, 0.0, 0.0, 0.0, 190.50091625205735, 0.0, 0.0, 0.0, 0.0, 0.0, 0.0, 0.0, 8.464484100989239, 0.0, 0.0, 
0.0, 0.0, 0.0, 0.0, 0.0, 0.0, 0.0, 0.0, 0.0, 0.0, 0.0, 0.0, 0.0, 0.0, 0.0, 0.0, 0.0, 0.0, 0.0, 0.0, 0.0, 0.0, 0.0, 0.0, 0.0, 0.0, 0.0, 0.0, 0.0, 0.0, 
0.7725511287199727, 0.0, 0.5892865863579456, 0.0, 0.48219510873451865, 0.7407098376102246, 0.0, 0.6910550961701947, 1096.1579397760477, 0.0, 0.0, 0.1824513873922039, 1.6949130228855327, 0.0, 0.3422855461269596, 0.0, 0.0, 0.0, 0.0, 0.8012914076451306, 0.0, 0.0, 0.0, 0.0, 0.0, 0.0, 0.0, 9.570669343996427, 0.0, 1.1741505558722796, 
119.73026755607228, 0.0, 401.2369162308586, 0.0, 251.78341192144566, 172.33997325312387, 0.0, 228.78527555930648, 62.70628268172227, 0.0, 109.61249339949734, 41.903631332326086, 186.23524039671696, 0.0, 156.27498681958025, 0.0, 0.0, 59.05764653407315, 0.0, 350.0067322763055, 0.0, 0.0, 0.0, 0.0, 0.0, 0.0, 0.0, 174.3916581623334, 0.0, 150.4721035988375, 
0.0, 0.0, 0.0, 0.0, 4.960492195752454, 2.430692449218949, 0.0, 122.36592952657986, 19.816683253865158, 0.0, 0.0, 40.97308542015486, 88.10527515767258, 0.0, 0.0, 0.0, 0.0, 196.6425104563357, 0.0, 14.695877654349657, 0.0, 0.0, 0.0, 0.0, 0.0, 0.0, 0.0, 0.0, 0.0, 12.152942580072494, 
17.16750289453804, 0.0, 256.00276164139734, 0.0, 0.0, 0.0, 0.0, 0.0, 74.48337376839773, 0.0, 366.1738332831244, 0.0, 0.0, 0.0, 0.0, 0.0, 0.0, 0.0, 0.0, 2.468275767771088, 0.0, 0.0, 0.0, 0.0, 323.0188667084323, 0.0, 0.0, 11.984938520844292, 0.0, 4037.025495722237, 
172.77505266678017, 0.0, 12.355660339492768, 0.0, 0.0, 117.47018639305772, 0.0, 229.65476123891378, 0.0, 0.0, 0.0, 108.12906815246816, 215.2257207116815, 0.0, 45.43062472035581, 0.0, 0.0, 4.039870327847013, 0.0, 25.40749722322906, 0.0, 0.0, 0.0, 0.0, 234.79586909479332, 0.0, 0.0, 0.0, 0.0, 0.0, 
