0.0, 0.0, 0.0, 0.0, 0.0, 0.0, 0.0, 0.0, 0.0, 0.0, 0.0, 0.0, 0.0, 0.0, 0.0, 0.0, 0.0, 0.0, 0.0, 0.0, 0.0, 0.0, 0.0, 0.0, 0.0, 0.0, 0.0, 0.0, 0.0, 0.0, 
0.0, 0.0, 0.0, 0.0, 0.0, 0.0, 0.0, 0.0, 0.0, 0.0, 26.864024168973323, 7.6685015079914765, 4.741146323455736, 0.0, 0.0, 0.0, 0.0, 5.693981598805797, 0.0, 357.65144084961236, 0.0, 0.0, 0.0, 0.0, 0.10937268363253594, 0.12615567263374317, 0.0, 64.01304835994215, 0.0, 411.40863124815417, 
0.0, 0.0, 0.0, 0.0, 0.0, 0.0, 0.0, 0.0, 0.0, 0.0, 0.0, 0.0, 0.0, 0.0, 0.0, 0.0, 0.0, 0.0, 0.0, 0.0, 0.0, 0.0, 0.0, 0.0, 0.0, 0.0, 0.0, 0.0, 0.0, 0.0, 
0.0, 0.0, 0.0, 0.0, 0.0, 0.0, 0.0, 0.4503619549086624, 0.8496723478681467, 0.0, 110.909625717318, 23.56948651644586, 2.7846562810099895, 0.0, 0.0, 0.0, 0.0, 51.59698274797475, 0.0, 224.13503816194748, 0.0, 0.0, 0.0, 0.0, 0.0, 327.71602979844636, 0.0, 0.2865522571660062, 0.0, 2.3921888300552085, 
0.0, 0.0, 0.0, 0.0, 0.0, 0.0, 0.0, 22.064241641016725, 0.11740567850498929, 0.0, 22.38179437762905, 6.743317478511424, 22.781277008946443, 0.0, 4.50082758949677, 0.0, 0.0, 0.3782615570355752, 0.0, 0.629409050145413, 0.0, 0.0, 0.0, 0.0, 96.40345022624841, 53.713800705107786, 0.0, 0.0, 0.0, 0.0, 
0.0, 0.0, 0.0, 0.0, 0.0, 0.0, 0.0, 0.0, 0.0, 0.0, 0.0, 0.0, 0.0, 0.0, 0.0, 0.0, 0.0, 0.0, 0.0, 0.0, 0.0, 0.0, 0.0, 0.0, 0.0, 0.0, 0.0, 0.0, 0.0, 0.0, 
0.0, 0.0, 0.0, 0.0, 0.0, 0.0, 0.0, 555.3321861071158, 4.389461552226914, 0.0, 31.816003517443736, 31.202477716528175, 90.50849051729575, 0.0, 183.69569020256282, 0.0, 0.0, 0.0, 0.0, 93.5237063109618, 0.0, 0.0, 0.0, 0.0, 790.1794116985244, 120.55063412092399, 0.0, 30.755018228136976, 0.0, 1.0791260856348739, 
0.26960855240742987, 0.0, 0.3191014307685758, 0.0, 0.0, 105.48304026422845, 0.0, 0.0, 73.86730924656875, 0.0, 148.40525740462613, 140.86925857049098, 285.9597520712803, 0.0, 0.0, 0.0, 0.0, 0.2579737532305004, 0.0, 72.48181565664757, 0.0, 0.0, 0.0, 0.0, 21.13477016707521, 0.53392365324062, 0.0, 9.123913212211399, 0.0, 446.45272018929876, 
87.72793327643474, 0.0, 6.478654432066411, 0.0, 0.0, 120.10109206225356, 0.0, 0.0, 0.0, 0.0, 0.0, 207.0571224821446, 79.41684861453847, 0.0, 51.037052051534474, 0.0, 0.0, 0.015401134634773772, 0.0, 16.61645066392542, 0.0, 0.0, 0.0, 0.0, 619.7335221997563, 275.7470821695653, 0.0, 54.06025156311328, 0.0, 0.0, 
420.90708013111185, 0.0, 0.9658426381324303, 0.0, 4.993984292658682, 10.600801358618295, 0.0, 102.77665806922626, 0.0, 0.0, 0.0, 15.834337220796634, 1016.9986821668737, 0.0, 355.1863783928481, 0.0, 0.0, 0.0, 0.0, 72.01906718536283, 0.0, 0.0, 0.0, 0.0, 411.98652704081195, 0.0, 0.0, 36.7865556961639, 0.0, 0.0, 
0.0, 0.0, 0.0, 0.0, 0.0, 0.0, 0.0, 0.0, 0.0, 0.0, 0.0, 0.0, 0.0, 0.0, 0.0, 0.0, 0.0, 0.0, 0.0, 0.0, 0.0, 0.0, 0.0, 0.0, 0.0, 0.0, 0.0, 0.0, 0.0, 0.0, 
0.0, 0.0, 0.0, 0.0, 0.0, 0.0, 0.0, 0.0, 0.0, 0.0, 0.0, 0.0, 0.0, 0.0, 0.0, 0.0, 0.0, 0.0, 0.0, 0.0, 0.0, 0.0, 0.0, 0.0, 0.0, 0.0, 0.0, 0.0, 0.0, 0.0, 
0.0, 0.0, 0.0, 0.0, 0.0, 0.0, 0.0, 0.0, 0.0, 0.0, 0.0, 0.0, 0.0, 0.0, 0.0, 0.0, 0.0, 0.0, 0.0, 0.0, 0.0, 0.0, 0.0, 0.0, 0.0, 0.0, 0.0, 0.0, 0.0, 0.0, 
0.19010335846436632, 0.0, 177.67215290131645, 0.0, 0.0938230608464874, 448.8557116282284, 0.0, 669.0102798425135, 0.0, 0.0, 127.67113169391048, 0.0, 0.0, 0.0, 0.0, 0.0, 0.0, 0.0, 0.0, 0.0, 0.0, 0.0, 0.0, 0.0, 24.19639381467181, 0.0, 0.0, 5.674027053157449, 0.0, 395.15694468979035, 
0.0, 0.0, 0.0, 0.0, 0.0, 0.0, 0.0, 0.0, 0.0, 0.0, 0.0, 0.0, 0.0, 0.0, 0.0, 0.0, 0.0, 0.0, 0.0, 0.0, 0.0, 0.0, 0.0, 0.0, 0.0, 0.0, 0.0, 0.0, 0.0, 0.0, 
0.38290290198278454, 0.0, 0.0, 0.0, 0.0, 14.144487787854542, 0.0, 19.780209723672616, 0.0, 0.0, 374.34042028165834, 0.0, 0.0, 0.0, 0.0, 0.0, 0.0, 0.0, 0.0, 0.0, 0.0, 0.0, 0.0, 0.0, 11.859416843361947, 0.0, 0.0, 0.0, 0.0, 153.70756395056745, 
0.0, 0.0, 0.0, 0.0, 0.0, 0.0, 0.0, 0.0, 0.0, 0.0, 0.0, 0.0, 0.0, 0.0, 0.0, 0.0, 0.0, 0.0, 0.0, 0.0, 0.0, 0.0, 0.0, 0.0, 0.0, 0.0, 0.0, 0.0, 0.0, 0.0, 
0.0, 0.0, 0.0, 0.0, 0.0, 0.0, 0.0, 0.0, 0.0, 0.0, 0.0, 0.0, 0.0, 0.0, 0.0, 0.0, 0.0, 0.0, 0.0, 0.0, 0.0, 0.0, 0.0, 0.0, 0.0, 0.0, 0.0, 0.0, 0.0, 0.0, 
0.0, 0.0, 0.0, 0.0, 0.0, 0.0, 0.0, 0.0, 0.0, 0.0, 0.0, 0.0, 0.0, 0.0, 0.0, 0.0, 0.0, 0.0, 0.0, 0.0, 0.0, 0.0, 0.0, 0.0, 0.0, 0.0, 0.0, 0.0, 0.0, 0.0, 
0.0, 0.0, 0.0, 0.0, 0.0, 0.0, 0.0, 0.0, 0.0, 0.0, 0.0, 0.0, 0.0, 0.0, 0.0, 0.0, 0.0, 0.0, 0.0, 0.0, 0.0, 0.0, 0.0, 0.0, 0.0, 0.0, 0.0, 0.0, 0.0, 0.0, 
0.0, 0.0, 0.0, 0.0, 0.0, 144.86235200258412, 0.0, 0.0, 0.0, 0.0, 8.75262591107312, 14.612022946694447, 0.0, 0.0, 0.0, 0.0, 0.0, 0.0, 0.0, 0.0, 0.0, 0.0, 0.0, 0.0, 319.19733508075154, 0.21015718090733326, 0.0, 0.0, 0.0, 23.144168458156035, 
0.0, 0.0, 661.5263115233096, 0.0, 0.0, 160.58618231060012, 0.0, 131.06263296862642, 42.262192438948134, 0.0, 66.74149896070448, 0.0, 0.0, 0.0, 0.0, 0.0, 0.0, 0.0, 0.0, 0.0, 0.0, 0.0, 0.0, 0.0, 2.066447820341988, 0.15229187666243593, 0.0, 8.73110986067177, 0.0, 1.0749934083601476, 
586.511245814565, 0.0, 0.0, 0.0, 0.0, 114.6078074993564, 0.0, 68.9701496536958, 0.0, 0.0, 321.50547399821147, 71.77035901665246, 0.0, 0.0, 0.0, 0.0, 0.0, 0.0, 0.0, 0.0, 0.0, 0.0, 0.0, 0.0, 632.4745012179769, 32.58896501647912, 0.0, 1.274901662777328, 0.0, 28.01056045310224, 
179.41669237389186, 0.0, 309.914346842513, 0.0, 191.6715719614835, 125.607564287746, 0.0, 18.100119502711067, 2.5462459282032945, 0.0, 17.064016067290577, 0.25081283193906234, 1.0808441385416478, 0.0, 35.556974124521965, 0.0, 0.0, 0.0, 0.0, 167.12427065703156, 0.0, 0.0, 0.0, 0.0, 0.0, 0.0, 0.0, 0.0, 0.0, 0.0, 
0.0, 0.0, 0.0, 0.0, 0.0, 0.0, 0.0, 0.0, 0.0, 0.0, 0.0, 0.0, 0.0, 0.0, 0.0, 0.0, 0.0, 0.0, 0.0, 0.0, 0.0, 0.0, 0.0, 0.0, 0.0, 0.0, 0.0, 0.0, 0.0, 0.0, 
0.0, 0.0, 0.0, 0.0, 3.61106006017331, 0.43322131265559066, 0.0, 0.4311858345032449, 1113.0296742498351, 0.0, 0.0, 0.0, 0.16583834793598706, 0.0, 0.0702527632389649, 0.0, 0.0, 0.0, 0.0, 0.01615275328809007, 0.0, 0.0, 0.0, 0.0, 0.0, 0.0, 0.0, 0.41223787426775127, 0.0, 1.0597567967559063, 
80.40707916796063, 0.0, 404.5900444058865, 0.0, 161.7998490870159, 312.3097604513932, 0.0, 21.027372848703372, 646.0879652200019, 0.0, 51.80897343001484, 26.287767139035743, 115.28693343973967, 0.0, 137.61002429808377, 0.0, 0.0, 74.8377453985225, 0.0, 184.948203381864, 0.0, 0.0, 0.0, 0.0, 0.0, 0.0, 0.0, 231.37212457658495, 0.0, 14.056099068601945, 
0.0, 0.0, 0.0, 0.0, 0.8976630400610031, 1.5895284885100724, 0.0, 145.1086004203394, 4.7355217898925055, 0.0, 0.0, 42.78884439488312, 58.900178700776515, 0.0, 0.0, 0.0, 0.0, 232.57357085244806, 0.0, 0.25484092813865544, 0.0, 0.0, 0.0, 0.0, 0.0, 0.0, 0.0, 0.0, 0.0, 43.276587165532895, 
1.9474908619209752, 0.0, 23.74989241188463, 0.0, 0.0, 0.0, 0.0, 0.0, 2.0553225443803447, 0.0, 190.14369630886662, 0.0, 0.0, 0.0, 0.0, 0.0, 0.0, 0.0, 0.0, 47.992793152970556, 0.0, 0.0, 0.0, 0.0, 298.2449315988873, 0.0, 0.0, 9.346674854342819, 0.0, 1325.4402429363695, 
157.85021607821426, 0.0, 0.1695486746600139, 0.0, 0.0, 335.3716668545274, 0.0, 0.3941875120843097, 0.0, 0.0, 0.0, 187.1174406500402, 366.3728908007209, 0.0, 54.861347269417884, 0.0, 0.0, 0.0, 0.0, 1.0196653068305084, 0.0, 0.0, 0.0, 0.0, 204.23215134219856, 0.0, 0.0, 0.0, 0.0, 0.0, 
