0.0, 0.0, 0.0, 0.0, 0.0, 0.0, 0.0, 0.0, 0.0, 0.0, 0.0, 0.0, 0.0, 0.0, 0.0, 0.0, 0.0, 0.0, 0.0, 0.0, 0.0, 0.0, 0.0, 0.0, 0.0, 0.0, 0.0, 0.0, 0.0, 0.0, 
0.0, 0.0, 0.0, 0.0, 0.0, 0.0, 0.0, 36.01724921935975, 65.78055876466627, 0.0, 104.15647622198429, 59.71965384440212, 128.41459232310604, 0.0, 0.0, 0.0, 0.0, 19.036965866528007, 0.0, 147.43988910877493, 0.0, 0.0, 0.0, 0.0, 10.880145023812235, 7.380364063494517, 0.0, 95.10804168252444, 0.0, 181.23869259431928, 
0.0, 0.0, 0.0, 0.0, 0.0, 0.0, 0.0, 0.0, 0.0, 0.0, 0.0, 0.0, 0.0, 0.0, 0.0, 0.0, 0.0, 0.0, 0.0, 0.0, 0.0, 0.0, 0.0, 0.0, 0.0, 0.0, 0.0, 0.0, 0.0, 0.0, 
0.0, 0.0, 0.0, 0.0, 0.0, 0.0, 0.0, 68.9634127115478, 19.87637585431739, 0.0, 7.562741717072373, 45.61497368698285, 10.68976778226125, 0.0, 0.0, 0.0, 0.0, 51.925978062081825, 0.0, 229.37451145248411, 0.0, 0.0, 0.0, 0.0, 0.0, 302.0644249219975, 0.0, 3.532833226099241, 0.0, 17.56412780820784, 
0.0, 0.0, 0.0, 0.0, 0.0, 0.0, 0.0, 22.676501054971645, 8.524289459321224, 0.0, 14.285061077618337, 16.769455421350923, 52.04024080857846, 0.0, 9.804320489107603, 0.0, 0.0, 1.705505575993202, 0.0, 25.787765091069502, 0.0, 0.0, 0.0, 0.0, 25.257231875294707, 4.503245199040912, 0.0, 0.0, 0.0, 8.407658047188189, 
0.0, 0.0, 0.0, 0.0, 0.0, 0.0, 0.0, 0.0, 0.0, 0.0, 0.0, 0.0, 0.0, 0.0, 0.0, 0.0, 0.0, 0.0, 0.0, 0.0, 0.0, 0.0, 0.0, 0.0, 0.0, 0.0, 0.0, 0.0, 0.0, 0.0, 
0.0, 0.0, 0.0, 0.0, 0.0, 0.0, 0.0, 235.24191676564286, 111.66045410427995, 0.0, 48.031070380905454, 69.9063997164857, 184.5938472123621, 0.0, 45.862950567473376, 0.0, 0.0, 0.0, 0.0, 110.67252198623156, 0.0, 0.0, 0.0, 0.0, 810.8003819871296, 179.48217381402642, 0.0, 53.98467194710018, 0.0, 61.02216986504362, 
10.55027020622726, 0.0, 15.310325251477746, 0.0, 0.0, 75.64687934424269, 0.0, 0.0, 162.49439921103405, 0.0, 222.62849191535662, 60.574969473984055, 206.91132421553772, 0.0, 0.0, 0.0, 0.0, 12.850787105737737, 0.0, 36.739495619230276, 0.0, 0.0, 0.0, 0.0, 82.23098721877862, 1.901034900622856, 0.0, 14.23560561017516, 0.0, 406.97273824277596, 
251.79852069982272, 0.0, 7.075274511005965, 0.0, 0.0, 274.2284692463864, 0.0, 0.0, 0.0, 0.0, 0.0, 88.79633994152813, 74.42480337346848, 0.0, 65.22744507040713, 0.0, 0.0, 6.006743643121603, 0.0, 8.105611143870348, 0.0, 0.0, 0.0, 0.0, 409.7377327605925, 139.42853215838514, 0.0, 41.119475092107585, 0.0, 0.0, 
360.7188537754839, 0.0, 11.748751964240451, 0.0, 20.17562326849614, 194.28167858214536, 0.0, 95.47984472376862, 0.0, 0.0, 0.0, 106.42012328341015, 1026.7345211304153, 0.0, 451.6254102599204, 0.0, 0.0, 0.0, 0.0, 14.492055382540455, 0.0, 0.0, 0.0, 0.0, 164.04114614462762, 0.0, 0.0, 1.7609982238752604, 0.0, 0.0, 
0.0, 0.0, 0.0, 0.0, 0.0, 0.0, 0.0, 0.0, 0.0, 0.0, 0.0, 0.0, 0.0, 0.0, 0.0, 0.0, 0.0, 0.0, 0.0, 0.0, 0.0, 0.0, 0.0, 0.0, 0.0, 0.0, 0.0, 0.0, 0.0, 0.0, 
0.0, 0.0, 0.0, 0.0, 0.0, 0.0, 0.0, 0.0, 0.0, 0.0, 0.0, 0.0, 0.0, 0.0, 0.0, 0.0, 0.0, 0.0, 0.0, 0.0, 0.0, 0.0, 0.0, 0.0, 0.0, 0.0, 0.0, 0.0, 0.0, 0.0, 
0.0, 0.0, 0.0, 0.0, 0.0, 0.0, 0.0, 0.0, 0.0, 0.0, 0.0, 0.0, 0.0, 0.0, 0.0, 0.0, 0.0, 0.0, 0.0, 0.0, 0.0, 0.0, 0.0, 0.0, 0.0, 0.0, 0.0, 0.0, 0.0, 0.0, 
18.612856750345923, 0.0, 26.801727518845784, 0.0, 21.98474200410113, 322.75658680815695, 0.0, 630.6735798470473, 0.0, 0.0, 410.2206173557258, 0.0, 0.0, 0.0, 0.0, 0.0, 0.0, 0.0, 0.0, 0.0, 0.0, 0.0, 0.0, 0.0, 16.54965007143408, 0.89650851556212, 0.0, 10.307093298189647, 0.0, 405.18695345142874, 
0.0, 0.0, 0.0, 0.0, 0.0, 0.0, 0.0, 0.0, 0.0, 0.0, 0.0, 0.0, 0.0, 0.0, 0.0, 0.0, 0.0, 0.0, 0.0, 0.0, 0.0, 0.0, 0.0, 0.0, 0.0, 0.0, 0.0, 0.0, 0.0, 0.0, 
3.2428460308393987, 0.0, 9.173004772958848, 0.0, 4.604386680200782, 228.0059854915192, 0.0, 96.7138108969835, 0.0, 0.0, 107.65542112822988, 0.0, 0.0, 0.0, 0.0, 0.0, 0.0, 0.0, 0.0, 12.668405934067149, 0.0, 0.0, 0.0, 0.0, 21.234716797073776, 11.290412535368253, 0.0, 8.798014739405753, 0.0, 155.64033398811205, 
0.0, 0.0, 0.0, 0.0, 0.0, 0.0, 0.0, 0.0, 0.0, 0.0, 0.0, 0.0, 0.0, 0.0, 0.0, 0.0, 0.0, 0.0, 0.0, 0.0, 0.0, 0.0, 0.0, 0.0, 0.0, 0.0, 0.0, 0.0, 0.0, 0.0, 
0.0, 0.0, 0.0, 0.0, 0.0, 0.0, 0.0, 0.0, 0.0, 0.0, 0.0, 0.0, 0.0, 0.0, 0.0, 0.0, 0.0, 0.0, 0.0, 0.0, 0.0, 0.0, 0.0, 0.0, 0.0, 0.0, 0.0, 0.0, 0.0, 0.0, 
0.0, 0.0, 0.0, 0.0, 0.0, 0.0, 0.0, 0.0, 0.0, 0.0, 0.0, 0.0, 0.0, 0.0, 0.0, 0.0, 0.0, 0.0, 0.0, 0.0, 0.0, 0.0, 0.0, 0.0, 0.0, 0.0, 0.0, 0.0, 0.0, 0.0, 
0.0, 0.0, 0.0, 0.0, 0.0, 0.0, 0.0, 0.0, 0.0, 0.0, 0.0, 0.0, 0.0, 0.0, 0.0, 0.0, 0.0, 0.0, 0.0, 0.0, 0.0, 0.0, 0.0, 0.0, 0.0, 0.0, 0.0, 0.0, 0.0, 0.0, 
6.240568557323303, 0.0, 0.0, 0.0, 0.0, 40.15962049160935, 0.0, 26.454171698367993, 83.05736431200019, 0.0, 61.26933659266404, 12.303160286986314, 0.0, 0.0, 0.0, 0.0, 0.0, 0.0, 0.0, 0.0, 0.0, 0.0, 0.0, 0.0, 221.30316500968476, 1.8858968163483756, 0.0, 0.0, 0.0, 57.02121745115666, 
0.0, 0.0, 565.6251021716125, 0.0, 0.0, 169.46496701773867, 0.0, 25.073200636868346, 21.020380408877926, 0.0, 40.42241071004942, 0.0, 0.0, 0.0, 0.0, 0.0, 0.0, 0.0, 0.0, 0.0, 0.0, 0.0, 0.0, 0.0, 122.16410407262993, 3.8765247073143025, 0.0, 20.62614520705658, 0.0, 95.830812585127, 
352.8833715708896, 0.0, 0.0, 0.0, 0.0, 209.66254182423555, 0.0, 101.31485192798489, 0.0, 0.0, 46.65762873700568, 68.08225000125313, 0.0, 0.0, 0.0, 0.0, 0.0, 0.0, 0.0, 0.0, 0.0, 0.0, 0.0, 0.0, 798.2233067189907, 131.9329798295439, 0.0, 35.49352816022895, 0.0, 130.87003807479388, 
60.09752598124612, 0.0, 271.70538872046944, 0.0, 193.73963645191978, 43.14046985935239, 0.0, 81.63780809626722, 44.52808277174961, 0.0, 43.21008424012164, 43.24642751248017, 73.78279113808912, 0.0, 40.92201846394629, 0.0, 0.0, 0.0, 0.0, 155.71691042189718, 0.0, 0.0, 0.0, 0.0, 0.0, 0.0, 0.0, 5.592127030147836, 0.0, 0.0, 
0.0, 0.0, 0.0, 0.0, 0.0, 0.0, 0.0, 0.0, 0.0, 0.0, 0.0, 0.0, 0.0, 0.0, 0.0, 0.0, 0.0, 0.0, 0.0, 0.0, 0.0, 0.0, 0.0, 0.0, 0.0, 0.0, 0.0, 0.0, 0.0, 0.0, 
0.874251779621084, 0.0, 0.7325120919282218, 0.0, 0.09753693287623633, 1.6403877175277632, 0.0, 2.190572409093444, 1087.7876081564193, 0.0, 0.0, 1.1685563684771314, 0.8178576058539941, 0.0, 0.644139339164347, 0.0, 0.0, 0.0, 0.0, 1.7891666005740618, 0.0, 0.0, 0.0, 0.0, 0.0, 0.0, 0.0, 21.181548752337687, 0.0, 3.3290696304378438, 
157.07943066926848, 0.0, 445.30037948217335, 0.0, 157.72509271675392, 243.10491769852428, 0.0, 196.9484656869594, 130.74445987217945, 0.0, 91.2822229782344, 48.65669643186702, 110.74338927741968, 0.0, 180.70310571734717, 0.0, 0.0, 21.401522084863903, 0.0, 388.0620474078812, 0.0, 0.0, 0.0, 0.0, 0.0, 0.0, 0.0, 131.75033738163114, 0.0, 111.06668934039692, 
0.0, 0.0, 0.0, 0.0, 11.156157303908664, 17.859833418430746, 0.0, 145.01596229460608, 11.59884660245173, 0.0, 0.0, 27.85852890534016, 47.09786212332941, 0.0, 0.0, 0.0, 0.0, 212.71360020222795, 0.0, 8.343399391105944, 0.0, 0.0, 0.0, 0.0, 0.0, 0.0, 0.0, 0.0, 0.0, 78.66704501925199, 
16.934564423705087, 0.0, 221.40507951337867, 0.0, 0.0, 0.0, 0.0, 0.0, 165.16531461020628, 0.0, 317.91005314899206, 0.0, 0.0, 0.0, 0.0, 0.0, 0.0, 0.0, 0.0, 15.856437615733103, 0.0, 0.0, 0.0, 0.0, 432.2181190372314, 0.0, 0.0, 14.603093117601324, 0.0, 2759.663537568582, 
286.0068962792744, 0.0, 3.73152973186518, 0.0, 0.0, 67.47934081080825, 0.0, 41.40800396469087, 0.0, 0.0, 0.0, 118.05815846152232, 134.53178157202106, 0.0, 46.688400085096625, 0.0, 0.0, 11.562021366360696, 0.0, 63.017061147204174, 0.0, 0.0, 0.0, 0.0, 309.20847018620583, 0.0, 0.0, 0.0, 0.0, 0.0, 
