0.0, 0.0, 0.0, 0.0, 0.0, 0.0, 0.0, 0.0, 0.0, 0.0, 0.0, 0.0, 0.0, 0.0, 0.0, 0.0, 0.0, 0.0, 0.0, 0.0, 0.0, 0.0, 0.0, 0.0, 0.0, 0.0, 0.0, 0.0, 0.0, 0.0, 
0.0, 0.0, 0.0, 0.0, 0.0, 0.0, 0.0, 1.02360910525598, 84.45555859638667, 0.0, 53.17478477663848, 78.88030457050331, 168.74552815329136, 0.0, 0.0, 0.0, 0.0, 0.4979732938094556, 0.0, 265.9624005714608, 0.0, 0.0, 0.0, 0.0, 1.0024481230943882, 0.23267093985059223, 0.0, 104.36316439737168, 0.0, 109.16079593131164, 
0.0, 0.0, 0.0, 0.0, 0.0, 0.0, 0.0, 0.0, 0.0, 0.0, 0.0, 0.0, 0.0, 0.0, 0.0, 0.0, 0.0, 0.0, 0.0, 0.0, 0.0, 0.0, 0.0, 0.0, 0.0, 0.0, 0.0, 0.0, 0.0, 0.0, 
0.0, 0.0, 0.0, 0.0, 0.0, 0.0, 0.0, 46.84988798898844, 2.652936160035733, 0.0, 12.240168473883664, 17.542490961366326, 25.648257034471516, 0.0, 0.0, 0.0, 0.0, 68.85106773971543, 0.0, 260.87099417527224, 0.0, 0.0, 0.0, 0.0, 0.0, 292.0225637480754, 0.0, 0.22076580172873847, 0.0, 11.695026790829147, 
0.0, 0.0, 0.0, 0.0, 0.0, 0.0, 0.0, 37.34487338905325, 11.618545017017297, 0.0, 13.847171794685938, 39.56994963416375, 3.6710137951920365, 0.0, 3.8058651939767554, 0.0, 0.0, 0.6793297489287283, 0.0, 5.974905089368692, 0.0, 0.0, 0.0, 0.0, 48.00895389837461, 31.09799863557536, 0.0, 0.0, 0.0, 18.154960431908215, 
0.0, 0.0, 0.0, 0.0, 0.0, 0.0, 0.0, 0.0, 0.0, 0.0, 0.0, 0.0, 0.0, 0.0, 0.0, 0.0, 0.0, 0.0, 0.0, 0.0, 0.0, 0.0, 0.0, 0.0, 0.0, 0.0, 0.0, 0.0, 0.0, 0.0, 
0.0, 0.0, 0.0, 0.0, 0.0, 0.0, 0.0, 218.73426187907293, 92.36603489329828, 0.0, 77.82269817312958, 38.46019893323416, 85.6980522408309, 0.0, 195.67028986017638, 0.0, 0.0, 0.0, 0.0, 121.19710968607582, 0.0, 0.0, 0.0, 0.0, 736.1548512439557, 170.9617005201, 0.0, 66.82420028373822, 0.0, 109.08637561299827, 
1.6903789135106626, 0.0, 3.348861782872611, 0.0, 0.0, 62.36332179609429, 0.0, 0.0, 186.2770023556036, 0.0, 266.1634058754756, 140.22028774599556, 247.4637227740378, 0.0, 0.0, 0.0, 0.0, 1.2642089066862505, 0.0, 45.48266129143339, 0.0, 0.0, 0.0, 0.0, 4.022737959779392, 3.6505892635705233, 0.0, 21.698114726351758, 0.0, 306.099130671612, 
293.3148737415518, 0.0, 8.239368098978328, 0.0, 0.0, 342.8661556080493, 0.0, 0.0, 0.0, 0.0, 0.0, 115.77148674458985, 79.92179136118868, 0.0, 55.67478335862259, 0.0, 0.0, 0.29858240439380274, 0.0, 6.536375151229169, 0.0, 0.0, 0.0, 0.0, 444.19841000998645, 210.54377768188482, 0.0, 28.824867178340643, 0.0, 0.0, 
260.15121955372723, 0.0, 3.134034185555136, 0.0, 14.215706340535272, 203.7449724935292, 0.0, 55.32466691204512, 0.0, 0.0, 0.0, 120.75547104874502, 1023.2968347893549, 0.0, 314.4129974314153, 0.0, 0.0, 0.0, 0.0, 6.722312536294903, 0.0, 0.0, 0.0, 0.0, 436.7919648688217, 0.0, 0.0, 17.112535800695323, 0.0, 0.0, 
0.0, 0.0, 0.0, 0.0, 0.0, 0.0, 0.0, 0.0, 0.0, 0.0, 0.0, 0.0, 0.0, 0.0, 0.0, 0.0, 0.0, 0.0, 0.0, 0.0, 0.0, 0.0, 0.0, 0.0, 0.0, 0.0, 0.0, 0.0, 0.0, 0.0, 
0.0, 0.0, 0.0, 0.0, 0.0, 0.0, 0.0, 0.0, 0.0, 0.0, 0.0, 0.0, 0.0, 0.0, 0.0, 0.0, 0.0, 0.0, 0.0, 0.0, 0.0, 0.0, 0.0, 0.0, 0.0, 0.0, 0.0, 0.0, 0.0, 0.0, 
0.0, 0.0, 0.0, 0.0, 0.0, 0.0, 0.0, 0.0, 0.0, 0.0, 0.0, 0.0, 0.0, 0.0, 0.0, 0.0, 0.0, 0.0, 0.0, 0.0, 0.0, 0.0, 0.0, 0.0, 0.0, 0.0, 0.0, 0.0, 0.0, 0.0, 
1.0255920929235245, 0.0, 2.1706004632220575, 0.0, 9.960385420798495, 265.37283613822973, 0.0, 348.63496042694777, 0.0, 0.0, 273.0981725628819, 0.0, 0.0, 0.0, 0.0, 0.0, 0.0, 0.0, 0.0, 0.0, 0.0, 0.0, 0.0, 0.0, 32.15264514994932, 1.5916439253243837, 0.0, 9.46504129298594, 0.0, 897.0450971076228, 
0.0, 0.0, 0.0, 0.0, 0.0, 0.0, 0.0, 0.0, 0.0, 0.0, 0.0, 0.0, 0.0, 0.0, 0.0, 0.0, 0.0, 0.0, 0.0, 0.0, 0.0, 0.0, 0.0, 0.0, 0.0, 0.0, 0.0, 0.0, 0.0, 0.0, 
0.7616938730946281, 0.0, 0.538727539784799, 0.0, 0.9788953237082312, 206.3493409435082, 0.0, 55.21747045682843, 0.0, 0.0, 207.25697587149185, 0.0, 0.0, 0.0, 0.0, 0.0, 0.0, 0.0, 0.0, 6.393474384920502, 0.0, 0.0, 0.0, 0.0, 87.32123822743944, 0.45616604089298346, 0.0, 1.4932811226999587, 0.0, 131.04977895374077, 
0.0, 0.0, 0.0, 0.0, 0.0, 0.0, 0.0, 0.0, 0.0, 0.0, 0.0, 0.0, 0.0, 0.0, 0.0, 0.0, 0.0, 0.0, 0.0, 0.0, 0.0, 0.0, 0.0, 0.0, 0.0, 0.0, 0.0, 0.0, 0.0, 0.0, 
0.0, 0.0, 0.0, 0.0, 0.0, 0.0, 0.0, 0.0, 0.0, 0.0, 0.0, 0.0, 0.0, 0.0, 0.0, 0.0, 0.0, 0.0, 0.0, 0.0, 0.0, 0.0, 0.0, 0.0, 0.0, 0.0, 0.0, 0.0, 0.0, 0.0, 
0.0, 0.0, 0.0, 0.0, 0.0, 0.0, 0.0, 0.0, 0.0, 0.0, 0.0, 0.0, 0.0, 0.0, 0.0, 0.0, 0.0, 0.0, 0.0, 0.0, 0.0, 0.0, 0.0, 0.0, 0.0, 0.0, 0.0, 0.0, 0.0, 0.0, 
0.0, 0.0, 0.0, 0.0, 0.0, 0.0, 0.0, 0.0, 0.0, 0.0, 0.0, 0.0, 0.0, 0.0, 0.0, 0.0, 0.0, 0.0, 0.0, 0.0, 0.0, 0.0, 0.0, 0.0, 0.0, 0.0, 0.0, 0.0, 0.0, 0.0, 
2.0955952032068756, 0.0, 0.0, 0.0, 0.0, 109.76357069444445, 0.0, 15.517299818655484, 33.101053592866684, 0.0, 57.18012767402527, 18.983691277228846, 0.0, 0.0, 0.0, 0.0, 0.0, 0.0, 0.0, 0.0, 0.0, 0.0, 0.0, 0.0, 219.77737214235526, 2.1315941674735126, 0.0, 0.0, 0.0, 41.254841443984965, 
0.0, 0.0, 500.15076797648004, 0.0, 0.0, 139.9813919904342, 0.0, 99.84009884927958, 133.47092048092614, 0.0, 26.636891136196372, 0.0, 0.0, 0.0, 0.0, 0.0, 0.0, 0.0, 0.0, 0.0, 0.0, 0.0, 0.0, 0.0, 82.01345711334615, 1.8704706268531541, 0.0, 2.0333645925934136, 0.0, 81.63483777652007, 
515.5204284871116, 0.0, 0.0, 0.0, 0.0, 191.50655842873374, 0.0, 99.97383612529312, 0.0, 0.0, 119.04436204575819, 29.50957681960804, 0.0, 0.0, 0.0, 0.0, 0.0, 0.0, 0.0, 0.0, 0.0, 0.0, 0.0, 0.0, 671.7305023632666, 73.02216104082436, 0.0, 5.023727003781223, 0.0, 154.26105157314572, 
88.30977647392673, 0.0, 351.1245078710991, 0.0, 270.323560703297, 10.110969561059136, 0.0, 65.6567231610903, 9.69484322350322, 0.0, 11.605005925406743, 4.806042126943295, 60.60184880844768, 0.0, 24.79006939512336, 0.0, 0.0, 0.0, 0.0, 148.22265854849687, 0.0, 0.0, 0.0, 0.0, 0.0, 0.0, 0.0, 1.9333788925605286, 0.0, 0.0, 
0.0, 0.0, 0.0, 0.0, 0.0, 0.0, 0.0, 0.0, 0.0, 0.0, 0.0, 0.0, 0.0, 0.0, 0.0, 0.0, 0.0, 0.0, 0.0, 0.0, 0.0, 0.0, 0.0, 0.0, 0.0, 0.0, 0.0, 0.0, 0.0, 0.0, 
0.11307734141379325, 0.0, 0.12443433086546711, 0.0, 0.12973522679578914, 0.032538909997463374, 0.0, 0.1796520029194352, 1092.1118670275237, 0.0, 0.0, 0.14083870773015636, 0.14199945114253817, 0.0, 0.02091275621010305, 0.0, 0.0, 0.0, 0.0, 0.1940082271866787, 0.0, 0.0, 0.0, 0.0, 0.0, 0.0, 0.0, 11.021386280010695, 0.0, 0.231991870383596, 
123.18228768731302, 0.0, 461.3229686304325, 0.0, 139.61662048234192, 244.42497500032977, 0.0, 423.1598612057423, 85.34310083272253, 0.0, 87.59063970709835, 15.302497572572522, 88.97828877522213, 0.0, 135.34544697008775, 0.0, 0.0, 28.389995350524146, 0.0, 338.9473003860857, 0.0, 0.0, 0.0, 0.0, 0.0, 0.0, 0.0, 177.30241928949678, 0.0, 111.3034543566867, 
0.0, 0.0, 0.0, 0.0, 0.8911366524158271, 1.026534318476423, 0.0, 175.58290992015102, 42.379087873059106, 0.0, 0.0, 8.625151446415508, 29.896756683323193, 0.0, 0.0, 0.0, 0.0, 206.32849789202402, 0.0, 1.9399240729470555, 0.0, 0.0, 0.0, 0.0, 0.0, 0.0, 0.0, 0.0, 0.0, 50.611091397058864, 
2.398835086475769, 0.0, 242.21451430270434, 0.0, 0.0, 0.0, 0.0, 0.0, 115.72960028945224, 0.0, 295.32857964124474, 0.0, 0.0, 0.0, 0.0, 0.0, 0.0, 0.0, 0.0, 3.99629359231364, 0.0, 0.0, 0.0, 0.0, 419.40379879645775, 0.0, 0.0, 1.5206308312150871, 0.0, 917.3768309822202, 
225.3512329371412, 0.0, 2.745262986088578, 0.0, 0.0, 122.99806705330768, 0.0, 108.25538811649825, 0.0, 0.0, 0.0, 137.7087292704424, 238.73329389101048, 0.0, 106.75664023184926, 0.0, 0.0, 2.179682999202225, 0.0, 33.428231260340716, 0.0, 0.0, 0.0, 0.0, 253.10807566864682, 0.0, 0.0, 0.0, 0.0, 0.0, 
