0.0, 0.0, 0.0, 0.0, 0.0, 0.0, 0.0, 0.0, 0.0, 0.0, 0.0, 0.0, 0.0, 0.0, 0.0, 0.0, 0.0, 0.0, 0.0, 0.0, 0.0, 0.0, 0.0, 0.0, 0.0, 0.0, 0.0, 0.0, 0.0, 0.0, 
0.0, 0.0, 0.0, 0.0, 0.0, 0.0, 0.0, 85.16367656764584, 111.02675839166082, 0.0, 94.88951625812132, 67.37234137262, 127.30208307125496, 0.0, 0.0, 0.0, 0.0, 14.715202036328762, 0.0, 35.982681545733165, 0.0, 0.0, 0.0, 0.0, 147.59986483599775, 109.45933969726016, 0.0, 4.265336070140797, 0.0, 144.22992283793576, 
0.0, 0.0, 0.0, 0.0, 0.0, 0.0, 0.0, 0.0, 0.0, 0.0, 0.0, 0.0, 0.0, 0.0, 0.0, 0.0, 0.0, 0.0, 0.0, 0.0, 0.0, 0.0, 0.0, 0.0, 0.0, 0.0, 0.0, 0.0, 0.0, 0.0, 
0.0, 0.0, 0.0, 0.0, 0.0, 0.0, 0.0, 53.507410621170315, 136.2946188471718, 0.0, 2.3835116609974283, 5.342333162396763, 20.902897535583183, 0.0, 0.0, 0.0, 0.0, 139.84026459097623, 0.0, 102.3478343098234, 0.0, 0.0, 0.0, 0.0, 0.0, 290.5409948898488, 0.0, 0.7311347831349457, 0.0, 145.08736207767777, 
0.0, 0.0, 0.0, 0.0, 0.0, 0.0, 0.0, 59.505109567048905, 68.89572225936372, 0.0, 59.02533181246739, 46.84327174563968, 15.801730545600797, 0.0, 69.83178564072237, 0.0, 0.0, 68.0611829492182, 0.0, 44.020178890968076, 0.0, 0.0, 0.0, 0.0, 49.782350923428645, 121.76864988090414, 0.0, 0.0, 0.0, 14.02907670603587, 
0.0, 0.0, 0.0, 0.0, 0.0, 0.0, 0.0, 0.0, 0.0, 0.0, 0.0, 0.0, 0.0, 0.0, 0.0, 0.0, 0.0, 0.0, 0.0, 0.0, 0.0, 0.0, 0.0, 0.0, 0.0, 0.0, 0.0, 0.0, 0.0, 0.0, 
0.0, 0.0, 0.0, 0.0, 0.0, 0.0, 0.0, 11.628092365737597, 667.7170215341008, 0.0, 1.4735507553996277, 46.79463746706559, 28.245789321529276, 0.0, 8.340518668417614, 0.0, 0.0, 0.0, 0.0, 119.31777586675312, 0.0, 0.0, 0.0, 0.0, 900.8673560929907, 114.24306712691858, 0.0, 4.078395652540484, 0.0, 51.57088089860881, 
26.113425912913048, 0.0, 123.52779825679677, 0.0, 0.0, 77.58028900960532, 0.0, 0.0, 457.28654309277607, 0.0, 142.24055184073072, 19.091179457015418, 11.554518566526573, 0.0, 0.0, 0.0, 0.0, 59.48003403506408, 0.0, 2.631968894090192, 0.0, 0.0, 0.0, 0.0, 50.124667629475326, 83.87630005968732, 0.0, 35.091153665218535, 0.0, 133.92229565365886, 
85.9819725069956, 0.0, 56.92006449938287, 0.0, 0.0, 638.6439475031392, 0.0, 0.0, 0.0, 0.0, 0.0, 96.64174405586532, 99.75961532689024, 0.0, 102.97581047435592, 0.0, 0.0, 85.20715636572919, 0.0, 32.425402943015136, 0.0, 0.0, 0.0, 0.0, 81.76943139569727, 33.93481393176654, 0.0, 31.319030730157642, 0.0, 0.0, 
85.16787661936472, 0.0, 100.67648440326604, 0.0, 83.85624933732639, 46.99420919891034, 0.0, 117.54979714057333, 0.0, 0.0, 0.0, 67.57581619971825, 961.8524803309276, 0.0, 587.7552642122727, 0.0, 0.0, 0.0, 0.0, 247.96268152863703, 0.0, 0.0, 0.0, 0.0, 334.5489427366418, 0.0, 0.0, 72.06353283988948, 0.0, 0.0, 
0.0, 0.0, 0.0, 0.0, 0.0, 0.0, 0.0, 0.0, 0.0, 0.0, 0.0, 0.0, 0.0, 0.0, 0.0, 0.0, 0.0, 0.0, 0.0, 0.0, 0.0, 0.0, 0.0, 0.0, 0.0, 0.0, 0.0, 0.0, 0.0, 0.0, 
0.0, 0.0, 0.0, 0.0, 0.0, 0.0, 0.0, 0.0, 0.0, 0.0, 0.0, 0.0, 0.0, 0.0, 0.0, 0.0, 0.0, 0.0, 0.0, 0.0, 0.0, 0.0, 0.0, 0.0, 0.0, 0.0, 0.0, 0.0, 0.0, 0.0, 
0.0, 0.0, 0.0, 0.0, 0.0, 0.0, 0.0, 0.0, 0.0, 0.0, 0.0, 0.0, 0.0, 0.0, 0.0, 0.0, 0.0, 0.0, 0.0, 0.0, 0.0, 0.0, 0.0, 0.0, 0.0, 0.0, 0.0, 0.0, 0.0, 0.0, 
45.658453554840776, 0.0, 62.8421911628979, 0.0, 86.6013909266913, 83.05346956883783, 0.0, 109.37655094879675, 0.0, 0.0, 106.8293898946188, 0.0, 0.0, 0.0, 0.0, 0.0, 0.0, 0.0, 0.0, 0.0, 0.0, 0.0, 0.0, 0.0, 8.871022751879659, 50.424035291134054, 0.0, 71.06531757356875, 0.0, 1144.9097856316416, 
0.0, 0.0, 0.0, 0.0, 0.0, 0.0, 0.0, 0.0, 0.0, 0.0, 0.0, 0.0, 0.0, 0.0, 0.0, 0.0, 0.0, 0.0, 0.0, 0.0, 0.0, 0.0, 0.0, 0.0, 0.0, 0.0, 0.0, 0.0, 0.0, 0.0, 
61.96878624661284, 0.0, 80.6470875449453, 0.0, 119.51925956683301, 53.779526256310795, 0.0, 23.94517798142145, 0.0, 0.0, 91.72162678088169, 0.0, 0.0, 0.0, 0.0, 0.0, 0.0, 0.0, 0.0, 16.419664695859222, 0.0, 0.0, 0.0, 0.0, 38.263443822254715, 88.46135011895872, 0.0, 92.69001753309058, 0.0, 277.8103997968644, 
0.0, 0.0, 0.0, 0.0, 0.0, 0.0, 0.0, 0.0, 0.0, 0.0, 0.0, 0.0, 0.0, 0.0, 0.0, 0.0, 0.0, 0.0, 0.0, 0.0, 0.0, 0.0, 0.0, 0.0, 0.0, 0.0, 0.0, 0.0, 0.0, 0.0, 
0.0, 0.0, 0.0, 0.0, 0.0, 0.0, 0.0, 0.0, 0.0, 0.0, 0.0, 0.0, 0.0, 0.0, 0.0, 0.0, 0.0, 0.0, 0.0, 0.0, 0.0, 0.0, 0.0, 0.0, 0.0, 0.0, 0.0, 0.0, 0.0, 0.0, 
0.0, 0.0, 0.0, 0.0, 0.0, 0.0, 0.0, 0.0, 0.0, 0.0, 0.0, 0.0, 0.0, 0.0, 0.0, 0.0, 0.0, 0.0, 0.0, 0.0, 0.0, 0.0, 0.0, 0.0, 0.0, 0.0, 0.0, 0.0, 0.0, 0.0, 
0.0, 0.0, 0.0, 0.0, 0.0, 0.0, 0.0, 0.0, 0.0, 0.0, 0.0, 0.0, 0.0, 0.0, 0.0, 0.0, 0.0, 0.0, 0.0, 0.0, 0.0, 0.0, 0.0, 0.0, 0.0, 0.0, 0.0, 0.0, 0.0, 0.0, 
1.8641744789476111, 0.0, 0.0, 0.0, 0.0, 52.60747541763391, 0.0, 26.948110286333648, 42.36445755284707, 0.0, 291.1149709484625, 82.21232046755061, 0.0, 0.0, 0.0, 0.0, 0.0, 0.0, 0.0, 0.0, 0.0, 0.0, 0.0, 0.0, 96.37422561648111, 29.92974985809683, 0.0, 0.0, 0.0, 56.74396670584586, 
0.0, 0.0, 64.55033152499202, 0.0, 0.0, 88.45153551853457, 0.0, 37.0366089490618, 101.38789079687916, 0.0, 84.34012016925452, 0.0, 0.0, 0.0, 0.0, 0.0, 0.0, 0.0, 0.0, 0.0, 0.0, 0.0, 0.0, 0.0, 749.8620568470095, 52.738826298658935, 0.0, 90.15890141944227, 0.0, 6.126548085220291, 
700.934852262519, 0.0, 0.0, 0.0, 0.0, 119.46802115136984, 0.0, 60.01744717731158, 0.0, 0.0, 124.56345918336258, 34.611650802165386, 0.0, 0.0, 0.0, 0.0, 0.0, 0.0, 0.0, 0.0, 0.0, 0.0, 0.0, 0.0, 508.91976461533613, 54.910953024510576, 0.0, 82.00671648503209, 0.0, 185.22488093112415, 
71.37614929533603, 0.0, 165.1555484687424, 0.0, 58.16389471796052, 210.21925541933683, 0.0, 142.53707690327056, 28.55760074439453, 0.0, 24.922565484705814, 135.85553695481613, 94.95112512857031, 0.0, 31.52592316824787, 0.0, 0.0, 0.0, 0.0, 124.63601090732658, 0.0, 0.0, 0.0, 0.0, 0.0, 0.0, 0.0, 57.16156969293016, 0.0, 0.0, 
0.0, 0.0, 0.0, 0.0, 0.0, 0.0, 0.0, 0.0, 0.0, 0.0, 0.0, 0.0, 0.0, 0.0, 0.0, 0.0, 0.0, 0.0, 0.0, 0.0, 0.0, 0.0, 0.0, 0.0, 0.0, 0.0, 0.0, 0.0, 0.0, 0.0, 
107.50202014627813, 0.0, 60.81632488650239, 0.0, 57.19947624191762, 77.05221579472261, 0.0, 84.81456670773673, 230.00504969930003, 0.0, 0.0, 5.267820990761957, 13.013874531827359, 0.0, 35.49005963244556, 0.0, 0.0, 0.0, 0.0, 49.68001795046917, 0.0, 0.0, 0.0, 0.0, 0.0, 0.0, 0.0, 68.15559369954772, 0.0, 93.81420033544835, 
101.42502919676724, 0.0, 444.67476805665893, 0.0, 105.08033103727912, 49.264259421942775, 0.0, 708.4580281437917, 21.243329577967465, 0.0, 85.13518219125726, 129.57503902027537, 76.3194061308319, 0.0, 24.101554500185784, 0.0, 0.0, 121.49665455341652, 0.0, 297.9261574377105, 0.0, 0.0, 0.0, 0.0, 0.0, 0.0, 0.0, 57.552921754875086, 0.0, 138.23997328384414, 
0.0, 0.0, 0.0, 0.0, 83.88333258711572, 186.11973000979825, 0.0, 24.190264382258956, 103.03834500403335, 0.0, 0.0, 88.5970867769031, 9.97892743469045, 0.0, 0.0, 0.0, 0.0, 143.9443101571661, 0.0, 62.290958088208676, 0.0, 0.0, 0.0, 0.0, 0.0, 0.0, 0.0, 0.0, 0.0, 40.63609963938672, 
105.7764795949151, 0.0, 86.79910053494741, 0.0, 0.0, 0.0, 0.0, 0.0, 142.72202295700495, 0.0, 290.4720173989149, 0.0, 0.0, 0.0, 0.0, 0.0, 0.0, 0.0, 0.0, 50.642633848227305, 0.0, 0.0, 0.0, 0.0, 134.56846953774775, 0.0, 0.0, 60.98318049786755, 0.0, 76.46930057547408, 
108.25173677204808, 0.0, 33.725555547645506, 0.0, 0.0, 173.71894479890565, 0.0, 89.08929582244137, 0.0, 0.0, 0.0, 30.064574053032374, 344.05847085878514, 0.0, 21.942330933519102, 0.0, 0.0, 107.47014193698779, 0.0, 10.661427117935386, 0.0, 0.0, 0.0, 0.0, 94.95256200159224, 0.0, 0.0, 0.0, 0.0, 0.0, 
