0.0, 0.0, 0.0, 0.0, 0.0, 0.0, 0.0, 0.0, 0.0, 0.0, 0.0, 0.0, 0.0, 0.0, 0.0, 0.0, 0.0, 0.0, 0.0, 0.0, 0.0, 0.0, 0.0, 0.0, 0.0, 0.0, 0.0, 0.0, 0.0, 0.0, 
0.0, 0.0, 0.0, 0.0, 0.0, 0.0, 0.0, 4.843358159514325, 91.37775986182254, 0.0, 89.23912538845353, 207.9095828948591, 85.0172417189766, 0.0, 0.0, 0.0, 0.0, 4.451849221140352, 0.0, 137.22968647793712, 0.0, 0.0, 0.0, 0.0, 18.81221338798358, 0.1519505284514645, 0.0, 118.10984259344153, 0.0, 116.77255575235127, 
0.0, 0.0, 0.0, 0.0, 0.0, 0.0, 0.0, 0.0, 0.0, 0.0, 0.0, 0.0, 0.0, 0.0, 0.0, 0.0, 0.0, 0.0, 0.0, 0.0, 0.0, 0.0, 0.0, 0.0, 0.0, 0.0, 0.0, 0.0, 0.0, 0.0, 
0.0, 0.0, 0.0, 0.0, 0.0, 0.0, 0.0, 43.56702279741693, 2.357081669093237, 0.0, 2.232687627044292, 5.414918729634503, 96.67112074274577, 0.0, 0.0, 0.0, 0.0, 108.8982999545526, 0.0, 178.98539729376802, 0.0, 0.0, 0.0, 0.0, 0.0, 315.69932682516304, 0.0, 0.4551237635883995, 0.0, 2.027040798356323, 
0.0, 0.0, 0.0, 0.0, 0.0, 0.0, 0.0, 49.529763122040684, 3.1489648771723724, 0.0, 7.12372898565593, 40.116800291098784, 2.104923903623648, 0.0, 14.438811249837013, 0.0, 0.0, 0.14845939130720234, 0.0, 1.727800621198592, 0.0, 0.0, 0.0, 0.0, 102.48984759109679, 3.666377830827629, 0.0, 0.0, 0.0, 2.8949765922418096, 
0.0, 0.0, 0.0, 0.0, 0.0, 0.0, 0.0, 0.0, 0.0, 0.0, 0.0, 0.0, 0.0, 0.0, 0.0, 0.0, 0.0, 0.0, 0.0, 0.0, 0.0, 0.0, 0.0, 0.0, 0.0, 0.0, 0.0, 0.0, 0.0, 0.0, 
0.0, 0.0, 0.0, 0.0, 0.0, 0.0, 0.0, 138.211265448825, 2.6622528054319887, 0.0, 145.17877712474194, 50.460444388654295, 252.8891642640487, 0.0, 283.6149811271991, 0.0, 0.0, 0.0, 0.0, 177.48079095790212, 0.0, 0.0, 0.0, 0.0, 616.9349201695297, 171.7520584483244, 0.0, 67.63178199610893, 0.0, 17.147657889830867, 
0.7237838254753627, 0.0, 1.3608178550732917, 0.0, 0.0, 52.681460247815025, 0.0, 0.0, 199.61934520889758, 0.0, 88.45004612432132, 133.73360776245218, 229.75547120220912, 0.0, 0.0, 0.0, 0.0, 1.3593065709161123, 0.0, 16.795474248516502, 0.0, 0.0, 0.0, 0.0, 8.614891756468834, 0.3194457815669362, 0.0, 2.279725974360133, 0.0, 569.8202593229877, 
321.9023720128457, 0.0, 1.1084867585297158, 0.0, 0.0, 173.82514371042035, 0.0, 0.0, 0.0, 0.0, 0.0, 199.81841844497376, 119.01383378570694, 0.0, 10.353133711849694, 0.0, 0.0, 0.20535564183756652, 0.0, 4.199121249403187, 0.0, 0.0, 0.0, 0.0, 317.9945807338587, 47.26598745359828, 0.0, 38.04938895663063, 0.0, 0.0, 
114.13993836475179, 0.0, 2.1805936454436696, 0.0, 11.281011186728183, 94.75545838404285, 0.0, 44.68168669197529, 0.0, 0.0, 0.0, 2.617271396016123, 992.2103734486785, 0.0, 288.81615204514014, 0.0, 0.0, 0.0, 0.0, 1.0671489404666203, 0.0, 0.0, 0.0, 0.0, 906.497979348117, 0.0, 0.0, 8.525369299948233, 0.0, 0.0, 
0.0, 0.0, 0.0, 0.0, 0.0, 0.0, 0.0, 0.0, 0.0, 0.0, 0.0, 0.0, 0.0, 0.0, 0.0, 0.0, 0.0, 0.0, 0.0, 0.0, 0.0, 0.0, 0.0, 0.0, 0.0, 0.0, 0.0, 0.0, 0.0, 0.0, 
0.0, 0.0, 0.0, 0.0, 0.0, 0.0, 0.0, 0.0, 0.0, 0.0, 0.0, 0.0, 0.0, 0.0, 0.0, 0.0, 0.0, 0.0, 0.0, 0.0, 0.0, 0.0, 0.0, 0.0, 0.0, 0.0, 0.0, 0.0, 0.0, 0.0, 
0.0, 0.0, 0.0, 0.0, 0.0, 0.0, 0.0, 0.0, 0.0, 0.0, 0.0, 0.0, 0.0, 0.0, 0.0, 0.0, 0.0, 0.0, 0.0, 0.0, 0.0, 0.0, 0.0, 0.0, 0.0, 0.0, 0.0, 0.0, 0.0, 0.0, 
1.4974303779252227, 0.0, 58.31905217467561, 0.0, 6.847324804471705, 266.3898161877046, 0.0, 531.9282580370616, 0.0, 0.0, 823.6856800109159, 0.0, 0.0, 0.0, 0.0, 0.0, 0.0, 0.0, 0.0, 0.0, 0.0, 0.0, 0.0, 0.0, 113.23229143557717, 0.9657649436393897, 0.0, 17.15459980806437, 0.0, 28.631721795135114, 
0.0, 0.0, 0.0, 0.0, 0.0, 0.0, 0.0, 0.0, 0.0, 0.0, 0.0, 0.0, 0.0, 0.0, 0.0, 0.0, 0.0, 0.0, 0.0, 0.0, 0.0, 0.0, 0.0, 0.0, 0.0, 0.0, 0.0, 0.0, 0.0, 0.0, 
0.4601382803036979, 0.0, 0.3859348707779575, 0.0, 0.22644629928281323, 381.0729021716381, 0.0, 45.43807685229647, 0.0, 0.0, 68.26755643514832, 0.0, 0.0, 0.0, 0.0, 0.0, 0.0, 0.0, 0.0, 0.7635756923374881, 0.0, 0.0, 0.0, 0.0, 12.545927536976963, 0.503846791218806, 0.0, 0.5335657281340067, 0.0, 184.2459711039504, 
0.0, 0.0, 0.0, 0.0, 0.0, 0.0, 0.0, 0.0, 0.0, 0.0, 0.0, 0.0, 0.0, 0.0, 0.0, 0.0, 0.0, 0.0, 0.0, 0.0, 0.0, 0.0, 0.0, 0.0, 0.0, 0.0, 0.0, 0.0, 0.0, 0.0, 
0.0, 0.0, 0.0, 0.0, 0.0, 0.0, 0.0, 0.0, 0.0, 0.0, 0.0, 0.0, 0.0, 0.0, 0.0, 0.0, 0.0, 0.0, 0.0, 0.0, 0.0, 0.0, 0.0, 0.0, 0.0, 0.0, 0.0, 0.0, 0.0, 0.0, 
0.0, 0.0, 0.0, 0.0, 0.0, 0.0, 0.0, 0.0, 0.0, 0.0, 0.0, 0.0, 0.0, 0.0, 0.0, 0.0, 0.0, 0.0, 0.0, 0.0, 0.0, 0.0, 0.0, 0.0, 0.0, 0.0, 0.0, 0.0, 0.0, 0.0, 
0.0, 0.0, 0.0, 0.0, 0.0, 0.0, 0.0, 0.0, 0.0, 0.0, 0.0, 0.0, 0.0, 0.0, 0.0, 0.0, 0.0, 0.0, 0.0, 0.0, 0.0, 0.0, 0.0, 0.0, 0.0, 0.0, 0.0, 0.0, 0.0, 0.0, 
0.8791962143597559, 0.0, 0.0, 0.0, 0.0, 90.64801006665282, 0.0, 19.16819202294921, 114.86050809052414, 0.0, 5.9174024102460265, 15.923159255671687, 0.0, 0.0, 0.0, 0.0, 0.0, 0.0, 0.0, 0.0, 0.0, 0.0, 0.0, 0.0, 257.56245221797985, 0.4734316017749707, 0.0, 0.0, 0.0, 5.529508522203666, 
0.0, 0.0, 612.1406397570801, 0.0, 0.0, 117.7402335825403, 0.0, 164.02211320934555, 53.69495457256033, 0.0, 3.488701274892852, 0.0, 0.0, 0.0, 0.0, 0.0, 0.0, 0.0, 0.0, 0.0, 0.0, 0.0, 0.0, 0.0, 93.06394556230728, 0.3677828620527063, 0.0, 1.0660021252923362, 0.0, 16.9318890054972, 
555.2790207453538, 0.0, 0.0, 0.0, 0.0, 75.92217739848984, 0.0, 174.04320946543862, 0.0, 0.0, 88.58836388049214, 50.06163587060121, 0.0, 0.0, 0.0, 0.0, 0.0, 0.0, 0.0, 0.0, 0.0, 0.0, 0.0, 0.0, 465.0019132962026, 269.5925605662366, 0.0, 45.40720445497857, 0.0, 125.9093807671358, 
67.18921549252882, 0.0, 184.72952364592052, 0.0, 203.43430970248744, 3.749449445983816, 0.0, 116.09354910435232, 1.1096656276360037, 0.0, 2.2696105314712836, 5.182947310215215, 47.21673983703421, 0.0, 3.2102033609655605, 0.0, 0.0, 0.0, 0.0, 432.25576505355104, 0.0, 0.0, 0.0, 0.0, 0.0, 0.0, 0.0, 0.5133946425169157, 0.0, 0.0, 
0.0, 0.0, 0.0, 0.0, 0.0, 0.0, 0.0, 0.0, 0.0, 0.0, 0.0, 0.0, 0.0, 0.0, 0.0, 0.0, 0.0, 0.0, 0.0, 0.0, 0.0, 0.0, 0.0, 0.0, 0.0, 0.0, 0.0, 0.0, 0.0, 0.0, 
0.14747794546489582, 0.0, 0.10786269788144211, 0.0, 0.06064276460368355, 0.12808190880581777, 0.0, 0.032294260565724806, 1066.298238837062, 0.0, 0.0, 0.08097632474054506, 0.08861748545488367, 0.0, 0.1889798796507112, 0.0, 0.0, 0.0, 0.0, 0.19821577419775532, 0.0, 0.0, 0.0, 0.0, 0.0, 0.0, 0.0, 6.932480725871973, 0.0, 0.11316265978434414, 
176.9140786928482, 0.0, 444.1127415450505, 0.0, 72.73840634723557, 356.0126442082264, 0.0, 76.51266019093988, 230.18200617449477, 0.0, 60.90941014084568, 34.028883848256896, 12.570100830921895, 0.0, 148.48802871724192, 0.0, 0.0, 254.65480749106985, 0.0, 191.18398318190393, 0.0, 0.0, 0.0, 0.0, 0.0, 0.0, 0.0, 151.66339425503875, 0.0, 263.86242518857983, 
0.0, 0.0, 0.0, 0.0, 0.643249993481233, 0.37290623488123736, 0.0, 192.37546111764516, 38.4244933490001, 0.0, 0.0, 16.697173451826295, 82.45121773701021, 0.0, 0.0, 0.0, 0.0, 185.1973447818104, 0.0, 1.660391848707799, 0.0, 0.0, 0.0, 0.0, 0.0, 0.0, 0.0, 0.0, 0.0, 0.3061707682981603, 
10.321263853701756, 0.0, 263.147685537915, 0.0, 0.0, 0.0, 0.0, 0.0, 84.86672271632739, 0.0, 109.94619774596138, 0.0, 0.0, 0.0, 0.0, 0.0, 0.0, 0.0, 0.0, 92.40900760711853, 0.0, 0.0, 0.0, 0.0, 288.6874245418978, 0.0, 0.0, 5.530517365312906, 0.0, 17747.214491041974, 
263.89177622167796, 0.0, 2.586772061177692, 0.0, 0.0, 285.570801419251, 0.0, 155.82636678062295, 0.0, 0.0, 0.0, 12.381029735400178, 93.40120936410997, 0.0, 62.41936506252141, 0.0, 0.0, 2.952689931087019, 0.0, 2.83213048660115, 0.0, 0.0, 0.0, 0.0, 222.71212210472672, 0.0, 0.0, 0.0, 0.0, 0.0, 
