0.0, 0.0, 0.0, 0.0, 0.0, 0.0, 0.0, 0.0, 0.0, 0.0, 0.0, 0.0, 0.0, 0.0, 0.0, 0.0, 0.0, 0.0, 0.0, 0.0, 0.0, 0.0, 0.0, 0.0, 0.0, 0.0, 0.0, 0.0, 0.0, 0.0, 
0.0, 0.0, 0.0, 0.0, 0.0, 0.0, 0.0, 1.1482587234221553, 75.93065157229691, 0.0, 140.82983022363862, 11.779761068568638, 152.8479419219929, 0.0, 0.0, 0.0, 0.0, 0.6798864726239205, 0.0, 210.7311549008345, 0.0, 0.0, 0.0, 0.0, 0.7336395981824707, 0.2813430149523397, 0.0, 125.9275957366328, 0.0, 156.87034967935065, 
0.0, 0.0, 0.0, 0.0, 0.0, 0.0, 0.0, 0.0, 0.0, 0.0, 0.0, 0.0, 0.0, 0.0, 0.0, 0.0, 0.0, 0.0, 0.0, 0.0, 0.0, 0.0, 0.0, 0.0, 0.0, 0.0, 0.0, 0.0, 0.0, 0.0, 
0.0, 0.0, 0.0, 0.0, 0.0, 0.0, 0.0, 15.404734524402828, 13.465268598527384, 0.0, 18.67583173768611, 23.729331598552964, 31.42572761344289, 0.0, 0.0, 0.0, 0.0, 49.930419124408424, 0.0, 311.07603669106726, 0.0, 0.0, 0.0, 0.0, 0.0, 276.4308361098647, 0.0, 1.7366997965049382, 0.0, 18.921007668430043, 
0.0, 0.0, 0.0, 0.0, 0.0, 0.0, 0.0, 6.086820259314536, 6.922611926174802, 0.0, 30.535733498906886, 3.2954363169070744, 6.235399029988244, 0.0, 1.6609486066688377, 0.0, 0.0, 0.8325403283653003, 0.0, 2.5498486910822473, 0.0, 0.0, 0.0, 0.0, 89.84514051080606, 50.226443396535714, 0.0, 0.0, 0.0, 26.642334198239105, 
0.0, 0.0, 0.0, 0.0, 0.0, 0.0, 0.0, 0.0, 0.0, 0.0, 0.0, 0.0, 0.0, 0.0, 0.0, 0.0, 0.0, 0.0, 0.0, 0.0, 0.0, 0.0, 0.0, 0.0, 0.0, 0.0, 0.0, 0.0, 0.0, 0.0, 
0.0, 0.0, 0.0, 0.0, 0.0, 0.0, 0.0, 352.21218146326805, 46.243262355401995, 0.0, 72.2239139672601, 49.0844201234801, 70.64126146234673, 0.0, 180.91894495078955, 0.0, 0.0, 0.0, 0.0, 138.77560529372502, 0.0, 0.0, 0.0, 0.0, 759.1317373240679, 174.6469158408332, 0.0, 21.12927672474164, 0.0, 48.80436295076211, 
0.28737197673047277, 0.0, 3.193790613759144, 0.0, 0.0, 98.31088543902332, 0.0, 0.0, 323.802790233782, 0.0, 242.36850711088562, 137.2348935993591, 242.27216506376826, 0.0, 0.0, 0.0, 0.0, 1.7030869058002316, 0.0, 10.313500444334514, 0.0, 0.0, 0.0, 0.0, 18.94064841892638, 7.647425845263339, 0.0, 19.182426491810048, 0.0, 208.6936131400895, 
493.4886310165234, 0.0, 7.568305774602804, 0.0, 0.0, 180.887236697076, 0.0, 0.0, 0.0, 0.0, 0.0, 115.33597061101993, 91.85613685860513, 0.0, 44.89871446442938, 0.0, 0.0, 1.7091019385421322, 0.0, 1.8017519348728834, 0.0, 0.0, 0.0, 0.0, 397.2392146656594, 139.00683536122995, 0.0, 61.671334483598265, 0.0, 0.0, 
323.68999196095064, 0.0, 0.9746617426257397, 0.0, 5.171189034810638, 186.8497283365968, 0.0, 143.91893870383876, 0.0, 0.0, 0.0, 111.70172493351899, 1035.0045599211094, 0.0, 400.59811143538917, 0.0, 0.0, 0.0, 0.0, 17.697864696194518, 0.0, 0.0, 0.0, 0.0, 188.90961638854577, 0.0, 0.0, 17.88368933413882, 0.0, 0.0, 
0.0, 0.0, 0.0, 0.0, 0.0, 0.0, 0.0, 0.0, 0.0, 0.0, 0.0, 0.0, 0.0, 0.0, 0.0, 0.0, 0.0, 0.0, 0.0, 0.0, 0.0, 0.0, 0.0, 0.0, 0.0, 0.0, 0.0, 0.0, 0.0, 0.0, 
0.0, 0.0, 0.0, 0.0, 0.0, 0.0, 0.0, 0.0, 0.0, 0.0, 0.0, 0.0, 0.0, 0.0, 0.0, 0.0, 0.0, 0.0, 0.0, 0.0, 0.0, 0.0, 0.0, 0.0, 0.0, 0.0, 0.0, 0.0, 0.0, 0.0, 
0.0, 0.0, 0.0, 0.0, 0.0, 0.0, 0.0, 0.0, 0.0, 0.0, 0.0, 0.0, 0.0, 0.0, 0.0, 0.0, 0.0, 0.0, 0.0, 0.0, 0.0, 0.0, 0.0, 0.0, 0.0, 0.0, 0.0, 0.0, 0.0, 0.0, 
1.2027176302273614, 0.0, 1.1110684289894546, 0.0, 47.604253141278214, 256.49842523559533, 0.0, 218.38991240718588, 0.0, 0.0, 295.91466307478936, 0.0, 0.0, 0.0, 0.0, 0.0, 0.0, 0.0, 0.0, 0.0, 0.0, 0.0, 0.0, 0.0, 83.98240164802472, 1.7305644144181347, 0.0, 23.769987980985128, 0.0, 930.4392567322722, 
0.0, 0.0, 0.0, 0.0, 0.0, 0.0, 0.0, 0.0, 0.0, 0.0, 0.0, 0.0, 0.0, 0.0, 0.0, 0.0, 0.0, 0.0, 0.0, 0.0, 0.0, 0.0, 0.0, 0.0, 0.0, 0.0, 0.0, 0.0, 0.0, 0.0, 
0.615494694839336, 0.0, 0.5638922058967551, 0.0, 0.8590968952487511, 241.63664940399585, 0.0, 111.87863769586745, 0.0, 0.0, 93.60780349762362, 0.0, 0.0, 0.0, 0.0, 0.0, 0.0, 0.0, 0.0, 2.718674404712331, 0.0, 0.0, 0.0, 0.0, 39.8215995433581, 0.31196694482924686, 0.0, 1.531936509891933, 0.0, 196.49581742817983, 
0.0, 0.0, 0.0, 0.0, 0.0, 0.0, 0.0, 0.0, 0.0, 0.0, 0.0, 0.0, 0.0, 0.0, 0.0, 0.0, 0.0, 0.0, 0.0, 0.0, 0.0, 0.0, 0.0, 0.0, 0.0, 0.0, 0.0, 0.0, 0.0, 0.0, 
0.0, 0.0, 0.0, 0.0, 0.0, 0.0, 0.0, 0.0, 0.0, 0.0, 0.0, 0.0, 0.0, 0.0, 0.0, 0.0, 0.0, 0.0, 0.0, 0.0, 0.0, 0.0, 0.0, 0.0, 0.0, 0.0, 0.0, 0.0, 0.0, 0.0, 
0.0, 0.0, 0.0, 0.0, 0.0, 0.0, 0.0, 0.0, 0.0, 0.0, 0.0, 0.0, 0.0, 0.0, 0.0, 0.0, 0.0, 0.0, 0.0, 0.0, 0.0, 0.0, 0.0, 0.0, 0.0, 0.0, 0.0, 0.0, 0.0, 0.0, 
0.0, 0.0, 0.0, 0.0, 0.0, 0.0, 0.0, 0.0, 0.0, 0.0, 0.0, 0.0, 0.0, 0.0, 0.0, 0.0, 0.0, 0.0, 0.0, 0.0, 0.0, 0.0, 0.0, 0.0, 0.0, 0.0, 0.0, 0.0, 0.0, 0.0, 
0.11909520861941514, 0.0, 0.0, 0.0, 0.0, 23.167524904864123, 0.0, 17.317282971131867, 6.83704291792687, 0.0, 117.55718346924377, 60.254976949803755, 0.0, 0.0, 0.0, 0.0, 0.0, 0.0, 0.0, 0.0, 0.0, 0.0, 0.0, 0.0, 232.71773394005098, 1.8717633642746643, 0.0, 0.0, 0.0, 63.327197129305, 
0.0, 0.0, 546.4448117968426, 0.0, 0.0, 133.15366807192984, 0.0, 104.68345419537783, 45.5013715548725, 0.0, 9.595212560379988, 0.0, 0.0, 0.0, 0.0, 0.0, 0.0, 0.0, 0.0, 0.0, 0.0, 0.0, 0.0, 0.0, 40.99651809112931, 1.3732801082229704, 0.0, 8.205059277038272, 0.0, 179.57192899441213, 
352.0752270114676, 0.0, 0.0, 0.0, 0.0, 335.68114394056306, 0.0, 87.32891465606387, 0.0, 0.0, 25.3104264998489, 11.570194438195479, 0.0, 0.0, 0.0, 0.0, 0.0, 0.0, 0.0, 0.0, 0.0, 0.0, 0.0, 0.0, 796.3096176419373, 137.65375335605196, 0.0, 6.730583513242255, 0.0, 111.17389856843752, 
64.29027387378969, 0.0, 421.24022741871335, 0.0, 170.3179959472858, 3.435303144745386, 0.0, 66.09185458155395, 5.521095926126142, 0.0, 4.789109513333963, 11.067733479801975, 89.80395069605345, 0.0, 52.047277558678964, 0.0, 0.0, 0.0, 0.0, 157.4487299708231, 0.0, 0.0, 0.0, 0.0, 0.0, 0.0, 0.0, 1.4660729841427564, 0.0, 0.0, 
0.0, 0.0, 0.0, 0.0, 0.0, 0.0, 0.0, 0.0, 0.0, 0.0, 0.0, 0.0, 0.0, 0.0, 0.0, 0.0, 0.0, 0.0, 0.0, 0.0, 0.0, 0.0, 0.0, 0.0, 0.0, 0.0, 0.0, 0.0, 0.0, 0.0, 
0.055059196765649784, 0.0, 0.016752178337242636, 0.0, 0.1426757622222956, 0.015483678773122256, 0.0, 0.02543674073823884, 1099.8696046932998, 0.0, 0.0, 0.1727105330090161, 0.10364135608141921, 0.0, 0.1623752514173621, 0.0, 0.0, 0.0, 0.0, 0.30391185100823465, 0.0, 0.0, 0.0, 0.0, 0.0, 0.0, 0.0, 1.971232701389576, 0.0, 0.006723634302915992, 
128.00459349506784, 0.0, 402.6560174451607, 0.0, 223.31054167802046, 236.42229706274279, 0.0, 403.0532686646516, 20.295158348164467, 0.0, 47.6245869453725, 30.842501877448385, 46.25518792149058, 0.0, 78.93600348276885, 0.0, 0.0, 110.6574416359968, 0.0, 359.6510351491492, 0.0, 0.0, 0.0, 0.0, 0.0, 0.0, 0.0, 165.6378353943635, 0.0, 192.80953458144472, 
0.0, 0.0, 0.0, 0.0, 0.06333056306479619, 1.8010642966779649, 0.0, 114.28511293303478, 1.2457348348301385, 0.0, 0.0, 97.68522332007116, 44.0172390248212, 0.0, 0.0, 0.0, 0.0, 204.99587151481492, 0.0, 11.115700691258512, 0.0, 0.0, 0.0, 0.0, 0.0, 0.0, 0.0, 0.0, 0.0, 43.25989412176306, 
1.1040286531539674, 0.0, 182.9681479695128, 0.0, 0.0, 0.0, 0.0, 0.0, 246.61921544792628, 0.0, 390.4359821904638, 0.0, 0.0, 0.0, 0.0, 0.0, 0.0, 0.0, 0.0, 4.991813352957796, 0.0, 0.0, 0.0, 0.0, 528.6590698949377, 0.0, 0.0, 4.922388654880962, 0.0, 1499.1320635693962, 
149.93483218175106, 0.0, 4.461485079672013, 0.0, 0.0, 182.60233333766584, 0.0, 120.08083187851895, 0.0, 0.0, 0.0, 93.1521549923131, 265.37524763978047, 0.0, 60.45415336153414, 0.0, 0.0, 2.0556713344561324, 0.0, 9.857574356474913, 0.0, 0.0, 0.0, 0.0, 252.99433810187764, 0.0, 0.0, 0.0, 0.0, 0.0, 
