0.0, 0.0, 0.0, 0.0, 0.0, 0.0, 0.0, 0.0, 0.0, 0.0, 0.0, 0.0, 0.0, 0.0, 0.0, 0.0, 0.0, 0.0, 0.0, 0.0, 0.0, 0.0, 0.0, 0.0, 0.0, 0.0, 0.0, 0.0, 0.0, 0.0, 
0.0, 0.0, 0.0, 0.0, 0.0, 0.0, 0.0, 2.5746015825801702, 4.708194212369613E-4, 0.0, 61.93271448165188, 138.67172023197097, 198.31580981966076, 0.0, 0.0, 0.0, 0.0, 0.04774848732326376, 0.0, 0.14432582370945263, 0.0, 0.0, 0.0, 0.0, 349.1663975818175, 0.07254323490605967, 0.0, 62.57969799308247, 0.0, 74.65283555772764, 
0.0, 0.0, 0.0, 0.0, 0.0, 0.0, 0.0, 0.0, 0.0, 0.0, 0.0, 0.0, 0.0, 0.0, 0.0, 0.0, 0.0, 0.0, 0.0, 0.0, 0.0, 0.0, 0.0, 0.0, 0.0, 0.0, 0.0, 0.0, 0.0, 0.0, 
0.0, 0.0, 0.0, 0.0, 0.0, 0.0, 0.0, 47.91443333483723, 0.05111494588311905, 0.0, 110.82633457989353, 0.22753533029658543, 0.3565485987331666, 0.0, 0.0, 0.0, 0.0, 0.1272095077155005, 0.0, 138.4951210699521, 0.0, 0.0, 0.0, 0.0, 0.0, 473.6782907761935, 0.0, 0.25880308706949695, 0.0, 0.4221934348676756, 
0.0, 0.0, 0.0, 0.0, 0.0, 0.0, 0.0, 197.63500831879662, 0.025397100494859572, 0.0, 0.735954084799964, 0.0026525792237000368, 0.2540735607866982, 0.0, 0.006897934315191061, 0.0, 0.0, 0.4380513495996659, 0.0, 10.857174618202508, 0.0, 0.0, 0.0, 0.0, 22.285424086452956, 0.5807298758059596, 0.0, 0.0, 0.0, 0.0010975714951874608, 
0.0, 0.0, 0.0, 0.0, 0.0, 0.0, 0.0, 0.0, 0.0, 0.0, 0.0, 0.0, 0.0, 0.0, 0.0, 0.0, 0.0, 0.0, 0.0, 0.0, 0.0, 0.0, 0.0, 0.0, 0.0, 0.0, 0.0, 0.0, 0.0, 0.0, 
0.0, 0.0, 0.0, 0.0, 0.0, 0.0, 0.0, 125.86262450778413, 745.9690633094041, 0.0, 0.17371860248060395, 0.4390467780909333, 191.913424771254, 0.0, 231.2151206973476, 0.0, 0.0, 0.0, 0.0, 0.04104110997411585, 0.0, 0.0, 0.0, 0.0, 616.5836703089875, 5.526011908149221, 0.0, 15.168333068708037, 0.0, 0.07829802056452329, 
23.201629490787695, 0.0, 9.173367100109733, 0.0, 0.0, 11.422013747098314, 0.0, 0.0, 0.309842724406829, 0.0, 172.62749515228188, 11.652820984364794, 248.67847605556972, 0.0, 0.0, 0.0, 0.0, 0.7401331544890084, 0.0, 365.7658328679052, 0.0, 0.0, 0.0, 0.0, 15.508853123704368, 0.9519335848477067, 0.0, 57.94119598535992, 0.0, 359.76174441737015, 
300.28210848157676, 0.0, 0.42785763964559065, 0.0, 0.0, 148.26508088245535, 0.0, 0.0, 0.0, 0.0, 0.0, 0.045803159914654175, 103.34064245635695, 0.0, 0.03294413061354558, 0.0, 0.0, 0.10034276598035159, 0.0, 0.040848157538187, 0.0, 0.0, 0.0, 0.0, 614.2338073642007, 114.28236981893677, 0.0, 0.42894309942481207, 0.0, 0.0, 
293.81312091051694, 0.0, 76.13169341716969, 0.0, 4.517825227364231, 444.8469255057329, 0.0, 40.962340824622565, 0.0, 0.0, 0.0, 533.8456512953109, 0.07402272913876712, 0.0, 481.1131353801101, 0.0, 0.0, 0.0, 0.0, 210.67431124470266, 0.0, 0.0, 0.0, 0.0, 240.76157253185076, 0.0, 0.0, 0.013291901842916646, 0.0, 0.0, 
0.0, 0.0, 0.0, 0.0, 0.0, 0.0, 0.0, 0.0, 0.0, 0.0, 0.0, 0.0, 0.0, 0.0, 0.0, 0.0, 0.0, 0.0, 0.0, 0.0, 0.0, 0.0, 0.0, 0.0, 0.0, 0.0, 0.0, 0.0, 0.0, 0.0, 
0.0, 0.0, 0.0, 0.0, 0.0, 0.0, 0.0, 0.0, 0.0, 0.0, 0.0, 0.0, 0.0, 0.0, 0.0, 0.0, 0.0, 0.0, 0.0, 0.0, 0.0, 0.0, 0.0, 0.0, 0.0, 0.0, 0.0, 0.0, 0.0, 0.0, 
0.0, 0.0, 0.0, 0.0, 0.0, 0.0, 0.0, 0.0, 0.0, 0.0, 0.0, 0.0, 0.0, 0.0, 0.0, 0.0, 0.0, 0.0, 0.0, 0.0, 0.0, 0.0, 0.0, 0.0, 0.0, 0.0, 0.0, 0.0, 0.0, 0.0, 
0.0422394814359082, 0.0, 0.2676080873284007, 0.0, 0.0029688732041758706, 314.4948745412992, 0.0, 485.1000589355125, 0.0, 0.0, 597.7199967032019, 0.0, 0.0, 0.0, 0.0, 0.0, 0.0, 0.0, 0.0, 0.0, 0.0, 0.0, 0.0, 0.0, 8.576506655245105, 0.015959572928323028, 0.0, 9.537333138191125, 0.0, 407.7643718164667, 
0.0, 0.0, 0.0, 0.0, 0.0, 0.0, 0.0, 0.0, 0.0, 0.0, 0.0, 0.0, 0.0, 0.0, 0.0, 0.0, 0.0, 0.0, 0.0, 0.0, 0.0, 0.0, 0.0, 0.0, 0.0, 0.0, 0.0, 0.0, 0.0, 0.0, 
0.002859756145038978, 0.0, 4.077126253903516E-6, 0.0, 0.002791744199435219, 1.550737907484024, 0.0, 1.156022300646236, 0.0, 0.0, 290.2485370458492, 0.0, 0.0, 0.0, 0.0, 0.0, 0.0, 0.0, 0.0, 0.013206501143241131, 0.0, 0.0, 0.0, 0.0, 85.58347195271682, 0.007266091326107958, 0.0, 0.07701616757703675, 0.0, 269.66978902095593, 
0.0, 0.0, 0.0, 0.0, 0.0, 0.0, 0.0, 0.0, 0.0, 0.0, 0.0, 0.0, 0.0, 0.0, 0.0, 0.0, 0.0, 0.0, 0.0, 0.0, 0.0, 0.0, 0.0, 0.0, 0.0, 0.0, 0.0, 0.0, 0.0, 0.0, 
0.0, 0.0, 0.0, 0.0, 0.0, 0.0, 0.0, 0.0, 0.0, 0.0, 0.0, 0.0, 0.0, 0.0, 0.0, 0.0, 0.0, 0.0, 0.0, 0.0, 0.0, 0.0, 0.0, 0.0, 0.0, 0.0, 0.0, 0.0, 0.0, 0.0, 
0.0, 0.0, 0.0, 0.0, 0.0, 0.0, 0.0, 0.0, 0.0, 0.0, 0.0, 0.0, 0.0, 0.0, 0.0, 0.0, 0.0, 0.0, 0.0, 0.0, 0.0, 0.0, 0.0, 0.0, 0.0, 0.0, 0.0, 0.0, 0.0, 0.0, 
0.0, 0.0, 0.0, 0.0, 0.0, 0.0, 0.0, 0.0, 0.0, 0.0, 0.0, 0.0, 0.0, 0.0, 0.0, 0.0, 0.0, 0.0, 0.0, 0.0, 0.0, 0.0, 0.0, 0.0, 0.0, 0.0, 0.0, 0.0, 0.0, 0.0, 
63.52552696401697, 0.0, 0.0, 0.0, 0.0, 162.91196859142784, 0.0, 0.18086907074956549, 0.4783357811527822, 0.0, 0.04576502740536532, 0.7030588192521623, 0.0, 0.0, 0.0, 0.0, 0.0, 0.0, 0.0, 0.0, 0.0, 0.0, 0.0, 0.0, 218.35547719993968, 0.11145459623284326, 0.0, 0.0, 0.0, 66.06253389175924, 
0.0, 0.0, 584.8003400394905, 0.0, 0.0, 543.5298888239203, 0.0, 9.166589487296462E-4, 0.00832636220362042, 0.0, 1.5286678593691145, 0.0, 0.0, 0.0, 0.0, 0.0, 0.0, 0.0, 0.0, 0.0, 0.0, 0.0, 0.0, 0.0, 0.054469379797859804, 0.0013285933657673943, 0.0, 0.04167825620240293, 0.0, 0.10470421496806576, 
49.88197686751806, 0.0, 0.0, 0.0, 0.0, 0.0649898728310845, 0.0, 183.57992848474262, 0.0, 0.0, 236.76575025934946, 0.25506909399671795, 0.0, 0.0, 0.0, 0.0, 0.0, 0.0, 0.0, 0.0, 0.0, 0.0, 0.0, 0.0, 967.1357798917297, 200.73852985408365, 0.0, 126.89501526691551, 0.0, 98.09467037840002, 
127.10747139216177, 0.0, 166.3542555042802, 0.0, 206.8443202868137, 3.1653555547412164, 0.0, 192.88015637799788, 0.10608985957749, 0.0, 0.09531621206339728, 0.13649353945396844, 0.015303624726841353, 0.0, 0.1517149052512096, 0.0, 0.0, 0.0, 0.0, 408.0389779272045, 0.0, 0.0, 0.0, 0.0, 0.0, 0.0, 0.0, 0.15960839342641742, 0.0, 0.0, 
0.0, 0.0, 0.0, 0.0, 0.0, 0.0, 0.0, 0.0, 0.0, 0.0, 0.0, 0.0, 0.0, 0.0, 0.0, 0.0, 0.0, 0.0, 0.0, 0.0, 0.0, 0.0, 0.0, 0.0, 0.0, 0.0, 0.0, 0.0, 0.0, 0.0, 
0.01465949334908798, 0.0, 0.06253054670355983, 0.0, 0.17092265568706094, 0.02860989800856653, 0.0, 0.09777183881743083, 744.3478530390363, 0.0, 0.0, 0.01363109592924126, 0.11434647111001241, 0.0, 1.0813226434748093E-4, 0.0, 0.0, 0.0, 0.0, 0.008004525601911875, 0.0, 0.0, 0.0, 0.0, 0.0, 0.0, 0.0, 236.26345391717413, 0.0, 0.011546570449725553, 
199.39249255949366, 0.0, 461.72684047189387, 0.0, 4.4723428457539784E-5, 246.08249320830768, 0.0, 229.27140763922444, 420.3685887465802, 0.0, 86.43093721035362, 179.30649814961876, 270.25555784655, 0.0, 134.62733737492488, 0.0, 0.0, 290.3764258425417, 0.0, 5.651114135581195, 0.0, 0.0, 0.0, 0.0, 0.0, 0.0, 0.0, 0.022423253247664202, 0.0, 5.147190625196199, 
0.0, 0.0, 0.0, 0.0, 0.036122703941760946, 0.7245846768479911, 0.0, 84.9506373039563, 0.006126068164566808, 0.0, 0.0, 0.40456142194065137, 87.7878439485543, 0.0, 0.0, 0.0, 0.0, 154.56686283982984, 0.0, 20.37673733473392, 0.0, 0.0, 0.0, 0.0, 0.0, 0.0, 0.0, 0.0, 0.0, 180.87235431654733, 
0.09071342437480803, 0.0, 225.86718872405808, 0.0, 0.0, 0.0, 0.0, 0.0, 3.8176175925425446E-4, 0.0, 0.03922848471087153, 0.0, 0.0, 0.0, 0.0, 0.0, 0.0, 0.0, 0.0, 0.04659722907699378, 0.0, 0.0, 0.0, 0.0, 51.939437875179735, 0.0, 0.0, 0.003037108244535036, 0.0, 41.23265161959079, 
438.0465281812656, 0.0, 0.01120062122857027, 0.0, 0.0, 7.4300997177358665, 0.0, 162.9067187001418, 0.0, 0.0, 0.0, 0.014673060551787891, 48.692438766629095, 0.0, 1.0442407987846162E-5, 0.0, 0.0, 144.26637693166623, 0.0, 3.3452045589870534, 0.0, 0.0, 0.0, 0.0, 304.76028013012836, 0.0, 0.0, 0.0, 0.0, 0.0, 
