0.0, 0.0, 0.0, 0.0, 0.0, 0.0, 0.0, 0.0, 0.0, 0.0, 0.0, 0.0, 0.0, 0.0, 0.0, 0.0, 0.0, 0.0, 0.0, 0.0, 0.0, 0.0, 0.0, 0.0, 0.0, 0.0, 0.0, 0.0, 0.0, 0.0, 
0.0, 0.0, 0.0, 0.0, 0.0, 0.0, 0.0, 50.8802147230085, 146.1713348818143, 0.0, 98.75969457544196, 84.99588938083771, 70.17527971084957, 0.0, 0.0, 0.0, 0.0, 40.33299803809027, 0.0, 187.6738051874561, 0.0, 0.0, 0.0, 0.0, 102.89779967137498, 21.238007921177424, 0.0, 38.78148671331156, 0.0, 81.31934013029417, 
0.0, 0.0, 0.0, 0.0, 0.0, 0.0, 0.0, 0.0, 0.0, 0.0, 0.0, 0.0, 0.0, 0.0, 0.0, 0.0, 0.0, 0.0, 0.0, 0.0, 0.0, 0.0, 0.0, 0.0, 0.0, 0.0, 0.0, 0.0, 0.0, 0.0, 
0.0, 0.0, 0.0, 0.0, 0.0, 0.0, 0.0, 105.77997660808072, 16.176278565697796, 0.0, 21.817395887416197, 3.1150631651718736, 21.656216615101815, 0.0, 0.0, 0.0, 0.0, 63.61486480729059, 0.0, 191.5193342694114, 0.0, 0.0, 0.0, 0.0, 0.0, 249.48026863766862, 0.0, 57.477955979533235, 0.0, 58.686416729868284, 
0.0, 0.0, 0.0, 0.0, 0.0, 0.0, 0.0, 36.09197952408372, 17.14716784407376, 0.0, 25.689890905457094, 26.656890215899434, 19.343713577407318, 0.0, 18.17000014196632, 0.0, 0.0, 17.26269703024078, 0.0, 8.508909041955622, 0.0, 0.0, 0.0, 0.0, 13.64770966242691, 65.83667982867912, 0.0, 0.0, 0.0, 9.052361538725723, 
0.0, 0.0, 0.0, 0.0, 0.0, 0.0, 0.0, 0.0, 0.0, 0.0, 0.0, 0.0, 0.0, 0.0, 0.0, 0.0, 0.0, 0.0, 0.0, 0.0, 0.0, 0.0, 0.0, 0.0, 0.0, 0.0, 0.0, 0.0, 0.0, 0.0, 
0.0, 0.0, 0.0, 0.0, 0.0, 0.0, 0.0, 347.63543290807104, 44.365806110603934, 0.0, 33.66190121053347, 74.88173135340126, 90.5147405874151, 0.0, 100.81932264426014, 0.0, 0.0, 0.0, 0.0, 83.65301928577558, 0.0, 0.0, 0.0, 0.0, 901.4854162462855, 207.2753979272249, 0.0, 17.763402201413804, 0.0, 51.453085928115605, 
10.491079099512483, 0.0, 20.642566339727658, 0.0, 0.0, 100.88886333100896, 0.0, 0.0, 229.19954570695674, 0.0, 132.2576436322816, 115.07842235402356, 264.1904062446889, 0.0, 0.0, 0.0, 0.0, 10.45777978444164, 0.0, 60.18371568170238, 0.0, 0.0, 0.0, 0.0, 7.416352190907467, 39.48706658822316, 0.0, 34.037006721235294, 0.0, 370.6831093765093, 
493.40314715396465, 0.0, 42.28519439577304, 0.0, 0.0, 394.48080451950756, 0.0, 0.0, 0.0, 0.0, 0.0, 9.377164712705943, 77.4110526729039, 0.0, 64.90396813339889, 0.0, 0.0, 21.404924077106223, 0.0, 71.8296404108134, 0.0, 0.0, 0.0, 0.0, 268.3793268326741, 37.294096432163336, 0.0, 43.62834564402866, 0.0, 0.0, 
284.1080939935134, 0.0, 46.197338349395366, 0.0, 46.90984449390871, 217.53683414295483, 0.0, 174.48538832476888, 0.0, 0.0, 0.0, 156.8147692628951, 976.6425850126037, 0.0, 414.5381115753368, 0.0, 0.0, 0.0, 0.0, 22.12218014881665, 0.0, 0.0, 0.0, 0.0, 41.22912329177345, 0.0, 0.0, 28.14281604293378, 0.0, 0.0, 
0.0, 0.0, 0.0, 0.0, 0.0, 0.0, 0.0, 0.0, 0.0, 0.0, 0.0, 0.0, 0.0, 0.0, 0.0, 0.0, 0.0, 0.0, 0.0, 0.0, 0.0, 0.0, 0.0, 0.0, 0.0, 0.0, 0.0, 0.0, 0.0, 0.0, 
0.0, 0.0, 0.0, 0.0, 0.0, 0.0, 0.0, 0.0, 0.0, 0.0, 0.0, 0.0, 0.0, 0.0, 0.0, 0.0, 0.0, 0.0, 0.0, 0.0, 0.0, 0.0, 0.0, 0.0, 0.0, 0.0, 0.0, 0.0, 0.0, 0.0, 
0.0, 0.0, 0.0, 0.0, 0.0, 0.0, 0.0, 0.0, 0.0, 0.0, 0.0, 0.0, 0.0, 0.0, 0.0, 0.0, 0.0, 0.0, 0.0, 0.0, 0.0, 0.0, 0.0, 0.0, 0.0, 0.0, 0.0, 0.0, 0.0, 0.0, 
9.228561253171478, 0.0, 13.751646805515595, 0.0, 41.03617851565115, 212.16154118790112, 0.0, 386.8662547029845, 0.0, 0.0, 384.9635255908848, 0.0, 0.0, 0.0, 0.0, 0.0, 0.0, 0.0, 0.0, 0.0, 0.0, 0.0, 0.0, 0.0, 46.34406975175954, 16.584994561569633, 0.0, 1.8051206093631063, 0.0, 771.143342381839, 
0.0, 0.0, 0.0, 0.0, 0.0, 0.0, 0.0, 0.0, 0.0, 0.0, 0.0, 0.0, 0.0, 0.0, 0.0, 0.0, 0.0, 0.0, 0.0, 0.0, 0.0, 0.0, 0.0, 0.0, 0.0, 0.0, 0.0, 0.0, 0.0, 0.0, 
8.89354041290433, 0.0, 8.065427119618526, 0.0, 7.186524300919366, 209.55003397761283, 0.0, 101.47515937394606, 0.0, 0.0, 65.28152773703613, 0.0, 0.0, 0.0, 0.0, 0.0, 0.0, 0.0, 0.0, 34.307248323320096, 0.0, 0.0, 0.0, 0.0, 48.80721905758205, 11.077970221009664, 0.0, 6.065464152864649, 0.0, 221.45514901985226, 
0.0, 0.0, 0.0, 0.0, 0.0, 0.0, 0.0, 0.0, 0.0, 0.0, 0.0, 0.0, 0.0, 0.0, 0.0, 0.0, 0.0, 0.0, 0.0, 0.0, 0.0, 0.0, 0.0, 0.0, 0.0, 0.0, 0.0, 0.0, 0.0, 0.0, 
0.0, 0.0, 0.0, 0.0, 0.0, 0.0, 0.0, 0.0, 0.0, 0.0, 0.0, 0.0, 0.0, 0.0, 0.0, 0.0, 0.0, 0.0, 0.0, 0.0, 0.0, 0.0, 0.0, 0.0, 0.0, 0.0, 0.0, 0.0, 0.0, 0.0, 
0.0, 0.0, 0.0, 0.0, 0.0, 0.0, 0.0, 0.0, 0.0, 0.0, 0.0, 0.0, 0.0, 0.0, 0.0, 0.0, 0.0, 0.0, 0.0, 0.0, 0.0, 0.0, 0.0, 0.0, 0.0, 0.0, 0.0, 0.0, 0.0, 0.0, 
0.0, 0.0, 0.0, 0.0, 0.0, 0.0, 0.0, 0.0, 0.0, 0.0, 0.0, 0.0, 0.0, 0.0, 0.0, 0.0, 0.0, 0.0, 0.0, 0.0, 0.0, 0.0, 0.0, 0.0, 0.0, 0.0, 0.0, 0.0, 0.0, 0.0, 
1.762316928115446, 0.0, 0.0, 0.0, 0.0, 96.76177799394642, 0.0, 40.06708853727132, 15.347128644094557, 0.0, 88.10248304491674, 62.28370911596208, 0.0, 0.0, 0.0, 0.0, 0.0, 0.0, 0.0, 0.0, 0.0, 0.0, 0.0, 0.0, 170.67924533877135, 21.142665807336243, 0.0, 0.0, 0.0, 105.71612992516445, 
0.0, 0.0, 491.78122652205735, 0.0, 0.0, 57.229623891844355, 0.0, 102.19793973814821, 68.47752709944018, 0.0, 80.59202655164007, 0.0, 0.0, 0.0, 0.0, 0.0, 0.0, 0.0, 0.0, 0.0, 0.0, 0.0, 0.0, 0.0, 186.2798925030843, 15.204695563298333, 0.0, 52.43769738493907, 0.0, 43.28242925071422, 
405.09270873719566, 0.0, 0.0, 0.0, 0.0, 182.96825280723365, 0.0, 4.893647966107913, 0.0, 0.0, 110.87687824325891, 76.7016158753734, 0.0, 0.0, 0.0, 0.0, 0.0, 0.0, 0.0, 0.0, 0.0, 0.0, 0.0, 0.0, 774.0905192731294, 119.22989142736895, 0.0, 21.938133516249405, 0.0, 206.87285781239996, 
75.63198674308991, 0.0, 225.43867147662453, 0.0, 96.39198553679142, 34.96874141573599, 0.0, 68.026689334056, 30.48401153794357, 0.0, 68.10828065998142, 17.63014281344913, 127.7948690868526, 0.0, 85.77844541022907, 0.0, 0.0, 0.0, 0.0, 126.9073874838828, 0.0, 0.0, 0.0, 0.0, 0.0, 0.0, 0.0, 25.396908137552145, 0.0, 0.0, 
0.0, 0.0, 0.0, 0.0, 0.0, 0.0, 0.0, 0.0, 0.0, 0.0, 0.0, 0.0, 0.0, 0.0, 0.0, 0.0, 0.0, 0.0, 0.0, 0.0, 0.0, 0.0, 0.0, 0.0, 0.0, 0.0, 0.0, 0.0, 0.0, 0.0, 
7.738243437375934, 0.0, 6.18605444763609, 0.0, 5.428387823309975, 5.813036332005655, 0.0, 0.7614966344848124, 886.9594303001356, 0.0, 0.0, 4.950639021987181, 1.666003176464316, 0.0, 5.166818470710872, 0.0, 0.0, 0.0, 0.0, 14.968983545168633, 0.0, 0.0, 0.0, 0.0, 0.0, 0.0, 0.0, 72.5740654308662, 0.0, 4.339349681610981, 
113.89356242517024, 0.0, 525.6023861579341, 0.0, 33.543594801708, 305.84116097351443, 0.0, 137.27581379347401, 49.328010870999336, 0.0, 110.25458950063239, 12.84593801290827, 153.95087066146107, 0.0, 55.95737928332701, 0.0, 0.0, 28.161926514184383, 0.0, 342.30443562667546, 0.0, 0.0, 0.0, 0.0, 0.0, 0.0, 0.0, 104.64699511098877, 0.0, 366.50979197653237, 
0.0, 0.0, 0.0, 0.0, 26.957040902542435, 4.642647478190241, 0.0, 118.23443335018158, 46.11325662207159, 0.0, 0.0, 36.9310872218081, 37.40836278407163, 0.0, 0.0, 0.0, 0.0, 189.18132469298138, 0.0, 38.47303577861088, 0.0, 0.0, 0.0, 0.0, 0.0, 0.0, 0.0, 0.0, 0.0, 80.04819853204948, 
32.52724385148085, 0.0, 150.69888034123514, 0.0, 0.0, 0.0, 0.0, 0.0, 270.0402425631204, 0.0, 268.7914306044413, 0.0, 0.0, 0.0, 0.0, 0.0, 0.0, 0.0, 0.0, 30.971916137421484, 0.0, 0.0, 0.0, 0.0, 561.7627821037086, 0.0, 0.0, 36.15060975693849, 0.0, 5148.796314513992, 
107.11593670968153, 0.0, 28.20716319499605, 0.0, 0.0, 71.61690552278463, 0.0, 105.66900862622776, 0.0, 0.0, 0.0, 90.18349314893813, 119.04232184281729, 0.0, 102.34596254474826, 0.0, 0.0, 14.776735978786483, 0.0, 36.89192193848266, 0.0, 0.0, 0.0, 0.0, 180.6206606292743, 0.0, 0.0, 0.0, 0.0, 0.0, 
