0.0, 0.0, 0.0, 0.0, 0.0, 0.0, 0.0, 0.0, 0.0, 0.0, 0.0, 0.0, 0.0, 0.0, 0.0, 0.0, 0.0, 0.0, 0.0, 0.0, 0.0, 0.0, 0.0, 0.0, 0.0, 0.0, 0.0, 0.0, 0.0, 0.0, 
0.0, 0.0, 0.0, 0.0, 0.0, 0.0, 0.0, 0.7847524093822814, 73.86537561644148, 0.0, 183.19953296756165, 98.0787534369031, 120.89084977529187, 0.0, 0.0, 0.0, 0.0, 1.5290585365068294, 0.0, 195.1158179100748, 0.0, 0.0, 0.0, 0.0, 0.6312657898636532, 0.24818434599990022, 0.0, 102.51021666935091, 0.0, 100.34205292452204, 
0.0, 0.0, 0.0, 0.0, 0.0, 0.0, 0.0, 0.0, 0.0, 0.0, 0.0, 0.0, 0.0, 0.0, 0.0, 0.0, 0.0, 0.0, 0.0, 0.0, 0.0, 0.0, 0.0, 0.0, 0.0, 0.0, 0.0, 0.0, 0.0, 0.0, 
0.0, 0.0, 0.0, 0.0, 0.0, 0.0, 0.0, 30.20828366677029, 1.7237977158903264, 0.0, 21.03544671596359, 4.017554858849004, 18.470235731558848, 0.0, 0.0, 0.0, 0.0, 79.52881576450595, 0.0, 234.41587941600915, 0.0, 0.0, 0.0, 0.0, 0.0, 321.64802723818747, 0.0, 0.06081291736042144, 0.0, 22.147388687180484, 
0.0, 0.0, 0.0, 0.0, 0.0, 0.0, 0.0, 30.06347490997843, 13.13787784315724, 0.0, 17.53316843236073, 19.576949381086404, 14.862408096671164, 0.0, 15.881411988204274, 0.0, 0.0, 0.3103624756508389, 0.0, 12.730275048235661, 0.0, 0.0, 0.0, 0.0, 48.419832562606594, 18.67003060497691, 0.0, 0.0, 0.0, 28.104003182231477, 
0.0, 0.0, 0.0, 0.0, 0.0, 0.0, 0.0, 0.0, 0.0, 0.0, 0.0, 0.0, 0.0, 0.0, 0.0, 0.0, 0.0, 0.0, 0.0, 0.0, 0.0, 0.0, 0.0, 0.0, 0.0, 0.0, 0.0, 0.0, 0.0, 0.0, 
0.0, 0.0, 0.0, 0.0, 0.0, 0.0, 0.0, 225.74371375312066, 113.36598582552355, 0.0, 96.90503306465502, 69.87040584090816, 109.15150006543605, 0.0, 99.10129214047934, 0.0, 0.0, 0.0, 0.0, 143.74076543777792, 0.0, 0.0, 0.0, 0.0, 801.0231584030074, 160.0631227473679, 0.0, 52.547635410542405, 0.0, 53.01813920303036, 
0.529871352444061, 0.0, 0.5615702815684914, 0.0, 0.0, 71.91411817567707, 0.0, 0.0, 265.7560472013619, 0.0, 105.65052107155526, 123.61069280066371, 232.93759845409764, 0.0, 0.0, 0.0, 0.0, 0.5839306132188637, 0.0, 61.49106823473654, 0.0, 0.0, 0.0, 0.0, 0.6823904955863425, 1.9334192370084076, 0.0, 24.768263958664825, 0.0, 405.6339261023118, 
259.1164680966858, 0.0, 0.5200568033466506, 0.0, 0.0, 390.4507536111324, 0.0, 0.0, 0.0, 0.0, 0.0, 87.76338363899168, 78.55278573332231, 0.0, 44.501441742578564, 0.0, 0.0, 0.0828051727745907, 0.0, 4.326539225970869, 0.0, 0.0, 0.0, 0.0, 421.10360571484614, 116.61115726120042, 0.0, 64.54116213462369, 0.0, 0.0, 
376.3135742651162, 0.0, 0.6854378839679361, 0.0, 6.157731382159302, 88.8338451323697, 0.0, 142.2204402579265, 0.0, 0.0, 0.0, 93.51841962551626, 1014.5795414285114, 0.0, 388.82016992856285, 0.0, 0.0, 0.0, 0.0, 2.9770335582466183, 0.0, 0.0, 0.0, 0.0, 333.42037023584976, 0.0, 0.0, 5.575787514940856, 0.0, 0.0, 
0.0, 0.0, 0.0, 0.0, 0.0, 0.0, 0.0, 0.0, 0.0, 0.0, 0.0, 0.0, 0.0, 0.0, 0.0, 0.0, 0.0, 0.0, 0.0, 0.0, 0.0, 0.0, 0.0, 0.0, 0.0, 0.0, 0.0, 0.0, 0.0, 0.0, 
0.0, 0.0, 0.0, 0.0, 0.0, 0.0, 0.0, 0.0, 0.0, 0.0, 0.0, 0.0, 0.0, 0.0, 0.0, 0.0, 0.0, 0.0, 0.0, 0.0, 0.0, 0.0, 0.0, 0.0, 0.0, 0.0, 0.0, 0.0, 0.0, 0.0, 
0.0, 0.0, 0.0, 0.0, 0.0, 0.0, 0.0, 0.0, 0.0, 0.0, 0.0, 0.0, 0.0, 0.0, 0.0, 0.0, 0.0, 0.0, 0.0, 0.0, 0.0, 0.0, 0.0, 0.0, 0.0, 0.0, 0.0, 0.0, 0.0, 0.0, 
0.26813051900983337, 0.0, 1.5839454357286744, 0.0, 2.735463641810539, 321.19640242805946, 0.0, 545.5220241077392, 0.0, 0.0, 260.1599756407332, 0.0, 0.0, 0.0, 0.0, 0.0, 0.0, 0.0, 0.0, 0.0, 0.0, 0.0, 0.0, 0.0, 102.88360773137545, 0.22965879388522514, 0.0, 2.802316399762335, 0.0, 609.8761400815779, 
0.0, 0.0, 0.0, 0.0, 0.0, 0.0, 0.0, 0.0, 0.0, 0.0, 0.0, 0.0, 0.0, 0.0, 0.0, 0.0, 0.0, 0.0, 0.0, 0.0, 0.0, 0.0, 0.0, 0.0, 0.0, 0.0, 0.0, 0.0, 0.0, 0.0, 
0.46801737519939635, 0.0, 0.4025598421006437, 0.0, 0.2823106730407818, 212.37880224102167, 0.0, 8.045509646307154, 0.0, 0.0, 219.0008977723683, 0.0, 0.0, 0.0, 0.0, 0.0, 0.0, 0.0, 0.0, 1.5100861924920035, 0.0, 0.0, 0.0, 0.0, 85.80676439590721, 0.06830574512115234, 0.0, 0.011998855118361287, 0.0, 140.2715773189585, 
0.0, 0.0, 0.0, 0.0, 0.0, 0.0, 0.0, 0.0, 0.0, 0.0, 0.0, 0.0, 0.0, 0.0, 0.0, 0.0, 0.0, 0.0, 0.0, 0.0, 0.0, 0.0, 0.0, 0.0, 0.0, 0.0, 0.0, 0.0, 0.0, 0.0, 
0.0, 0.0, 0.0, 0.0, 0.0, 0.0, 0.0, 0.0, 0.0, 0.0, 0.0, 0.0, 0.0, 0.0, 0.0, 0.0, 0.0, 0.0, 0.0, 0.0, 0.0, 0.0, 0.0, 0.0, 0.0, 0.0, 0.0, 0.0, 0.0, 0.0, 
0.0, 0.0, 0.0, 0.0, 0.0, 0.0, 0.0, 0.0, 0.0, 0.0, 0.0, 0.0, 0.0, 0.0, 0.0, 0.0, 0.0, 0.0, 0.0, 0.0, 0.0, 0.0, 0.0, 0.0, 0.0, 0.0, 0.0, 0.0, 0.0, 0.0, 
0.0, 0.0, 0.0, 0.0, 0.0, 0.0, 0.0, 0.0, 0.0, 0.0, 0.0, 0.0, 0.0, 0.0, 0.0, 0.0, 0.0, 0.0, 0.0, 0.0, 0.0, 0.0, 0.0, 0.0, 0.0, 0.0, 0.0, 0.0, 0.0, 0.0, 
0.07110059261637228, 0.0, 0.0, 0.0, 0.0, 70.88263188752224, 0.0, 9.487712720453287, 19.91668957476948, 0.0, 67.11160342299478, 80.47349387882058, 0.0, 0.0, 0.0, 0.0, 0.0, 0.0, 0.0, 0.0, 0.0, 0.0, 0.0, 0.0, 205.1487958520184, 1.186941087262624, 0.0, 0.0, 0.0, 56.82763052065059, 
0.0, 0.0, 553.9397410537088, 0.0, 0.0, 112.31424106823525, 0.0, 38.908923058970814, 79.32593554021679, 0.0, 65.31640529060383, 0.0, 0.0, 0.0, 0.0, 0.0, 0.0, 0.0, 0.0, 0.0, 0.0, 0.0, 0.0, 0.0, 110.03370670848786, 0.37786872212761624, 0.0, 0.3275704425315468, 0.0, 108.59134184998973, 
431.1372174508774, 0.0, 0.0, 0.0, 0.0, 276.06927237249795, 0.0, 127.48284834324367, 0.0, 0.0, 41.72550452541537, 38.49190659363158, 0.0, 0.0, 0.0, 0.0, 0.0, 0.0, 0.0, 0.0, 0.0, 0.0, 0.0, 0.0, 669.9529913381974, 169.55167234989065, 0.0, 0.7190191903455038, 0.0, 103.91625788369076, 
21.485232676342218, 0.0, 304.9430733424987, 0.0, 246.10490546907445, 9.753071586892144, 0.0, 146.82142197378758, 1.620577513302908, 0.0, 6.080842511183693, 4.4187291144864425, 87.45106154433267, 0.0, 53.34303043296253, 0.0, 0.0, 0.0, 0.0, 167.80835971251628, 0.0, 0.0, 0.0, 0.0, 0.0, 0.0, 0.0, 0.14280059687620889, 0.0, 0.0, 
0.0, 0.0, 0.0, 0.0, 0.0, 0.0, 0.0, 0.0, 0.0, 0.0, 0.0, 0.0, 0.0, 0.0, 0.0, 0.0, 0.0, 0.0, 0.0, 0.0, 0.0, 0.0, 0.0, 0.0, 0.0, 0.0, 0.0, 0.0, 0.0, 0.0, 
0.04179594435317067, 0.0, 0.006739690414308488, 0.0, 0.02009150117984581, 0.06766302043023839, 0.0, 0.01755700892312062, 1012.1478966904807, 0.0, 0.0, 0.047467019964365975, 0.05827280254568777, 0.0, 0.023496594605677074, 0.0, 0.0, 0.0, 0.0, 0.021493306377880557, 0.0, 0.0, 0.0, 0.0, 0.0, 0.0, 0.0, 67.86295089237399, 0.0, 0.043103096113183366, 
184.40863922861325, 0.0, 407.14929680664716, 0.0, 216.511609524339, 185.90781480239153, 0.0, 238.13439825338978, 27.602063788328383, 0.0, 37.116261590037, 26.770002978893, 84.76527869439516, 0.0, 155.90867005759853, 0.0, 0.0, 28.663503209327548, 0.0, 389.475059692699, 0.0, 0.0, 0.0, 0.0, 0.0, 0.0, 0.0, 159.88859411213028, 0.0, 318.09471937486745, 
0.0, 0.0, 0.0, 0.0, 0.5314465598373959, 0.19979958810249973, 0.0, 107.54356262901803, 17.739642670873565, 0.0, 0.0, 43.360271874842155, 49.71006671336974, 0.0, 0.0, 0.0, 0.0, 204.4437441691064, 0.0, 9.92962265400604, 0.0, 0.0, 0.0, 0.0, 0.0, 0.0, 0.0, 0.0, 0.0, 84.5503918393235, 
0.34659800905033333, 0.0, 299.7395360278978, 0.0, 0.0, 0.0, 0.0, 0.0, 274.2783983824675, 0.0, 375.3489853111048, 0.0, 0.0, 0.0, 0.0, 0.0, 0.0, 0.0, 0.0, 4.1107131124353335, 0.0, 0.0, 0.0, 0.0, 359.69057746693784, 0.0, 0.0, 1.4117103645529732, 0.0, 3194.4424867382063, 
237.81629029156582, 0.0, 1.9353901574674044, 0.0, 0.0, 160.3669167790809, 0.0, 102.06154033593214, 0.0, 0.0, 0.0, 88.0915528227501, 234.47909655048497, 0.0, 75.7386242031817, 0.0, 0.0, 0.11802128261060967, 0.0, 4.977731047175002, 0.0, 0.0, 0.0, 0.0, 285.7621683818787, 0.0, 0.0, 0.0, 0.0, 0.0, 
