0.0, 0.0, 0.0, 0.0, 0.0, 0.0, 0.0, 0.0, 0.0, 0.0, 0.0, 0.0, 0.0, 0.0, 0.0, 0.0, 0.0, 0.0, 0.0, 0.0, 0.0, 0.0, 0.0, 0.0, 0.0, 0.0, 0.0, 0.0, 0.0, 0.0, 
0.0, 0.0, 0.0, 0.0, 0.0, 0.0, 0.0, 0.12493001527303961, 47.19623395297595, 0.0, 128.0513008495278, 62.57906299710683, 167.58356261018668, 0.0, 0.0, 0.0, 0.0, 0.011997556707925305, 0.0, 191.22620653868583, 0.0, 0.0, 0.0, 0.0, 0.022206636573286014, 0.042078730519945706, 0.0, 205.06609036309243, 0.0, 70.28007338494191, 
0.0, 0.0, 0.0, 0.0, 0.0, 0.0, 0.0, 0.0, 0.0, 0.0, 0.0, 0.0, 0.0, 0.0, 0.0, 0.0, 0.0, 0.0, 0.0, 0.0, 0.0, 0.0, 0.0, 0.0, 0.0, 0.0, 0.0, 0.0, 0.0, 0.0, 
0.0, 0.0, 0.0, 0.0, 0.0, 0.0, 0.0, 44.63255267487824, 0.23820986944416025, 0.0, 65.01812535791454, 2.4681293126896393, 23.68103279628323, 0.0, 0.0, 0.0, 0.0, 0.5253482929956182, 0.0, 277.40884424351157, 0.0, 0.0, 0.0, 0.0, 0.0, 326.71507167404206, 0.0, 0.08184954368943033, 0.0, 0.5221458743137825, 
0.0, 0.0, 0.0, 0.0, 0.0, 0.0, 0.0, 18.94870091881218, 0.1836724293422552, 0.0, 0.7878725062191838, 0.35310642677259396, 74.86818296658163, 0.0, 0.36759470054172433, 0.0, 0.0, 0.024055439941097427, 0.0, 0.10846309203088376, 0.0, 0.0, 0.0, 0.0, 133.14903509283158, 0.21695058448353982, 0.0, 0.0, 0.0, 0.28800804614735404, 
0.0, 0.0, 0.0, 0.0, 0.0, 0.0, 0.0, 0.0, 0.0, 0.0, 0.0, 0.0, 0.0, 0.0, 0.0, 0.0, 0.0, 0.0, 0.0, 0.0, 0.0, 0.0, 0.0, 0.0, 0.0, 0.0, 0.0, 0.0, 0.0, 0.0, 
0.0, 0.0, 0.0, 0.0, 0.0, 0.0, 0.0, 204.7832196745476, 334.588711019493, 0.0, 70.53862026467586, 19.37082224609648, 93.5105099129983, 0.0, 23.631508454799405, 0.0, 0.0, 0.0, 0.0, 88.23217580933749, 0.0, 0.0, 0.0, 0.0, 878.0576326747406, 178.12126522451294, 0.0, 34.60810809449168, 0.0, 1.8026215910046375, 
0.032037229034938226, 0.0, 0.033749944793499576, 0.0, 0.0, 103.51289124864948, 0.0, 0.0, 84.74208518816727, 0.0, 146.65452497154536, 125.16797459238222, 204.7801692910192, 0.0, 0.0, 0.0, 0.0, 0.061027989630988, 0.0, 101.80767376261483, 0.0, 0.0, 0.0, 0.0, 24.807460549494508, 0.04788046388657463, 0.0, 6.048669608923757, 0.0, 500.72181836440456, 
515.3378677226008, 0.0, 0.03465420875782858, 0.0, 0.0, 230.00021515149209, 0.0, 0.0, 0.0, 0.0, 0.0, 49.278590318794514, 32.15738127160973, 0.0, 97.32357853555179, 0.0, 0.0, 0.03137658485463405, 0.0, 0.057731078002322155, 0.0, 0.0, 0.0, 0.0, 299.886517887489, 231.77870591833786, 0.0, 80.75023942017633, 0.0, 0.0, 
131.74496120649766, 0.0, 0.05076761756216033, 0.0, 0.05102191954339954, 390.7553229574896, 0.0, 208.91488571125697, 0.0, 0.0, 0.0, 164.14851846105498, 1017.4813041806483, 0.0, 483.4255189774077, 0.0, 0.0, 0.0, 0.0, 0.22401618279600125, 0.0, 0.0, 0.0, 0.0, 52.15821142179676, 0.0, 0.0, 4.604016649601623, 0.0, 0.0, 
0.0, 0.0, 0.0, 0.0, 0.0, 0.0, 0.0, 0.0, 0.0, 0.0, 0.0, 0.0, 0.0, 0.0, 0.0, 0.0, 0.0, 0.0, 0.0, 0.0, 0.0, 0.0, 0.0, 0.0, 0.0, 0.0, 0.0, 0.0, 0.0, 0.0, 
0.0, 0.0, 0.0, 0.0, 0.0, 0.0, 0.0, 0.0, 0.0, 0.0, 0.0, 0.0, 0.0, 0.0, 0.0, 0.0, 0.0, 0.0, 0.0, 0.0, 0.0, 0.0, 0.0, 0.0, 0.0, 0.0, 0.0, 0.0, 0.0, 0.0, 
0.0, 0.0, 0.0, 0.0, 0.0, 0.0, 0.0, 0.0, 0.0, 0.0, 0.0, 0.0, 0.0, 0.0, 0.0, 0.0, 0.0, 0.0, 0.0, 0.0, 0.0, 0.0, 0.0, 0.0, 0.0, 0.0, 0.0, 0.0, 0.0, 0.0, 
0.135902449715762, 0.0, 0.05084615974813384, 0.0, 0.6952378132882661, 194.53185808667007, 0.0, 300.5011787046099, 0.0, 0.0, 338.43175019364946, 0.0, 0.0, 0.0, 0.0, 0.0, 0.0, 0.0, 0.0, 0.0, 0.0, 0.0, 0.0, 0.0, 80.22414388027734, 0.07418423101157819, 0.0, 17.36588479920693, 0.0, 913.2296952509919, 
0.0, 0.0, 0.0, 0.0, 0.0, 0.0, 0.0, 0.0, 0.0, 0.0, 0.0, 0.0, 0.0, 0.0, 0.0, 0.0, 0.0, 0.0, 0.0, 0.0, 0.0, 0.0, 0.0, 0.0, 0.0, 0.0, 0.0, 0.0, 0.0, 0.0, 
0.03913866303325749, 0.0, 0.028592605813269487, 0.0, 0.008840589505390966, 131.2944592061577, 0.0, 130.91383534144416, 0.0, 0.0, 155.44645253474363, 0.0, 0.0, 0.0, 0.0, 0.0, 0.0, 0.0, 0.0, 0.4392465490184802, 0.0, 0.0, 0.0, 0.0, 145.89756975892752, 0.0693933543571922, 0.0, 0.03927064577149207, 0.0, 178.65831483624137, 
0.0, 0.0, 0.0, 0.0, 0.0, 0.0, 0.0, 0.0, 0.0, 0.0, 0.0, 0.0, 0.0, 0.0, 0.0, 0.0, 0.0, 0.0, 0.0, 0.0, 0.0, 0.0, 0.0, 0.0, 0.0, 0.0, 0.0, 0.0, 0.0, 0.0, 
0.0, 0.0, 0.0, 0.0, 0.0, 0.0, 0.0, 0.0, 0.0, 0.0, 0.0, 0.0, 0.0, 0.0, 0.0, 0.0, 0.0, 0.0, 0.0, 0.0, 0.0, 0.0, 0.0, 0.0, 0.0, 0.0, 0.0, 0.0, 0.0, 0.0, 
0.0, 0.0, 0.0, 0.0, 0.0, 0.0, 0.0, 0.0, 0.0, 0.0, 0.0, 0.0, 0.0, 0.0, 0.0, 0.0, 0.0, 0.0, 0.0, 0.0, 0.0, 0.0, 0.0, 0.0, 0.0, 0.0, 0.0, 0.0, 0.0, 0.0, 
0.0, 0.0, 0.0, 0.0, 0.0, 0.0, 0.0, 0.0, 0.0, 0.0, 0.0, 0.0, 0.0, 0.0, 0.0, 0.0, 0.0, 0.0, 0.0, 0.0, 0.0, 0.0, 0.0, 0.0, 0.0, 0.0, 0.0, 0.0, 0.0, 0.0, 
0.07375666798251546, 0.0, 0.0, 0.0, 0.0, 43.10858995283739, 0.0, 19.74214710635339, 86.21280709171978, 0.0, 95.97677071367835, 11.997391642640236, 0.0, 0.0, 0.0, 0.0, 0.0, 0.0, 0.0, 0.0, 0.0, 0.0, 0.0, 0.0, 215.72991373620658, 0.05235058193709677, 0.0, 0.0, 0.0, 35.40931454697098, 
0.0, 0.0, 314.09894755080467, 0.0, 0.0, 161.1848337488778, 0.0, 54.58510693645844, 114.51837468985941, 0.0, 108.55877416239325, 0.0, 0.0, 0.0, 0.0, 0.0, 0.0, 0.0, 0.0, 0.0, 0.0, 0.0, 0.0, 0.0, 181.59161846804804, 0.056500303500185506, 0.0, 8.343127502626457, 0.0, 124.66105220335182, 
458.8552260852716, 0.0, 0.0, 0.0, 0.0, 254.5236842829728, 0.0, 105.31904363498528, 0.0, 0.0, 51.97730092656392, 48.82525818506514, 0.0, 0.0, 0.0, 0.0, 0.0, 0.0, 0.0, 0.0, 0.0, 0.0, 0.0, 0.0, 794.7515098385785, 59.556413411998996, 0.0, 1.7449358788066336, 0.0, 89.24781001210886, 
97.97405174427055, 0.0, 446.760743218336, 0.0, 263.56716880765117, 0.1275608864995653, 0.0, 102.4070960174806, 0.1676417878417402, 0.0, 0.41232356912383306, 0.16131769971835735, 0.10934939869716476, 0.0, 31.664389301255493, 0.0, 0.0, 0.0, 0.0, 142.2871140224391, 0.0, 0.0, 0.0, 0.0, 0.0, 0.0, 0.0, 0.12967540283968473, 0.0, 0.0, 
0.0, 0.0, 0.0, 0.0, 0.0, 0.0, 0.0, 0.0, 0.0, 0.0, 0.0, 0.0, 0.0, 0.0, 0.0, 0.0, 0.0, 0.0, 0.0, 0.0, 0.0, 0.0, 0.0, 0.0, 0.0, 0.0, 0.0, 0.0, 0.0, 0.0, 
0.00487214904938261, 0.0, 0.007179101773554717, 0.0, 0.0070211546190815195, 0.0030702942024906964, 0.0, 0.002005071942979593, 1114.2656703729388, 0.0, 0.0, 0.004517492653119316, 0.01519793133829167, 0.0, 0.0059647933399726875, 0.0, 0.0, 0.0, 0.0, 0.0022745438376376645, 0.0, 0.0, 0.0, 0.0, 0.0, 0.0, 0.0, 0.04757600532774599, 0.0, 0.002070197865282466, 
110.17282917261741, 0.0, 453.0336949995216, 0.0, 122.299489494875, 309.9241046361796, 0.0, 118.61445854353445, 1.0700068096988202, 0.0, 119.82913643618008, 62.05058107393445, 258.1446604205801, 0.0, 142.0614242928191, 0.0, 0.0, 122.39100586872446, 0.0, 306.8546048662216, 0.0, 0.0, 0.0, 0.0, 0.0, 0.0, 0.0, 88.93665746270538, 0.0, 234.30112704791551, 
0.0, 0.0, 0.0, 0.0, 0.024346694799081015, 0.02946629546086471, 0.0, 286.04096905963314, 1.4050895158803163, 0.0, 0.0, 0.35066785966965885, 18.733468609951203, 0.0, 0.0, 0.0, 0.0, 219.38519442118098, 0.0, 0.0558038990895976, 0.0, 0.0, 0.0, 0.0, 0.0, 0.0, 0.0, 0.0, 0.0, 0.1565866890052056, 
0.06396471264072413, 0.0, 365.86161753773774, 0.0, 0.0, 0.0, 0.0, 0.0, 110.88846538830526, 0.0, 218.52147591560967, 0.0, 0.0, 0.0, 0.0, 0.0, 0.0, 0.0, 0.0, 121.28948869580262, 0.0, 0.0, 0.0, 0.0, 359.5717751969945, 0.0, 0.0, 0.3838291840210566, 0.0, 4091.2022931918355, 
202.24058561660615, 0.0, 0.0457346929430933, 0.0, 0.0, 71.42852139495348, 0.0, 156.3791982241779, 0.0, 0.0, 0.0, 226.30187036404084, 149.74529597146193, 0.0, 42.88375845365283, 0.0, 0.0, 0.052851279646409614, 0.0, 0.11977828356466828, 0.0, 0.0, 0.0, 0.0, 256.525469312197, 0.0, 0.0, 0.0, 0.0, 0.0, 
