0.0, 0.0, 0.0, 0.0, 0.0, 0.0, 0.0, 0.0, 0.0, 0.0, 0.0, 0.0, 0.0, 0.0, 0.0, 0.0, 0.0, 0.0, 0.0, 0.0, 0.0, 0.0, 0.0, 0.0, 0.0, 0.0, 0.0, 0.0, 0.0, 0.0, 
0.0, 0.0, 0.0, 0.0, 0.0, 0.0, 0.0, 47.77805349435526, 73.00275524949251, 0.0, 94.24023374347345, 67.26816640558327, 56.995707373404535, 0.0, 0.0, 0.0, 0.0, 0.0294016099149641, 0.0, 343.1543880409696, 0.0, 0.0, 0.0, 0.0, 78.01934424988016, 43.62273385827736, 0.0, 35.764516914272235, 0.0, 85.9546281126625, 
0.0, 0.0, 0.0, 0.0, 0.0, 0.0, 0.0, 0.0, 0.0, 0.0, 0.0, 0.0, 0.0, 0.0, 0.0, 0.0, 0.0, 0.0, 0.0, 0.0, 0.0, 0.0, 0.0, 0.0, 0.0, 0.0, 0.0, 0.0, 0.0, 0.0, 
0.0, 0.0, 0.0, 0.0, 0.0, 0.0, 0.0, 130.88839568805255, 41.78951151842297, 0.0, 5.482239621775298, 0.11952602683751867, 120.81671578221642, 0.0, 0.0, 0.0, 0.0, 133.82698173995473, 0.0, 103.35948857915514, 0.0, 0.0, 0.0, 0.0, 0.0, 114.57613040481196, 0.0, 24.56920571993554, 0.0, 105.81938442837763, 
0.0, 0.0, 0.0, 0.0, 0.0, 0.0, 0.0, 54.62466847681175, 25.0401683306819, 0.0, 6.6403611492463765, 19.93651686712511, 42.80387076009923, 0.0, 7.163050481483024, 0.0, 0.0, 11.194249452021465, 0.0, 53.484887381820556, 0.0, 0.0, 0.0, 0.0, 14.14793266986919, 105.60759000081488, 0.0, 0.0, 0.0, 9.61209059313778, 
0.0, 0.0, 0.0, 0.0, 0.0, 0.0, 0.0, 0.0, 0.0, 0.0, 0.0, 0.0, 0.0, 0.0, 0.0, 0.0, 0.0, 0.0, 0.0, 0.0, 0.0, 0.0, 0.0, 0.0, 0.0, 0.0, 0.0, 0.0, 0.0, 0.0, 
0.0, 0.0, 0.0, 0.0, 0.0, 0.0, 0.0, 392.11565276792845, 238.82640410611222, 0.0, 95.41712710556595, 17.6940298563083, 12.06965424527199, 0.0, 17.45080400463994, 0.0, 0.0, 0.0, 0.0, 18.663646522101452, 0.0, 0.0, 0.0, 0.0, 915.5930893096638, 197.03432874439042, 0.0, 20.081614498417128, 0.0, 53.044815786539466, 
65.59673465943035, 0.0, 24.69031076686762, 0.0, 0.0, 124.97847293964176, 0.0, 0.0, 106.36524798307364, 0.0, 42.229084756039114, 48.87264631773551, 149.65394526034027, 0.0, 0.0, 0.0, 0.0, 13.355903544425674, 0.0, 59.36451516400321, 0.0, 0.0, 0.0, 0.0, 16.481292022793802, 27.111360486406443, 0.0, 1.2527413715791025, 0.0, 582.5998629884614, 
176.09683253390517, 0.0, 71.93716391039817, 0.0, 0.0, 648.8702931196436, 0.0, 0.0, 0.0, 0.0, 0.0, 27.734038947161515, 98.54561431203234, 0.0, 81.71898804293794, 0.0, 0.0, 9.40348068883895, 0.0, 46.42342269858005, 0.0, 0.0, 0.0, 0.0, 95.67526204693742, 93.0003568463802, 0.0, 2.6447309439324833, 0.0, 0.0, 
66.35455107874411, 0.0, 3.22329657695008, 0.0, 6.989493025311916, 82.2827476545585, 0.0, 239.38914703664793, 0.0, 0.0, 0.0, 3.4790541190662383, 929.903707894451, 0.0, 465.51877173456114, 0.0, 0.0, 0.0, 0.0, 95.73583589290041, 0.0, 0.0, 0.0, 0.0, 625.2896413208717, 0.0, 0.0, 49.434535605081265, 0.0, 0.0, 
0.0, 0.0, 0.0, 0.0, 0.0, 0.0, 0.0, 0.0, 0.0, 0.0, 0.0, 0.0, 0.0, 0.0, 0.0, 0.0, 0.0, 0.0, 0.0, 0.0, 0.0, 0.0, 0.0, 0.0, 0.0, 0.0, 0.0, 0.0, 0.0, 0.0, 
0.0, 0.0, 0.0, 0.0, 0.0, 0.0, 0.0, 0.0, 0.0, 0.0, 0.0, 0.0, 0.0, 0.0, 0.0, 0.0, 0.0, 0.0, 0.0, 0.0, 0.0, 0.0, 0.0, 0.0, 0.0, 0.0, 0.0, 0.0, 0.0, 0.0, 
0.0, 0.0, 0.0, 0.0, 0.0, 0.0, 0.0, 0.0, 0.0, 0.0, 0.0, 0.0, 0.0, 0.0, 0.0, 0.0, 0.0, 0.0, 0.0, 0.0, 0.0, 0.0, 0.0, 0.0, 0.0, 0.0, 0.0, 0.0, 0.0, 0.0, 
1.303806927105411, 0.0, 38.12885140696681, 0.0, 28.369466832359304, 61.095847320173405, 0.0, 291.52956993411766, 0.0, 0.0, 541.9127756368166, 0.0, 0.0, 0.0, 0.0, 0.0, 0.0, 0.0, 0.0, 0.0, 0.0, 0.0, 0.0, 0.0, 23.529627369135643, 15.594782575458211, 0.0, 39.70494174109845, 0.0, 852.9388726048093, 
0.0, 0.0, 0.0, 0.0, 0.0, 0.0, 0.0, 0.0, 0.0, 0.0, 0.0, 0.0, 0.0, 0.0, 0.0, 0.0, 0.0, 0.0, 0.0, 0.0, 0.0, 0.0, 0.0, 0.0, 0.0, 0.0, 0.0, 0.0, 0.0, 0.0, 
20.391465360489637, 0.0, 13.54564063323277, 0.0, 21.33958406720248, 107.78642389447151, 0.0, 137.60529535793, 0.0, 0.0, 112.32094732098142, 0.0, 0.0, 0.0, 0.0, 0.0, 0.0, 0.0, 0.0, 8.01898360176131, 0.0, 0.0, 0.0, 0.0, 148.33485553164098, 67.84008229326929, 0.0, 21.864632876727242, 0.0, 180.3568783671758, 
0.0, 0.0, 0.0, 0.0, 0.0, 0.0, 0.0, 0.0, 0.0, 0.0, 0.0, 0.0, 0.0, 0.0, 0.0, 0.0, 0.0, 0.0, 0.0, 0.0, 0.0, 0.0, 0.0, 0.0, 0.0, 0.0, 0.0, 0.0, 0.0, 0.0, 
0.0, 0.0, 0.0, 0.0, 0.0, 0.0, 0.0, 0.0, 0.0, 0.0, 0.0, 0.0, 0.0, 0.0, 0.0, 0.0, 0.0, 0.0, 0.0, 0.0, 0.0, 0.0, 0.0, 0.0, 0.0, 0.0, 0.0, 0.0, 0.0, 0.0, 
0.0, 0.0, 0.0, 0.0, 0.0, 0.0, 0.0, 0.0, 0.0, 0.0, 0.0, 0.0, 0.0, 0.0, 0.0, 0.0, 0.0, 0.0, 0.0, 0.0, 0.0, 0.0, 0.0, 0.0, 0.0, 0.0, 0.0, 0.0, 0.0, 0.0, 
0.0, 0.0, 0.0, 0.0, 0.0, 0.0, 0.0, 0.0, 0.0, 0.0, 0.0, 0.0, 0.0, 0.0, 0.0, 0.0, 0.0, 0.0, 0.0, 0.0, 0.0, 0.0, 0.0, 0.0, 0.0, 0.0, 0.0, 0.0, 0.0, 0.0, 
57.3188554509681, 0.0, 0.0, 0.0, 0.0, 80.01551159220915, 0.0, 14.543452421622499, 20.367362257024013, 0.0, 104.72903568855018, 9.99622847211823, 0.0, 0.0, 0.0, 0.0, 0.0, 0.0, 0.0, 0.0, 0.0, 0.0, 0.0, 0.0, 248.43917819529827, 3.6281860055732973, 0.0, 0.0, 0.0, 60.27349245012126, 
0.0, 0.0, 114.45249155725557, 0.0, 0.0, 87.22146330684478, 0.0, 42.71964940722603, 34.64949937830208, 0.0, 126.97117501078165, 0.0, 0.0, 0.0, 0.0, 0.0, 0.0, 0.0, 0.0, 0.0, 0.0, 0.0, 0.0, 0.0, 453.19643733148615, 26.686990693088163, 0.0, 31.686157060460516, 0.0, 156.77740189096252, 
402.35089036624237, 0.0, 0.0, 0.0, 0.0, 227.683407020054, 0.0, 25.224482828350546, 0.0, 0.0, 100.61659331046774, 129.86471934886004, 0.0, 0.0, 0.0, 0.0, 0.0, 0.0, 0.0, 0.0, 0.0, 0.0, 0.0, 0.0, 466.2720586522952, 217.21000190474066, 0.0, 129.8757929567996, 0.0, 114.0082301272125, 
253.22411284560832, 0.0, 227.57062269946937, 0.0, 85.34628119596618, 83.00697305320536, 0.0, 93.79008505235086, 64.17627463526594, 0.0, 7.937183856553787, 81.70840961123102, 69.55139352881264, 0.0, 36.59201841213683, 0.0, 0.0, 0.0, 0.0, 11.876118363067961, 0.0, 0.0, 0.0, 0.0, 0.0, 0.0, 0.0, 88.79888425472681, 0.0, 0.0, 
0.0, 0.0, 0.0, 0.0, 0.0, 0.0, 0.0, 0.0, 0.0, 0.0, 0.0, 0.0, 0.0, 0.0, 0.0, 0.0, 0.0, 0.0, 0.0, 0.0, 0.0, 0.0, 0.0, 0.0, 0.0, 0.0, 0.0, 0.0, 0.0, 0.0, 
2.3870370507015903, 0.0, 9.928764774656429, 0.0, 20.607555546841738, 14.146775898258639, 0.0, 39.58100867601155, 693.531282323574, 0.0, 0.0, 13.48618606297325, 18.778058481135453, 0.0, 38.40753552381837, 0.0, 0.0, 0.0, 0.0, 11.482546999906585, 0.0, 0.0, 0.0, 0.0, 0.0, 0.0, 0.0, 75.46093702231416, 0.0, 4.172018090769836, 
320.0323269689233, 0.0, 431.7946813682694, 0.0, 51.011560453162296, 80.24001848913365, 0.0, 148.5991511959619, 30.357584106513457, 0.0, 148.20206320648316, 8.05165070547479, 321.9341455139485, 0.0, 106.09460490224926, 0.0, 0.0, 128.9927909530981, 0.0, 128.24166733903667, 0.0, 0.0, 0.0, 0.0, 0.0, 0.0, 0.0, 57.83415218755494, 0.0, 566.1543777819029, 
0.0, 0.0, 0.0, 0.0, 18.008365599506636, 124.75937209094057, 0.0, 13.391779469900223, 57.996078572676915, 0.0, 0.0, 107.45105070049009, 0.5854124443365194, 0.0, 0.0, 0.0, 0.0, 114.62041112250887, 0.0, 62.943764355447854, 0.0, 0.0, 0.0, 0.0, 0.0, 0.0, 0.0, 0.0, 0.0, 19.819946615828034, 
69.26040563641389, 0.0, 387.36240277392005, 0.0, 0.0, 0.0, 0.0, 0.0, 494.8381206102106, 0.0, 40.227594347624965, 0.0, 0.0, 0.0, 0.0, 0.0, 0.0, 0.0, 0.0, 98.92405701447993, 0.0, 0.0, 0.0, 0.0, 153.0020416834053, 0.0, 0.0, 15.925816121903136, 0.0, 365.10470722992943, 
63.78595817890209, 0.0, 124.51281973478434, 0.0, 0.0, 99.4215876563448, 0.0, 3.279000466422566, 0.0, 0.0, 0.0, 215.66131777985504, 108.53391278905849, 0.0, 57.781464141241784, 0.0, 0.0, 40.48761248474597, 0.0, 64.12086401077183, 0.0, 0.0, 0.0, 0.0, 81.97000680397731, 0.0, 0.0, 0.0, 0.0, 0.0, 
