0.0, 0.0, 0.0, 0.0, 0.0, 0.0, 0.0, 0.0, 0.0, 0.0, 0.0, 0.0, 0.0, 0.0, 0.0, 0.0, 0.0, 0.0, 0.0, 0.0, 0.0, 0.0, 0.0, 0.0, 0.0, 0.0, 0.0, 0.0, 0.0, 0.0, 
0.0, 0.0, 0.0, 0.0, 0.0, 0.0, 0.0, 72.1236395765057, 162.70271773982557, 0.0, 117.5620564724283, 82.4817310077047, 45.367297443836776, 0.0, 0.0, 0.0, 0.0, 42.04795203867884, 0.0, 82.03649864126893, 0.0, 0.0, 0.0, 0.0, 210.5973763857949, 9.511896350828886, 0.0, 6.742952710174055, 0.0, 120.49461606119814, 
0.0, 0.0, 0.0, 0.0, 0.0, 0.0, 0.0, 0.0, 0.0, 0.0, 0.0, 0.0, 0.0, 0.0, 0.0, 0.0, 0.0, 0.0, 0.0, 0.0, 0.0, 0.0, 0.0, 0.0, 0.0, 0.0, 0.0, 0.0, 0.0, 0.0, 
0.0, 0.0, 0.0, 0.0, 0.0, 0.0, 0.0, 23.491827435477653, 106.87494550466431, 0.0, 5.526133336679728, 29.268849804309216, 61.12262418361863, 0.0, 0.0, 0.0, 0.0, 45.04178767685968, 0.0, 117.79454058942436, 0.0, 0.0, 0.0, 0.0, 0.0, 301.9508359604842, 0.0, 25.21672991299867, 0.0, 49.36716221481585, 
0.0, 0.0, 0.0, 0.0, 0.0, 0.0, 0.0, 13.121674074161815, 66.23159739117274, 0.0, 16.778677740460125, 40.79696097244423, 25.02792728062947, 0.0, 35.33929992934842, 0.0, 0.0, 0.1852672812453493, 0.0, 7.004851027217185, 0.0, 0.0, 0.0, 0.0, 37.12193026431893, 67.37268603786251, 0.0, 0.0, 0.0, 36.71807274718407, 
0.0, 0.0, 0.0, 0.0, 0.0, 0.0, 0.0, 0.0, 0.0, 0.0, 0.0, 0.0, 0.0, 0.0, 0.0, 0.0, 0.0, 0.0, 0.0, 0.0, 0.0, 0.0, 0.0, 0.0, 0.0, 0.0, 0.0, 0.0, 0.0, 0.0, 
0.0, 0.0, 0.0, 0.0, 0.0, 0.0, 0.0, 737.5674077216136, 62.27688817752064, 0.0, 13.130582735203678, 16.447421994522795, 103.64593629406384, 0.0, 60.91431767537425, 0.0, 0.0, 0.0, 0.0, 47.92342787687803, 0.0, 0.0, 0.0, 0.0, 532.5140790451532, 108.7216437817124, 0.0, 49.054689616503055, 0.0, 156.69599840264308, 
70.04928984179503, 0.0, 29.722516038840464, 0.0, 0.0, 86.75410830000106, 0.0, 0.0, 222.768742560358, 0.0, 260.01098290019445, 95.72600199081177, 198.58952999983842, 0.0, 0.0, 0.0, 0.0, 31.57771461974018, 0.0, 51.042569553393534, 0.0, 0.0, 0.0, 0.0, 15.784392437093175, 7.516730551205109, 0.0, 12.762456445720826, 0.0, 250.70904910769752, 
187.3524978673768, 0.0, 5.751602001300816, 0.0, 0.0, 397.3453166678721, 0.0, 0.0, 0.0, 0.0, 0.0, 16.351144761562576, 173.2767376595325, 0.0, 81.79295095864553, 0.0, 0.0, 8.444118697232938, 0.0, 134.2148825313853, 0.0, 0.0, 0.0, 0.0, 110.53806940808124, 16.922853287219564, 0.0, 6.134828662415437, 0.0, 0.0, 
698.6397865092608, 0.0, 99.4814117734149, 0.0, 41.796623338649695, 4.462074562774143, 0.0, 31.60431543164105, 0.0, 0.0, 0.0, 29.923388692645826, 1002.701685710385, 0.0, 520.1944087810825, 0.0, 0.0, 0.0, 0.0, 6.843220023885377, 0.0, 0.0, 0.0, 0.0, 35.73930359591476, 0.0, 0.0, 58.29905929438086, 0.0, 0.0, 
0.0, 0.0, 0.0, 0.0, 0.0, 0.0, 0.0, 0.0, 0.0, 0.0, 0.0, 0.0, 0.0, 0.0, 0.0, 0.0, 0.0, 0.0, 0.0, 0.0, 0.0, 0.0, 0.0, 0.0, 0.0, 0.0, 0.0, 0.0, 0.0, 0.0, 
0.0, 0.0, 0.0, 0.0, 0.0, 0.0, 0.0, 0.0, 0.0, 0.0, 0.0, 0.0, 0.0, 0.0, 0.0, 0.0, 0.0, 0.0, 0.0, 0.0, 0.0, 0.0, 0.0, 0.0, 0.0, 0.0, 0.0, 0.0, 0.0, 0.0, 
0.0, 0.0, 0.0, 0.0, 0.0, 0.0, 0.0, 0.0, 0.0, 0.0, 0.0, 0.0, 0.0, 0.0, 0.0, 0.0, 0.0, 0.0, 0.0, 0.0, 0.0, 0.0, 0.0, 0.0, 0.0, 0.0, 0.0, 0.0, 0.0, 0.0, 
1.434026106295061, 0.0, 21.980508986155254, 0.0, 53.16946904167846, 39.07963663182383, 0.0, 283.7627725090448, 0.0, 0.0, 506.83950152732245, 0.0, 0.0, 0.0, 0.0, 0.0, 0.0, 0.0, 0.0, 0.0, 0.0, 0.0, 0.0, 0.0, 120.70427515507507, 26.1307695557591, 0.0, 14.452812450731544, 0.0, 736.0971470193343, 
0.0, 0.0, 0.0, 0.0, 0.0, 0.0, 0.0, 0.0, 0.0, 0.0, 0.0, 0.0, 0.0, 0.0, 0.0, 0.0, 0.0, 0.0, 0.0, 0.0, 0.0, 0.0, 0.0, 0.0, 0.0, 0.0, 0.0, 0.0, 0.0, 0.0, 
0.7334477111384019, 0.0, 40.73299615141551, 0.0, 12.899234642727354, 177.26911014271673, 0.0, 51.15687997188844, 0.0, 0.0, 149.7610887002741, 0.0, 0.0, 0.0, 0.0, 0.0, 0.0, 0.0, 0.0, 9.886192767171043, 0.0, 0.0, 0.0, 0.0, 16.23004860156485, 61.432360279947716, 0.0, 33.8576251707568, 0.0, 285.0603989571153, 
0.0, 0.0, 0.0, 0.0, 0.0, 0.0, 0.0, 0.0, 0.0, 0.0, 0.0, 0.0, 0.0, 0.0, 0.0, 0.0, 0.0, 0.0, 0.0, 0.0, 0.0, 0.0, 0.0, 0.0, 0.0, 0.0, 0.0, 0.0, 0.0, 0.0, 
0.0, 0.0, 0.0, 0.0, 0.0, 0.0, 0.0, 0.0, 0.0, 0.0, 0.0, 0.0, 0.0, 0.0, 0.0, 0.0, 0.0, 0.0, 0.0, 0.0, 0.0, 0.0, 0.0, 0.0, 0.0, 0.0, 0.0, 0.0, 0.0, 0.0, 
0.0, 0.0, 0.0, 0.0, 0.0, 0.0, 0.0, 0.0, 0.0, 0.0, 0.0, 0.0, 0.0, 0.0, 0.0, 0.0, 0.0, 0.0, 0.0, 0.0, 0.0, 0.0, 0.0, 0.0, 0.0, 0.0, 0.0, 0.0, 0.0, 0.0, 
0.0, 0.0, 0.0, 0.0, 0.0, 0.0, 0.0, 0.0, 0.0, 0.0, 0.0, 0.0, 0.0, 0.0, 0.0, 0.0, 0.0, 0.0, 0.0, 0.0, 0.0, 0.0, 0.0, 0.0, 0.0, 0.0, 0.0, 0.0, 0.0, 0.0, 
8.27686858143134, 0.0, 0.0, 0.0, 0.0, 21.722555410331413, 0.0, 2.4698065865707552, 22.342158041010762, 0.0, 22.615130011818085, 56.96502777568684, 0.0, 0.0, 0.0, 0.0, 0.0, 0.0, 0.0, 0.0, 0.0, 0.0, 0.0, 0.0, 387.46648974180164, 60.14810225521072, 0.0, 0.0, 0.0, 7.283513590581048, 
0.0, 0.0, 263.5857695404357, 0.0, 0.0, 404.50755754744495, 0.0, 24.99788851596979, 70.40964471633349, 0.0, 6.352724680724542, 0.0, 0.0, 0.0, 0.0, 0.0, 0.0, 0.0, 0.0, 0.0, 0.0, 0.0, 0.0, 0.0, 172.39744310535764, 21.026914838605528, 0.0, 42.23425683199344, 0.0, 31.573064055744283, 
135.09518158433514, 0.0, 0.0, 0.0, 0.0, 228.23475375540602, 0.0, 26.264363630115582, 0.0, 0.0, 36.69915564572812, 4.639294584754356, 0.0, 0.0, 0.0, 0.0, 0.0, 0.0, 0.0, 0.0, 0.0, 0.0, 0.0, 0.0, 1148.6762101508366, 186.2879878028007, 0.0, 26.78521453828627, 0.0, 3.944769089197753, 
6.134903705706119, 0.0, 8.153793993863879, 0.0, 234.60680370065, 275.8719614166095, 0.0, 94.33665575274541, 13.4997270449288, 0.0, 137.30669526517556, 165.6454675280841, 93.00943689969588, 0.0, 15.699276130754058, 0.0, 0.0, 0.0, 0.0, 36.662569692392445, 0.0, 0.0, 0.0, 0.0, 0.0, 0.0, 0.0, 108.4077784641496, 0.0, 0.0, 
0.0, 0.0, 0.0, 0.0, 0.0, 0.0, 0.0, 0.0, 0.0, 0.0, 0.0, 0.0, 0.0, 0.0, 0.0, 0.0, 0.0, 0.0, 0.0, 0.0, 0.0, 0.0, 0.0, 0.0, 0.0, 0.0, 0.0, 0.0, 0.0, 0.0, 
14.261842215329946, 0.0, 43.81630599136782, 0.0, 6.322966477199088, 10.549143203528399, 0.0, 9.13478300631021, 664.8687124142102, 0.0, 0.0, 23.043192150287993, 39.303398010523296, 0.0, 36.650006486737475, 0.0, 0.0, 0.0, 0.0, 63.94745650654389, 0.0, 0.0, 0.0, 0.0, 0.0, 0.0, 0.0, 53.03166860783293, 0.0, 68.55021907824133, 
209.24473262465938, 0.0, 654.1813375870647, 0.0, 61.78690822822786, 34.13381148512945, 0.0, 165.3924298069004, 208.7071917309711, 0.0, 76.21068118394741, 27.01036013907815, 56.790028247132305, 0.0, 51.08026145999506, 0.0, 0.0, 10.811097130238918, 0.0, 403.0095571398882, 0.0, 0.0, 0.0, 0.0, 0.0, 0.0, 0.0, 153.0540774081559, 0.0, 295.6122828182541, 
0.0, 0.0, 0.0, 0.0, 24.658648486281574, 59.50998339864405, 0.0, 22.07473267908921, 33.376371646756496, 0.0, 0.0, 88.40654160010835, 100.66590126031072, 0.0, 0.0, 0.0, 0.0, 244.13882803571923, 0.0, 31.25851264905495, 0.0, 0.0, 0.0, 0.0, 0.0, 0.0, 0.0, 0.0, 0.0, 4.21206920692474, 
115.97970724432204, 0.0, 281.9895930373243, 0.0, 0.0, 0.0, 0.0, 0.0, 273.26271737293246, 0.0, 163.12612190996677, 0.0, 0.0, 0.0, 0.0, 0.0, 0.0, 0.0, 0.0, 45.33391636487644, 0.0, 0.0, 0.0, 0.0, 252.6950852552508, 0.0, 0.0, 46.579522287658214, 0.0, 818.5756521593423, 
69.51854304061185, 0.0, 81.05524960621547, 0.0, 0.0, 105.85560260330328, 0.0, 54.82860385203625, 0.0, 0.0, 0.0, 123.01167668590962, 117.4759476843229, 0.0, 96.14537686791408, 0.0, 0.0, 24.204069212908795, 0.0, 141.96932503992414, 0.0, 0.0, 0.0, 0.0, 393.7910875665199, 0.0, 0.0, 0.0, 0.0, 0.0, 
