0.0, 0.0, 0.0, 0.0, 0.0, 0.0, 0.0, 0.0, 0.0, 0.0, 0.0, 0.0, 0.0, 0.0, 0.0, 0.0, 0.0, 0.0, 0.0, 0.0, 0.0, 0.0, 0.0, 0.0, 0.0, 0.0, 0.0, 0.0, 0.0, 0.0, 
0.0, 0.0, 0.0, 0.0, 0.0, 0.0, 0.0, 2.2743683780927855E-4, 193.38743415890573, 0.0, 98.60669973891554, 50.584737382308994, 89.02771670578473, 0.0, 0.0, 0.0, 0.0, 0.0024682409368198053, 0.0, 196.96337544220424, 0.0, 0.0, 0.0, 0.0, 6.07844050258958E-4, 4.0257145874566695E-4, 0.0, 0.002981630984767903, 0.0, 242.98444198636034, 
0.0, 0.0, 0.0, 0.0, 0.0, 0.0, 0.0, 0.0, 0.0, 0.0, 0.0, 0.0, 0.0, 0.0, 0.0, 0.0, 0.0, 0.0, 0.0, 0.0, 0.0, 0.0, 0.0, 0.0, 0.0, 0.0, 0.0, 0.0, 0.0, 0.0, 
0.0, 0.0, 0.0, 0.0, 0.0, 0.0, 0.0, 66.53910335765919, 0.01992197446398679, 0.0, 0.6278714428330874, 5.081164788186651, 15.128891242904505, 0.0, 0.0, 0.0, 0.0, 0.0013742544269497437, 0.0, 249.2865283667366, 0.0, 0.0, 0.0, 0.0, 0.0, 395.35296016918113, 0.0, 1.1986756248809496E-4, 0.0, 0.012281400447074134, 
0.0, 0.0, 0.0, 0.0, 0.0, 0.0, 0.0, 56.346729550666886, 0.018307287156501685, 0.0, 30.578711826335983, 3.541454020510601, 46.954823674916184, 0.0, 0.006261964645100123, 0.0, 0.0, 4.1661748760123476E-4, 0.0, 0.024149866216582713, 0.0, 0.0, 0.0, 0.0, 80.24215283927296, 4.524207938575643, 0.0, 0.0, 0.0, 0.007431149715968806, 
0.0, 0.0, 0.0, 0.0, 0.0, 0.0, 0.0, 0.0, 0.0, 0.0, 0.0, 0.0, 0.0, 0.0, 0.0, 0.0, 0.0, 0.0, 0.0, 0.0, 0.0, 0.0, 0.0, 0.0, 0.0, 0.0, 0.0, 0.0, 0.0, 0.0, 
0.0, 0.0, 0.0, 0.0, 0.0, 0.0, 0.0, 71.84490059695811, 0.05086939718468634, 0.0, 101.03197645290992, 83.64324480115083, 132.29805377116287, 0.0, 0.002028271358153858, 0.0, 0.0, 0.0, 0.0, 209.6172421064422, 0.0, 0.0, 0.0, 0.0, 1234.6452218015538, 94.22582941179947, 0.0, 0.019168205611562295, 0.0, 0.018292844894758978, 
0.0021399813871029265, 0.0, 0.00152166641812023, 0.0, 0.0, 225.1773513794741, 0.0, 0.0, 376.35065377361025, 0.0, 207.21213371608434, 138.49727129326362, 135.0213754717451, 0.0, 0.0, 0.0, 0.0, 9.039892433252514E-4, 0.0, 84.99089707026518, 0.0, 0.0, 0.0, 0.0, 12.79375601413904, 0.0016449539681359705, 0.0, 61.57884753488487, 0.0, 61.06708864350589, 
284.89078187015576, 0.0, 0.005132257936044297, 0.0, 0.0, 240.80734959290507, 0.0, 0.0, 0.0, 0.0, 0.0, 147.48631616425274, 71.04863612444012, 0.0, 59.540654961986974, 0.0, 0.0, 1.5463508726033925E-4, 0.0, 35.576450972088324, 0.0, 0.0, 0.0, 0.0, 314.31674413987844, 68.6014350723145, 0.0, 83.45290723822056, 0.0, 0.0, 
161.65177894703504, 0.0, 0.003963529063453677, 0.0, 6.977371294446664E-4, 384.67028089036893, 0.0, 37.00111543033359, 0.0, 0.0, 0.0, 1.2697600347926625, 1014.3620115120909, 0.0, 552.3494633516575, 0.0, 0.0, 0.0, 0.0, 0.04330951976653773, 0.0, 0.0, 0.0, 0.0, 293.77167690239577, 0.0, 0.0, 4.016533645958779, 0.0, 0.0, 
0.0, 0.0, 0.0, 0.0, 0.0, 0.0, 0.0, 0.0, 0.0, 0.0, 0.0, 0.0, 0.0, 0.0, 0.0, 0.0, 0.0, 0.0, 0.0, 0.0, 0.0, 0.0, 0.0, 0.0, 0.0, 0.0, 0.0, 0.0, 0.0, 0.0, 
0.0, 0.0, 0.0, 0.0, 0.0, 0.0, 0.0, 0.0, 0.0, 0.0, 0.0, 0.0, 0.0, 0.0, 0.0, 0.0, 0.0, 0.0, 0.0, 0.0, 0.0, 0.0, 0.0, 0.0, 0.0, 0.0, 0.0, 0.0, 0.0, 0.0, 
0.0, 0.0, 0.0, 0.0, 0.0, 0.0, 0.0, 0.0, 0.0, 0.0, 0.0, 0.0, 0.0, 0.0, 0.0, 0.0, 0.0, 0.0, 0.0, 0.0, 0.0, 0.0, 0.0, 0.0, 0.0, 0.0, 0.0, 0.0, 0.0, 0.0, 
7.565797726143157E-4, 0.0, 0.0028120119262438456, 0.0, 0.0018077488873560722, 106.31874411684689, 0.0, 1029.726101742728, 0.0, 0.0, 276.19887705458234, 0.0, 0.0, 0.0, 0.0, 0.0, 0.0, 0.0, 0.0, 0.0, 0.0, 0.0, 0.0, 0.0, 233.08391723988444, 6.274327290127845E-4, 0.0, 0.008207525518917335, 0.0, 205.2081341977246, 
0.0, 0.0, 0.0, 0.0, 0.0, 0.0, 0.0, 0.0, 0.0, 0.0, 0.0, 0.0, 0.0, 0.0, 0.0, 0.0, 0.0, 0.0, 0.0, 0.0, 0.0, 0.0, 0.0, 0.0, 0.0, 0.0, 0.0, 0.0, 0.0, 0.0, 
3.1035774413609854E-4, 0.0, 3.5079072194993887E-4, 0.0, 6.865928486458301E-4, 120.47477976565855, 0.0, 89.59574888446166, 0.0, 0.0, 222.75598837535864, 0.0, 0.0, 0.0, 0.0, 0.0, 0.0, 0.0, 0.0, 0.05098126183915152, 0.0, 0.0, 0.0, 0.0, 214.4457213201422, 6.938645691394501E-4, 0.0, 6.673262460872703E-5, 0.0, 148.88204557675564, 
0.0, 0.0, 0.0, 0.0, 0.0, 0.0, 0.0, 0.0, 0.0, 0.0, 0.0, 0.0, 0.0, 0.0, 0.0, 0.0, 0.0, 0.0, 0.0, 0.0, 0.0, 0.0, 0.0, 0.0, 0.0, 0.0, 0.0, 0.0, 0.0, 0.0, 
0.0, 0.0, 0.0, 0.0, 0.0, 0.0, 0.0, 0.0, 0.0, 0.0, 0.0, 0.0, 0.0, 0.0, 0.0, 0.0, 0.0, 0.0, 0.0, 0.0, 0.0, 0.0, 0.0, 0.0, 0.0, 0.0, 0.0, 0.0, 0.0, 0.0, 
0.0, 0.0, 0.0, 0.0, 0.0, 0.0, 0.0, 0.0, 0.0, 0.0, 0.0, 0.0, 0.0, 0.0, 0.0, 0.0, 0.0, 0.0, 0.0, 0.0, 0.0, 0.0, 0.0, 0.0, 0.0, 0.0, 0.0, 0.0, 0.0, 0.0, 
0.0, 0.0, 0.0, 0.0, 0.0, 0.0, 0.0, 0.0, 0.0, 0.0, 0.0, 0.0, 0.0, 0.0, 0.0, 0.0, 0.0, 0.0, 0.0, 0.0, 0.0, 0.0, 0.0, 0.0, 0.0, 0.0, 0.0, 0.0, 0.0, 0.0, 
6.848119487585408E-4, 0.0, 0.0, 0.0, 0.0, 98.29679681984402, 0.0, 84.0517982016547, 4.386218321768074, 0.0, 35.54957994611451, 0.13122318911156988, 0.0, 0.0, 0.0, 0.0, 0.0, 0.0, 0.0, 0.0, 0.0, 0.0, 0.0, 0.0, 288.65066027705177, 1.9122801318388727E-4, 0.0, 0.0, 0.0, 0.050609594256566436, 
0.0, 0.0, 733.2969714872157, 0.0, 0.0, 46.042699685298864, 0.0, 85.03618217597364, 42.47369116294305, 0.0, 56.959845736080275, 0.0, 0.0, 0.0, 0.0, 0.0, 0.0, 0.0, 0.0, 0.0, 0.0, 0.0, 0.0, 0.0, 0.0019291457823156373, 2.239472611482093E-4, 0.0, 7.189451092995254E-4, 0.0, 98.24758102620362, 
668.0520436646212, 0.0, 0.0, 0.0, 0.0, 69.41514859090334, 0.0, 0.02316328683261466, 0.0, 0.0, 165.79076998608215, 20.492436843267395, 0.0, 0.0, 0.0, 0.0, 0.0, 0.0, 0.0, 0.0, 0.0, 0.0, 0.0, 0.0, 376.87610379048334, 236.06413281179474, 0.0, 4.023951355339526E-4, 0.0, 323.6308525400349, 
0.018760940461502992, 0.0, 216.2715642622519, 0.0, 209.58564962090975, 232.71710632297928, 0.0, 9.43101750629349, 0.0065631791404708924, 0.0, 0.006611420393389337, 0.016876701389594732, 257.8871720672536, 0.0, 0.291083619377846, 0.0, 0.0, 0.0, 0.0, 125.55704465950679, 0.0, 0.0, 0.0, 0.0, 0.0, 0.0, 0.0, 4.961826386132637E-4, 0.0, 0.0, 
0.0, 0.0, 0.0, 0.0, 0.0, 0.0, 0.0, 0.0, 0.0, 0.0, 0.0, 0.0, 0.0, 0.0, 0.0, 0.0, 0.0, 0.0, 0.0, 0.0, 0.0, 0.0, 0.0, 0.0, 0.0, 0.0, 0.0, 0.0, 0.0, 0.0, 
2.6228443222897223E-4, 0.0, 5.706182659450759E-5, 0.0, 1.577190581860596E-4, 1.2314045016715085E-5, 0.0, 4.413441235071326E-5, 1118.0849514799668, 0.0, 0.0, 4.253114857895399E-5, 9.443081064624275E-5, 0.0, 3.194580418817117E-5, 0.0, 0.0, 0.0, 0.0, 5.241959352770733E-5, 0.0, 0.0, 0.0, 0.0, 0.0, 0.0, 0.0, 6.13370881545135E-4, 0.0, 1.7494580328571691E-4, 
224.53251171155839, 0.0, 358.41755261541863, 0.0, 204.8310852623891, 327.9413169595216, 0.0, 99.64846787741182, 15.490965546850779, 0.0, 13.4096103081297, 3.5738993715405174, 232.5356314511521, 0.0, 211.42398520538066, 0.0, 0.0, 0.002101735397005528, 0.0, 332.57086517514233, 0.0, 0.0, 0.0, 0.0, 0.0, 0.0, 0.0, 311.59647424404767, 0.0, 116.83026348174654, 
0.0, 0.0, 0.0, 0.0, 1.367479548105266E-4, 8.302300929404527E-4, 0.0, 78.55033225411489, 105.20625367190365, 0.0, 0.0, 64.03912842330546, 54.29962974773435, 0.0, 0.0, 0.0, 0.0, 206.77466499112845, 0.0, 0.008128507384457124, 0.0, 0.0, 0.0, 0.0, 0.0, 0.0, 0.0, 0.0, 0.0, 1.911435035255886, 
7.035566645045939E-4, 0.0, 260.2275954414466, 0.0, 0.0, 0.0, 0.0, 0.0, 36.00780657119589, 0.0, 287.2365788823657, 0.0, 0.0, 0.0, 0.0, 0.0, 0.0, 0.0, 0.0, 0.029475547146804826, 0.0, 0.0, 0.0, 0.0, 393.5068752777243, 0.0, 0.0, 0.001292581151240425, 0.0, 4.2278307716354556E14, 
178.90344984127765, 0.0, 0.0037293217855919637, 0.0, 0.0, 49.58041424428318, 0.0, 52.52714804630742, 0.0, 0.0, 0.0, 255.90779731111644, 0.0, 0.0, 0.0, 0.0, 0.0, 0.0, 0.0, 0.0, 0.0, 0.0, 0.0, 0.0, 0.0, 0.0, 0.0, 0.0, 0.0, 0.0, 
