0.0, 0.0, 0.0, 0.0, 0.0, 0.0, 0.0, 0.0, 0.0, 0.0, 0.0, 0.0, 0.0, 0.0, 0.0, 0.0, 0.0, 0.0, 0.0, 0.0, 0.0, 0.0, 0.0, 0.0, 0.0, 0.0, 0.0, 0.0, 0.0, 0.0, 
0.0, 0.0, 0.0, 0.0, 0.0, 0.0, 0.0, 52.576981475747665, 139.4626050457536, 0.0, 21.349347840609386, 47.05962258995373, 81.12634638300787, 0.0, 0.0, 0.0, 0.0, 42.31430550578404, 0.0, 179.665022222556, 0.0, 0.0, 0.0, 0.0, 175.96878535164632, 10.433821618274289, 0.0, 40.474628787281, 0.0, 74.95513180276387, 
0.0, 0.0, 0.0, 0.0, 0.0, 0.0, 0.0, 0.0, 0.0, 0.0, 0.0, 0.0, 0.0, 0.0, 0.0, 0.0, 0.0, 0.0, 0.0, 0.0, 0.0, 0.0, 0.0, 0.0, 0.0, 0.0, 0.0, 0.0, 0.0, 0.0, 
0.0, 0.0, 0.0, 0.0, 0.0, 0.0, 0.0, 24.429736652360102, 12.859144404304308, 0.0, 57.98449473357392, 42.59218130936884, 127.66486312143248, 0.0, 0.0, 0.0, 0.0, 129.3955463036035, 0.0, 176.0094489151987, 0.0, 0.0, 0.0, 0.0, 0.0, 136.0815689488109, 0.0, 9.522335304763073, 0.0, 1.7188557271224656, 
0.0, 0.0, 0.0, 0.0, 0.0, 0.0, 0.0, 3.331543956195961, 76.79823679870242, 0.0, 21.60129736015936, 10.735979526248707, 5.661912296440343E-6, 0.0, 14.030973044951569, 0.0, 0.0, 0.8150805128730011, 0.0, 22.09755686691034, 0.0, 0.0, 0.0, 0.0, 131.88169356762666, 128.434194919985, 0.0, 0.0, 0.0, 15.19784109204403, 
0.0, 0.0, 0.0, 0.0, 0.0, 0.0, 0.0, 0.0, 0.0, 0.0, 0.0, 0.0, 0.0, 0.0, 0.0, 0.0, 0.0, 0.0, 0.0, 0.0, 0.0, 0.0, 0.0, 0.0, 0.0, 0.0, 0.0, 0.0, 0.0, 0.0, 
0.0, 0.0, 0.0, 0.0, 0.0, 0.0, 0.0, 54.252948439182994, 989.0452255912556, 0.0, 102.68527017411661, 52.78931410863359, 81.59019270852387, 0.0, 239.39471263020243, 0.0, 0.0, 0.0, 0.0, 129.7584188536574, 0.0, 0.0, 0.0, 0.0, 145.11501260787074, 116.72958247556741, 0.0, 53.292801502580424, 0.0, 8.054425787317236, 
8.055782986012717, 0.0, 23.56061450355026, 0.0, 0.0, 109.09717175190634, 0.0, 0.0, 119.24232686117966, 0.0, 86.9420051792776, 100.3964478428273, 142.4868362625665, 0.0, 0.0, 0.0, 0.0, 0.08132526690964426, 0.0, 2.275322059484146, 0.0, 0.0, 0.0, 0.0, 6.42857389905214, 34.27696124878866, 0.0, 16.8107421175195, 0.0, 657.0900833945236, 
305.51448006329684, 0.0, 198.8748792715016, 0.0, 0.0, 192.59341494772812, 0.0, 0.0, 0.0, 0.0, 0.0, 61.71416564300751, 115.369063274558, 0.0, 13.516885995544161, 0.0, 0.0, 2.13285111380467, 0.0, 1.182899747877432, 0.0, 0.0, 0.0, 0.0, 234.21254366054234, 51.61136000412479, 0.0, 39.378472653220705, 0.0, 0.0, 
211.8905344837158, 0.0, 91.77550403881015, 0.0, 34.13320937505188, 11.799522346841744, 0.0, 59.39065875792091, 0.0, 0.0, 0.0, 71.0075306690898, 178.84880773714207, 0.0, 542.5508150923409, 0.0, 0.0, 0.0, 0.0, 12.841267760677558, 0.0, 0.0, 0.0, 0.0, 996.3289635431593, 0.0, 0.0, 5.5209439436132595, 0.0, 0.0, 
0.0, 0.0, 0.0, 0.0, 0.0, 0.0, 0.0, 0.0, 0.0, 0.0, 0.0, 0.0, 0.0, 0.0, 0.0, 0.0, 0.0, 0.0, 0.0, 0.0, 0.0, 0.0, 0.0, 0.0, 0.0, 0.0, 0.0, 0.0, 0.0, 0.0, 
0.0, 0.0, 0.0, 0.0, 0.0, 0.0, 0.0, 0.0, 0.0, 0.0, 0.0, 0.0, 0.0, 0.0, 0.0, 0.0, 0.0, 0.0, 0.0, 0.0, 0.0, 0.0, 0.0, 0.0, 0.0, 0.0, 0.0, 0.0, 0.0, 0.0, 
0.0, 0.0, 0.0, 0.0, 0.0, 0.0, 0.0, 0.0, 0.0, 0.0, 0.0, 0.0, 0.0, 0.0, 0.0, 0.0, 0.0, 0.0, 0.0, 0.0, 0.0, 0.0, 0.0, 0.0, 0.0, 0.0, 0.0, 0.0, 0.0, 0.0, 
39.96275270198371, 0.0, 66.14795424488997, 0.0, 5.40933860077632, 321.8611176735712, 0.0, 200.96724389054376, 0.0, 0.0, 892.433140671986, 0.0, 0.0, 0.0, 0.0, 0.0, 0.0, 0.0, 0.0, 0.0, 0.0, 0.0, 0.0, 0.0, 91.9251419462389, 0.10991649009400252, 0.0, 24.929375582408888, 0.0, 166.81732061269668, 
0.0, 0.0, 0.0, 0.0, 0.0, 0.0, 0.0, 0.0, 0.0, 0.0, 0.0, 0.0, 0.0, 0.0, 0.0, 0.0, 0.0, 0.0, 0.0, 0.0, 0.0, 0.0, 0.0, 0.0, 0.0, 0.0, 0.0, 0.0, 0.0, 0.0, 
69.55896119830697, 0.0, 18.3161160452613, 0.0, 0.6566196655836569, 84.98501031685039, 0.0, 56.97218525611085, 0.0, 0.0, 113.51418856359327, 0.0, 0.0, 0.0, 0.0, 0.0, 0.0, 0.0, 0.0, 0.18846103672006023, 0.0, 0.0, 0.0, 0.0, 19.14959352567162, 30.277079171356146, 0.0, 5.645445061193024, 0.0, 214.76129277554574, 
0.0, 0.0, 0.0, 0.0, 0.0, 0.0, 0.0, 0.0, 0.0, 0.0, 0.0, 0.0, 0.0, 0.0, 0.0, 0.0, 0.0, 0.0, 0.0, 0.0, 0.0, 0.0, 0.0, 0.0, 0.0, 0.0, 0.0, 0.0, 0.0, 0.0, 
0.0, 0.0, 0.0, 0.0, 0.0, 0.0, 0.0, 0.0, 0.0, 0.0, 0.0, 0.0, 0.0, 0.0, 0.0, 0.0, 0.0, 0.0, 0.0, 0.0, 0.0, 0.0, 0.0, 0.0, 0.0, 0.0, 0.0, 0.0, 0.0, 0.0, 
0.0, 0.0, 0.0, 0.0, 0.0, 0.0, 0.0, 0.0, 0.0, 0.0, 0.0, 0.0, 0.0, 0.0, 0.0, 0.0, 0.0, 0.0, 0.0, 0.0, 0.0, 0.0, 0.0, 0.0, 0.0, 0.0, 0.0, 0.0, 0.0, 0.0, 
0.0, 0.0, 0.0, 0.0, 0.0, 0.0, 0.0, 0.0, 0.0, 0.0, 0.0, 0.0, 0.0, 0.0, 0.0, 0.0, 0.0, 0.0, 0.0, 0.0, 0.0, 0.0, 0.0, 0.0, 0.0, 0.0, 0.0, 0.0, 0.0, 0.0, 
70.49601313591947, 0.0, 0.0, 0.0, 0.0, 60.03255535423552, 0.0, 46.517686109731265, 48.933625160451115, 0.0, 31.59483300630413, 22.927225516556934, 0.0, 0.0, 0.0, 0.0, 0.0, 0.0, 0.0, 0.0, 0.0, 0.0, 0.0, 0.0, 210.55543362735372, 11.8604517486428, 0.0, 0.0, 0.0, 11.220876544609702, 
0.0, 0.0, 181.98113897174537, 0.0, 0.0, 357.8677446201929, 0.0, 59.679842054891054, 31.589648958433102, 0.0, 31.076660920821077, 0.0, 0.0, 0.0, 0.0, 0.0, 0.0, 0.0, 0.0, 0.0, 0.0, 0.0, 0.0, 0.0, 121.53715117930273, 40.32520621499087, 0.0, 46.030649187765974, 0.0, 104.3297181602814, 
232.33161099280815, 0.0, 0.0, 0.0, 0.0, 182.48745400166356, 0.0, 149.20553853808923, 0.0, 0.0, 43.9699269341414, 106.40833595917152, 0.0, 0.0, 0.0, 0.0, 0.0, 0.0, 0.0, 0.0, 0.0, 0.0, 0.0, 0.0, 506.4083761520769, 286.6323689498036, 0.0, 114.76996001104544, 0.0, 160.5470566100573, 
173.0439884500304, 0.0, 140.0524565260838, 0.0, 139.91054841523106, 43.12411752360332, 0.0, 137.22167441274, 0.004318507210236671, 0.0, 30.67175846339624, 48.557267951207365, 54.758366457053924, 0.0, 36.826220855959335, 0.0, 0.0, 0.0, 0.0, 123.24466452888903, 0.0, 0.0, 0.0, 0.0, 0.0, 0.0, 0.0, 58.31042303460638, 0.0, 0.0, 
0.0, 0.0, 0.0, 0.0, 0.0, 0.0, 0.0, 0.0, 0.0, 0.0, 0.0, 0.0, 0.0, 0.0, 0.0, 0.0, 0.0, 0.0, 0.0, 0.0, 0.0, 0.0, 0.0, 0.0, 0.0, 0.0, 0.0, 0.0, 0.0, 0.0, 
0.27809312957072996, 0.0, 130.02781753646806, 0.0, 10.466291902056831, 0.17217204147957696, 0.0, 108.48763086271124, 208.8339986136329, 0.0, 0.0, 0.004153943596160532, 107.11994383588954, 0.0, 9.423789435067565, 0.0, 0.0, 0.0, 0.0, 39.22014313635672, 0.0, 0.0, 0.0, 0.0, 0.0, 0.0, 0.0, 143.08934107233313, 0.0, 86.10577591027248, 
217.6851504268137, 0.0, 305.39642553496935, 0.0, 37.97567927726359, 263.32583049204317, 0.0, 145.8088555226433, 127.69187708951141, 0.0, 81.93717245037016, 112.0580678715413, 72.63720661527285, 0.0, 13.388701847700167, 0.0, 0.0, 152.54321665094145, 0.0, 184.86978929820123, 0.0, 0.0, 0.0, 0.0, 0.0, 0.0, 0.0, 92.50655362931553, 0.0, 685.445913082845, 
0.0, 0.0, 0.0, 0.0, 7.51246729551093, 76.21874780157435, 0.0, 84.62447054100481, 3.2182269779301462, 0.0, 0.0, 56.18910820605608, 101.63201798789862, 0.0, 0.0, 0.0, 0.0, 98.83360782747154, 0.0, 180.80146086163953, 0.0, 0.0, 0.0, 0.0, 0.0, 0.0, 0.0, 0.0, 0.0, 0.030602132628405176, 
1.905925673472092, 0.0, 234.83125360431603, 0.0, 0.0, 0.0, 0.0, 0.0, 131.57610634287605, 0.0, 1.5152755254545076, 0.0, 0.0, 0.0, 0.0, 0.0, 0.0, 0.0, 0.0, 12.949253238545927, 0.0, 0.0, 0.0, 0.0, 158.7945058609787, 0.0, 0.0, 24.928818134444473, 0.0, 47.289226563265665, 
98.07646271823383, 0.0, 6.356390074139862, 0.0, 0.0, 101.4518720248665, 0.0, 527.2770280858549, 0.0, 0.0, 0.0, 41.571299646539444, 184.51032880986102, 0.0, 4.998590777238864, 0.0, 0.0, 86.67089224858826, 0.0, 101.35088074272888, 0.0, 0.0, 0.0, 0.0, 189.39165622867012, 0.0, 0.0, 0.0, 0.0, 0.0, 
