0.0, 0.0, 0.0, 0.0, 0.0, 0.0, 0.0, 0.0, 0.0, 0.0, 0.0, 0.0, 0.0, 0.0, 0.0, 0.0, 0.0, 0.0, 0.0, 0.0, 0.0, 0.0, 0.0, 0.0, 0.0, 0.0, 0.0, 0.0, 0.0, 0.0, 
0.0, 0.0, 0.0, 0.0, 0.0, 0.0, 0.0, 40.79026459522063, 121.49583140372494, 0.0, 60.550183981006086, 116.05278363496993, 107.02406733753736, 0.0, 0.0, 0.0, 0.0, 7.756596439605864, 0.0, 199.07273979345382, 0.0, 0.0, 0.0, 0.0, 88.1230143402306, 1.0989477830827501E-13, 0.0, 70.79544034230236, 0.0, 112.88301757687292, 
0.0, 0.0, 0.0, 0.0, 0.0, 0.0, 0.0, 0.0, 0.0, 0.0, 0.0, 0.0, 0.0, 0.0, 0.0, 0.0, 0.0, 0.0, 0.0, 0.0, 0.0, 0.0, 0.0, 0.0, 0.0, 0.0, 0.0, 0.0, 0.0, 0.0, 
0.0, 0.0, 0.0, 0.0, 0.0, 0.0, 0.0, 103.01320300042165, 7.355462158421272, 0.0, 37.05649844819499, 48.924753439482096, 15.479767813721088, 0.0, 0.0, 0.0, 0.0, 58.86793744305694, 0.0, 160.00717499649656, 0.0, 0.0, 0.0, 0.0, 0.0, 314.82798562381515, 0.0, 1.644424372703314E-11, 0.0, 4.509689256038691, 
0.0, 0.0, 0.0, 0.0, 0.0, 0.0, 0.0, 66.72249763148038, 0.19697758230771228, 0.0, 32.38780218842507, 7.200758504819138, 12.79614113940973, 0.0, 10.82227595657459, 0.0, 0.0, 1.4594938055937565E-13, 0.0, 7.355319040890722, 0.0, 0.0, 0.0, 0.0, 43.01204482804612, 46.114491633397414, 0.0, 0.0, 0.0, 4.5736833145693637E-10, 
0.0, 0.0, 0.0, 0.0, 0.0, 0.0, 0.0, 0.0, 0.0, 0.0, 0.0, 0.0, 0.0, 0.0, 0.0, 0.0, 0.0, 0.0, 0.0, 0.0, 0.0, 0.0, 0.0, 0.0, 0.0, 0.0, 0.0, 0.0, 0.0, 0.0, 
0.0, 0.0, 0.0, 0.0, 0.0, 0.0, 0.0, 244.6591379282014, 297.0647858693434, 0.0, 81.34399750190752, 23.409696315887274, 97.21929440964149, 0.0, 196.2496422390003, 0.0, 0.0, 0.0, 0.0, 122.02837134892073, 0.0, 0.0, 0.0, 0.0, 655.6398929607461, 142.28160896637465, 0.0, 62.32007015416297, 0.0, 4.328664026713251, 
30.42125941258699, 0.0, 0.006372710392217906, 0.0, 0.0, 148.40194318091162, 0.0, 0.0, 144.86809240880302, 0.0, 98.82613995403501, 110.32242921763951, 304.90457867696773, 0.0, 0.0, 0.0, 0.0, 2.855997821554757E-6, 0.0, 85.16491623146905, 0.0, 0.0, 0.0, 0.0, 1.437269621216965E-13, 8.052648826206159, 0.0, 6.735208046305917, 0.0, 366.84158772315857, 
301.30544823042226, 0.0, 14.908392668010466, 0.0, 0.0, 247.90764771196754, 0.0, 0.0, 0.0, 0.0, 0.0, 55.820338192077934, 91.98542993684588, 0.0, 37.43697035415805, 0.0, 0.0, 7.897136736890171E-12, 0.0, 73.8281588233983, 0.0, 0.0, 0.0, 0.0, 304.8211507674987, 102.4687759421979, 0.0, 21.261262972002047, 0.0, 0.0, 
331.8452348166928, 0.0, 5.061815717223092, 0.0, 7.138829570123671, 156.1356137306887, 0.0, 69.17703798739251, 0.0, 0.0, 0.0, 129.23226771111158, 1003.1727323944705, 0.0, 313.42160444525825, 0.0, 0.0, 0.0, 0.0, 4.84112605927248, 0.0, 0.0, 0.0, 0.0, 423.7228494690339, 0.0, 0.0, 6.910331252125034, 0.0, 0.0, 
0.0, 0.0, 0.0, 0.0, 0.0, 0.0, 0.0, 0.0, 0.0, 0.0, 0.0, 0.0, 0.0, 0.0, 0.0, 0.0, 0.0, 0.0, 0.0, 0.0, 0.0, 0.0, 0.0, 0.0, 0.0, 0.0, 0.0, 0.0, 0.0, 0.0, 
0.0, 0.0, 0.0, 0.0, 0.0, 0.0, 0.0, 0.0, 0.0, 0.0, 0.0, 0.0, 0.0, 0.0, 0.0, 0.0, 0.0, 0.0, 0.0, 0.0, 0.0, 0.0, 0.0, 0.0, 0.0, 0.0, 0.0, 0.0, 0.0, 0.0, 
0.0, 0.0, 0.0, 0.0, 0.0, 0.0, 0.0, 0.0, 0.0, 0.0, 0.0, 0.0, 0.0, 0.0, 0.0, 0.0, 0.0, 0.0, 0.0, 0.0, 0.0, 0.0, 0.0, 0.0, 0.0, 0.0, 0.0, 0.0, 0.0, 0.0, 
1.3152460902200274E-12, 0.0, 101.02563716843558, 0.0, 13.177151664364416, 308.2917840917514, 0.0, 205.90278915198144, 0.0, 0.0, 543.0877744844554, 0.0, 0.0, 0.0, 0.0, 0.0, 0.0, 0.0, 0.0, 0.0, 0.0, 0.0, 0.0, 0.0, 37.88654690986868, 0.2609462239369895, 0.0, 3.7653387797017026, 0.0, 635.887825231972, 
0.0, 0.0, 0.0, 0.0, 0.0, 0.0, 0.0, 0.0, 0.0, 0.0, 0.0, 0.0, 0.0, 0.0, 0.0, 0.0, 0.0, 0.0, 0.0, 0.0, 0.0, 0.0, 0.0, 0.0, 0.0, 0.0, 0.0, 0.0, 0.0, 0.0, 
4.6159600414573913E-7, 0.0, 7.20797623417922E-14, 0.0, 0.0010622522291543759, 227.71338605485994, 0.0, 46.19226073433683, 0.0, 0.0, 133.78889209794858, 0.0, 0.0, 0.0, 0.0, 0.0, 0.0, 0.0, 0.0, 5.846075967545343E-12, 0.0, 0.0, 0.0, 0.0, 30.65406138207256, 8.817386940453167E-9, 0.0, 9.356239569492211E-14, 0.0, 225.92598605455606, 
0.0, 0.0, 0.0, 0.0, 0.0, 0.0, 0.0, 0.0, 0.0, 0.0, 0.0, 0.0, 0.0, 0.0, 0.0, 0.0, 0.0, 0.0, 0.0, 0.0, 0.0, 0.0, 0.0, 0.0, 0.0, 0.0, 0.0, 0.0, 0.0, 0.0, 
0.0, 0.0, 0.0, 0.0, 0.0, 0.0, 0.0, 0.0, 0.0, 0.0, 0.0, 0.0, 0.0, 0.0, 0.0, 0.0, 0.0, 0.0, 0.0, 0.0, 0.0, 0.0, 0.0, 0.0, 0.0, 0.0, 0.0, 0.0, 0.0, 0.0, 
0.0, 0.0, 0.0, 0.0, 0.0, 0.0, 0.0, 0.0, 0.0, 0.0, 0.0, 0.0, 0.0, 0.0, 0.0, 0.0, 0.0, 0.0, 0.0, 0.0, 0.0, 0.0, 0.0, 0.0, 0.0, 0.0, 0.0, 0.0, 0.0, 0.0, 
0.0, 0.0, 0.0, 0.0, 0.0, 0.0, 0.0, 0.0, 0.0, 0.0, 0.0, 0.0, 0.0, 0.0, 0.0, 0.0, 0.0, 0.0, 0.0, 0.0, 0.0, 0.0, 0.0, 0.0, 0.0, 0.0, 0.0, 0.0, 0.0, 0.0, 
4.953986496709414E-12, 0.0, 0.0, 0.0, 0.0, 73.80649682201872, 0.0, 2.4787289475002434E-13, 47.2080008553037, 0.0, 62.1507093504613, 24.98906693260126, 0.0, 0.0, 0.0, 0.0, 0.0, 0.0, 0.0, 0.0, 0.0, 0.0, 0.0, 0.0, 224.76081110165737, 4.859882198707612E-14, 0.0, 0.0, 0.0, 78.23118597479508, 
0.0, 0.0, 433.7737778022617, 0.0, 0.0, 107.95429102434268, 0.0, 73.90006314312751, 90.8981085724249, 0.0, 8.263566069721, 0.0, 0.0, 0.0, 0.0, 0.0, 0.0, 0.0, 0.0, 0.0, 0.0, 0.0, 0.0, 0.0, 309.2537568778476, 2.864117753984381E-14, 0.0, 5.2973867104686025, 0.0, 64.63304896044154, 
166.71215390924843, 0.0, 0.0, 0.0, 0.0, 184.83177931407798, 0.0, 190.69070845313067, 0.0, 0.0, 143.8330086411667, 51.43921570852251, 0.0, 0.0, 0.0, 0.0, 0.0, 0.0, 0.0, 0.0, 0.0, 0.0, 0.0, 0.0, 740.3026525059709, 199.46226188702911, 0.0, 39.33232624121406, 0.0, 131.46309025865094, 
117.57086589508714, 0.0, 279.38975609179795, 0.0, 132.40926700383986, 18.152351442758803, 0.0, 154.72321172974637, 37.36753907855094, 0.0, 1.6151406475209378, 6.127419011923846, 130.13356026029393, 0.0, 17.63291345066416, 0.0, 0.0, 0.0, 0.0, 150.55845849702575, 0.0, 0.0, 0.0, 0.0, 0.0, 0.0, 0.0, 15.438097333988871, 0.0, 0.0, 
0.0, 0.0, 0.0, 0.0, 0.0, 0.0, 0.0, 0.0, 0.0, 0.0, 0.0, 0.0, 0.0, 0.0, 0.0, 0.0, 0.0, 0.0, 0.0, 0.0, 0.0, 0.0, 0.0, 0.0, 0.0, 0.0, 0.0, 0.0, 0.0, 0.0, 
1.202576062365381E-5, 0.0, 8.582178981541869E-14, 0.0, 0.028345524091827196, 1.6787032278902973E-14, 0.0, 0.6200457097298482, 631.2462452802846, 0.0, 0.0, 8.413840228600447E-9, 1.2235958943700718, 0.0, 7.83525737071226E-14, 0.0, 0.0, 0.0, 0.0, 10.982637003027117, 0.0, 0.0, 0.0, 0.0, 0.0, 0.0, 0.0, 155.2290211531572, 0.0, 1.284236291711626E-13, 
208.3657100833466, 0.0, 411.50566116855913, 0.0, 4.861689254391604, 315.6732508038443, 0.0, 287.7604856960373, 229.45067672482443, 0.0, 139.9026819215298, 43.970781669241994, 102.10756514976362, 0.0, 200.52806529749725, 0.0, 0.0, 64.0208661781347, 0.0, 210.0655299916175, 0.0, 0.0, 0.0, 0.0, 0.0, 0.0, 0.0, 124.99490770224446, 0.0, 222.6529564713664, 
0.0, 0.0, 0.0, 0.0, 1.2726102414615489E-14, 1.1194417736631165E-6, 0.0, 191.74653452089606, 70.9004095892351, 0.0, 0.0, 46.80194256697445, 38.684520873612854, 0.0, 0.0, 0.0, 0.0, 108.658378388925, 0.0, 15.495490662927939, 0.0, 0.0, 0.0, 0.0, 0.0, 0.0, 0.0, 0.0, 0.0, 82.84484351059066, 
87.7622218285843, 0.0, 308.2746905340028, 0.0, 0.0, 0.0, 0.0, 0.0, 213.4026683861061, 0.0, 153.16413468450057, 0.0, 0.0, 0.0, 0.0, 0.0, 0.0, 0.0, 0.0, 48.36716566008978, 0.0, 0.0, 0.0, 0.0, 308.17221740691684, 0.0, 0.0, 2.491166661225533E-13, 0.0, 204.77262906968085, 
225.65740048995605, 0.0, 0.09364296130785622, 0.0, 0.0, 101.59102479349225, 0.0, 84.55665910476387, 0.0, 0.0, 0.0, 109.67908676977027, 129.63533090698022, 0.0, 46.12569606717474, 0.0, 0.0, 75.15838747691244, 0.0, 86.27160797555385, 0.0, 0.0, 0.0, 0.0, 245.6453955922911, 0.0, 0.0, 0.0, 0.0, 0.0, 
