0.0, 0.0, 0.0, 0.0, 0.0, 0.0, 0.0, 0.0, 0.0, 0.0, 0.0, 0.0, 0.0, 0.0, 0.0, 0.0, 0.0, 0.0, 0.0, 0.0, 0.0, 0.0, 0.0, 0.0, 0.0, 0.0, 0.0, 0.0, 0.0, 0.0, 
0.0, 0.0, 0.0, 0.0, 0.0, 0.0, 0.0, 0.0, 153.07072407792893, 0.0, 92.61696054745866, 51.6341727629903, 184.25087530122616, 0.0, 0.0, 0.0, 0.0, 0.0014762446075053755, 0.0, 211.3864419520881, 0.0, 0.0, 0.0, 0.0, 0.004549852300878317, 0.0015746950490394646, 0.0, 40.77869235154069, 0.0, 137.894432149798, 
0.0, 0.0, 0.0, 0.0, 0.0, 0.0, 0.0, 0.0, 0.0, 0.0, 0.0, 0.0, 0.0, 0.0, 0.0, 0.0, 0.0, 0.0, 0.0, 0.0, 0.0, 0.0, 0.0, 0.0, 0.0, 0.0, 0.0, 0.0, 0.0, 0.0, 
0.0, 0.0, 0.0, 0.0, 0.0, 0.0, 0.0, 68.12419492691981, 0.03797597667494034, 0.0, 0.05725383680300873, 0.022685680277120177, 28.65793401012084, 0.0, 0.0, 0.0, 0.0, 107.9439164534599, 0.0, 355.779909125427, 0.0, 0.0, 0.0, 0.0, 0.0, 174.3999839792246, 0.0, 0.001469719953519224, 0.0, 0.08687295679297281, 
0.0, 0.0, 0.0, 0.0, 0.0, 0.0, 0.0, 54.14238662120201, 0.4222304860554084, 0.0, 0.25398209862871396, 0.5530194183459265, 31.954857475783385, 0.0, 0.39052283906538976, 0.0, 0.0, 0.0024578084543070435, 0.0, 0.046667543821557085, 0.0, 0.0, 0.0, 0.0, 134.55974899020217, 0.004853337491871217, 0.0, 0.0, 0.0, 0.058204714943617196, 
0.0, 0.0, 0.0, 0.0, 0.0, 0.0, 0.0, 0.0, 0.0, 0.0, 0.0, 0.0, 0.0, 0.0, 0.0, 0.0, 0.0, 0.0, 0.0, 0.0, 0.0, 0.0, 0.0, 0.0, 0.0, 0.0, 0.0, 0.0, 0.0, 0.0, 
0.0, 0.0, 0.0, 0.0, 0.0, 0.0, 0.0, 106.78794421823112, 34.51602312832064, 0.0, 62.0235530995897, 106.41800303279828, 140.24472807815715, 0.0, 21.91612775560199, 0.0, 0.0, 0.0, 0.0, 56.52978109662576, 0.0, 0.0, 0.0, 0.0, 752.5521041257762, 325.5255068243655, 0.0, 124.17032233625741, 0.0, 198.08264783552693, 
0.012780623973649529, 0.0, 0.008791094490481119, 0.0, 0.0, 1.0010918660774706, 0.0, 0.0, 263.6815065829456, 0.0, 410.4769800500807, 62.24881798956961, 259.3971256950998, 0.0, 0.0, 0.0, 0.0, 0.007032575968059064, 0.0, 0.14240576442447597, 0.0, 0.0, 0.0, 0.0, 110.04416815144414, 0.03266163362122125, 0.0, 0.10245345995671644, 0.0, 194.5292636321575, 
431.0011094659895, 0.0, 0.0067022091055218445, 0.0, 0.0, 500.74742824607176, 0.0, 0.0, 0.0, 0.0, 0.0, 110.50998040639745, 119.41665463398449, 0.0, 9.264517239204489, 0.0, 0.0, 0.011434414797247742, 0.0, 0.8442020523578044, 0.0, 0.0, 0.0, 0.0, 319.41023404521803, 109.90836165547735, 0.0, 19.172053583039904, 0.0, 0.0, 
255.8320037846025, 0.0, 0.008368280727800428, 0.0, 0.005305779652883985, 205.5595379171821, 0.0, 208.36628368120176, 0.0, 0.0, 0.0, 67.38209343160273, 1016.7822300042263, 0.0, 510.0045060292223, 0.0, 0.0, 0.0, 0.0, 5.7661946884767294, 0.0, 0.0, 0.0, 0.0, 180.6729249145358, 0.0, 0.0, 0.02716385601715224, 0.0, 0.0, 
0.0, 0.0, 0.0, 0.0, 0.0, 0.0, 0.0, 0.0, 0.0, 0.0, 0.0, 0.0, 0.0, 0.0, 0.0, 0.0, 0.0, 0.0, 0.0, 0.0, 0.0, 0.0, 0.0, 0.0, 0.0, 0.0, 0.0, 0.0, 0.0, 0.0, 
0.0, 0.0, 0.0, 0.0, 0.0, 0.0, 0.0, 0.0, 0.0, 0.0, 0.0, 0.0, 0.0, 0.0, 0.0, 0.0, 0.0, 0.0, 0.0, 0.0, 0.0, 0.0, 0.0, 0.0, 0.0, 0.0, 0.0, 0.0, 0.0, 0.0, 
0.0, 0.0, 0.0, 0.0, 0.0, 0.0, 0.0, 0.0, 0.0, 0.0, 0.0, 0.0, 0.0, 0.0, 0.0, 0.0, 0.0, 0.0, 0.0, 0.0, 0.0, 0.0, 0.0, 0.0, 0.0, 0.0, 0.0, 0.0, 0.0, 0.0, 
0.011304336081261739, 0.0, 0.002353722370384067, 0.0, 0.008909458557768745, 66.82474952782319, 0.0, 295.9197933687535, 0.0, 0.0, 75.6934445998216, 0.0, 0.0, 0.0, 0.0, 0.0, 0.0, 0.0, 0.0, 0.0, 0.0, 0.0, 0.0, 0.0, 59.44319016286834, 0.004365666883391784, 0.0, 0.01673970281736756, 0.0, 1354.0390357359884, 
0.0, 0.0, 0.0, 0.0, 0.0, 0.0, 0.0, 0.0, 0.0, 0.0, 0.0, 0.0, 0.0, 0.0, 0.0, 0.0, 0.0, 0.0, 0.0, 0.0, 0.0, 0.0, 0.0, 0.0, 0.0, 0.0, 0.0, 0.0, 0.0, 0.0, 
0.0078075179098733944, 0.0, 0.0010054327750261076, 0.0, 0.005392469026449871, 183.25012198532673, 0.0, 10.07008508021839, 0.0, 0.0, 426.4911491926734, 0.0, 0.0, 0.0, 0.0, 0.0, 0.0, 0.0, 0.0, 0.09727585153090959, 0.0, 0.0, 0.0, 0.0, 136.89237358643086, 0.012401612950957893, 0.0, 0.0013454581065371236, 0.0, 65.4882966575347, 
0.0, 0.0, 0.0, 0.0, 0.0, 0.0, 0.0, 0.0, 0.0, 0.0, 0.0, 0.0, 0.0, 0.0, 0.0, 0.0, 0.0, 0.0, 0.0, 0.0, 0.0, 0.0, 0.0, 0.0, 0.0, 0.0, 0.0, 0.0, 0.0, 0.0, 
0.0, 0.0, 0.0, 0.0, 0.0, 0.0, 0.0, 0.0, 0.0, 0.0, 0.0, 0.0, 0.0, 0.0, 0.0, 0.0, 0.0, 0.0, 0.0, 0.0, 0.0, 0.0, 0.0, 0.0, 0.0, 0.0, 0.0, 0.0, 0.0, 0.0, 
0.0, 0.0, 0.0, 0.0, 0.0, 0.0, 0.0, 0.0, 0.0, 0.0, 0.0, 0.0, 0.0, 0.0, 0.0, 0.0, 0.0, 0.0, 0.0, 0.0, 0.0, 0.0, 0.0, 0.0, 0.0, 0.0, 0.0, 0.0, 0.0, 0.0, 
0.0, 0.0, 0.0, 0.0, 0.0, 0.0, 0.0, 0.0, 0.0, 0.0, 0.0, 0.0, 0.0, 0.0, 0.0, 0.0, 0.0, 0.0, 0.0, 0.0, 0.0, 0.0, 0.0, 0.0, 0.0, 0.0, 0.0, 0.0, 0.0, 0.0, 
0.017887543571732403, 0.0, 0.0, 0.0, 0.0, 66.90563228905238, 0.0, 49.97665997506296, 0.30948743524464345, 0.0, 82.90084775908807, 55.71132619389111, 0.0, 0.0, 0.0, 0.0, 0.0, 0.0, 0.0, 0.0, 0.0, 0.0, 0.0, 0.0, 255.9933742197254, 0.002390867734036788, 0.0, 0.0, 0.0, 0.039376267433558904, 
0.0, 0.0, 619.1974456467547, 0.0, 0.0, 110.79701766334492, 0.0, 33.712856875371564, 70.50266205461885, 0.0, 21.84764355002398, 0.0, 0.0, 0.0, 0.0, 0.0, 0.0, 0.0, 0.0, 0.0, 0.0, 0.0, 0.0, 0.0, 48.7416892312143, 0.004745068761419343, 0.0, 0.019989641490817184, 0.0, 147.1548412814295, 
300.2304093496433, 0.0, 0.0, 0.0, 0.0, 261.6886026869846, 0.0, 121.76110357050466, 0.0, 0.0, 93.56149037288814, 33.86289441429515, 0.0, 0.0, 0.0, 0.0, 0.0, 0.0, 0.0, 0.0, 0.0, 0.0, 0.0, 0.0, 807.6443310397653, 190.21023796036417, 0.0, 0.043922752930645625, 0.0, 50.53488902416641, 
13.37445820007436, 0.0, 170.74571728901688, 0.0, 312.54198106685703, 139.98125801250256, 0.0, 230.49959656091372, 0.03229715665384963, 0.0, 0.05812372217028305, 0.02254806893419332, 0.07958389363618164, 0.0, 0.19871197364649104, 0.0, 0.0, 0.0, 0.0, 194.31608914145275, 0.0, 0.0, 0.0, 0.0, 0.0, 0.0, 0.0, 0.010813702118816878, 0.0, 0.0, 
0.0, 0.0, 0.0, 0.0, 0.0, 0.0, 0.0, 0.0, 0.0, 0.0, 0.0, 0.0, 0.0, 0.0, 0.0, 0.0, 0.0, 0.0, 0.0, 0.0, 0.0, 0.0, 0.0, 0.0, 0.0, 0.0, 0.0, 0.0, 0.0, 0.0, 
4.8575848870026226E-4, 0.0, 2.929164961505908E-4, 0.0, 8.828500470594474E-4, 4.961128995190662E-5, 0.0, 5.572267739202485E-4, 1107.7208269739108, 0.0, 0.0, 3.936578782311234E-4, 7.066130879086657E-4, 0.0, 5.008859996242924E-4, 0.0, 0.0, 0.0, 0.0, 9.619684665332688E-4, 0.0, 0.0, 0.0, 0.0, 0.0, 0.0, 0.0, 0.03268105421844708, 0.0, 0.0010342901428158021, 
209.98736402524904, 0.0, 447.0846390624998, 0.0, 152.7599597231813, 241.14865974432544, 0.0, 402.42479997767776, 56.01629834203895, 0.0, 3.1879894084850435, 12.059147264794298, 51.69036057158098, 0.0, 142.0248433619066, 0.0, 0.0, 32.32814115164004, 0.0, 360.4417777437781, 0.0, 0.0, 0.0, 0.0, 0.0, 0.0, 0.0, 268.1462149673984, 0.0, 76.39210910853652, 
0.0, 0.0, 0.0, 0.0, 0.0040466115853155, 0.0016271537248038967, 0.0, 104.43372493176575, 141.9363053099725, 0.0, 0.0, 42.433558375489305, 20.418324875556102, 0.0, 0.0, 0.0, 0.0, 200.58604752130304, 0.0, 0.02164244742378716, 0.0, 0.0, 0.0, 0.0, 0.0, 0.0, 0.0, 0.0, 0.0, 0.3546020271086284, 
0.00436569268259698, 0.0, 330.9238320165762, 0.0, 0.0, 0.0, 0.0, 0.0, 63.57677976449947, 0.0, 224.72809878183725, 0.0, 0.0, 0.0, 0.0, 0.0, 0.0, 0.0, 0.0, 52.1385270554961, 0.0, 0.0, 0.0, 0.0, 348.3259161828661, 0.0, 0.0, 0.08043136340803554, 0.0, 1.345064525324218E9, 
303.61614919638606, 0.0, 0.006298465926237339, 0.0, 0.0, 120.984440255939, 0.0, 71.03733856396212, 0.0, 0.0, 0.0, 229.94422795679617, 193.35063207131174, 0.0, 140.2728432914276, 0.0, 0.0, 0.017288551647554808, 0.0, 0.06663165305815238, 0.0, 0.0, 0.0, 0.0, 280.15575623993453, 0.0, 0.0, 0.0, 0.0, 0.0, 
