0.0, 0.0, 0.0, 0.0, 0.0, 0.0, 0.0, 0.0, 0.0, 0.0, 0.0, 0.0, 0.0, 0.0, 0.0, 0.0, 0.0, 0.0, 0.0, 0.0, 0.0, 0.0, 0.0, 0.0, 0.0, 0.0, 0.0, 0.0, 0.0, 0.0, 
0.0, 0.0, 0.0, 0.0, 0.0, 0.0, 0.0, 0.7088653263686258, 144.1594119180048, 0.0, 88.95717089486378, 80.67473974966573, 109.85698032438381, 0.0, 0.0, 0.0, 0.0, 1.5963917780452097, 0.0, 237.43086859402925, 0.0, 0.0, 0.0, 0.0, 1.2396799398783402, 0.7485614583329431, 0.0, 102.5291571086992, 0.0, 104.8893024943135, 
0.0, 0.0, 0.0, 0.0, 0.0, 0.0, 0.0, 0.0, 0.0, 0.0, 0.0, 0.0, 0.0, 0.0, 0.0, 0.0, 0.0, 0.0, 0.0, 0.0, 0.0, 0.0, 0.0, 0.0, 0.0, 0.0, 0.0, 0.0, 0.0, 0.0, 
0.0, 0.0, 0.0, 0.0, 0.0, 0.0, 0.0, 34.98820688097943, 16.88440592711027, 0.0, 3.99504500687119, 21.26008243439448, 16.114128272253676, 0.0, 0.0, 0.0, 0.0, 87.44353670275066, 0.0, 280.4341544125419, 0.0, 0.0, 0.0, 0.0, 0.0, 259.4292926480262, 0.0, 0.12484531856369174, 0.0, 30.975118390323175, 
0.0, 0.0, 0.0, 0.0, 0.0, 0.0, 0.0, 26.000713403719228, 15.670372957255472, 0.0, 23.13508755482382, 4.714798104767289, 30.600503014483476, 0.0, 10.001668281850522, 0.0, 0.0, 0.5772713452102725, 0.0, 7.26332590045295, 0.0, 0.0, 0.0, 0.0, 61.04940315039116, 16.640778025072777, 0.0, 0.0, 0.0, 23.469263623820762, 
0.0, 0.0, 0.0, 0.0, 0.0, 0.0, 0.0, 0.0, 0.0, 0.0, 0.0, 0.0, 0.0, 0.0, 0.0, 0.0, 0.0, 0.0, 0.0, 0.0, 0.0, 0.0, 0.0, 0.0, 0.0, 0.0, 0.0, 0.0, 0.0, 0.0, 
0.0, 0.0, 0.0, 0.0, 0.0, 0.0, 0.0, 205.94160945845238, 58.449041667376655, 0.0, 74.54672552334472, 59.10396076062879, 104.37622127906683, 0.0, 122.58810385869864, 0.0, 0.0, 0.0, 0.0, 100.91139101233313, 0.0, 0.0, 0.0, 0.0, 853.6296559710564, 222.23454563929715, 0.0, 28.008839602298256, 0.0, 107.77593587939712, 
3.445655984053778, 0.0, 3.1289289176919697, 0.0, 0.0, 89.36175029017852, 0.0, 0.0, 229.65024122663866, 0.0, 198.6010564459005, 121.36347340020785, 224.5436894193332, 0.0, 0.0, 0.0, 0.0, 2.0051732718519184, 0.0, 32.33945759197087, 0.0, 0.0, 0.0, 0.0, 12.025352613366382, 0.3778785249156332, 0.0, 31.165726608159535, 0.0, 350.13879722171305, 
274.32868642336496, 0.0, 1.843275047639568, 0.0, 0.0, 324.26685752934, 0.0, 0.0, 0.0, 0.0, 0.0, 107.11982272426582, 85.38049236374646, 0.0, 37.27589620671924, 0.0, 0.0, 0.6872149231577529, 0.0, 11.156723483300443, 0.0, 0.0, 0.0, 0.0, 439.94488591460254, 150.7140868415228, 0.0, 61.28679253088928, 0.0, 0.0, 
308.5977872636267, 0.0, 4.360296085807805, 0.0, 10.87051326939972, 161.5037246717288, 0.0, 103.51663663892985, 0.0, 0.0, 0.0, 96.19561730758222, 1017.07284285223, 0.0, 376.2915664028351, 0.0, 0.0, 0.0, 0.0, 1.5276466553921917, 0.0, 0.0, 0.0, 0.0, 354.78778584060996, 0.0, 0.0, 7.927155609634745, 0.0, 0.0, 
0.0, 0.0, 0.0, 0.0, 0.0, 0.0, 0.0, 0.0, 0.0, 0.0, 0.0, 0.0, 0.0, 0.0, 0.0, 0.0, 0.0, 0.0, 0.0, 0.0, 0.0, 0.0, 0.0, 0.0, 0.0, 0.0, 0.0, 0.0, 0.0, 0.0, 
0.0, 0.0, 0.0, 0.0, 0.0, 0.0, 0.0, 0.0, 0.0, 0.0, 0.0, 0.0, 0.0, 0.0, 0.0, 0.0, 0.0, 0.0, 0.0, 0.0, 0.0, 0.0, 0.0, 0.0, 0.0, 0.0, 0.0, 0.0, 0.0, 0.0, 
0.0, 0.0, 0.0, 0.0, 0.0, 0.0, 0.0, 0.0, 0.0, 0.0, 0.0, 0.0, 0.0, 0.0, 0.0, 0.0, 0.0, 0.0, 0.0, 0.0, 0.0, 0.0, 0.0, 0.0, 0.0, 0.0, 0.0, 0.0, 0.0, 0.0, 
0.8993493124635896, 0.0, 7.287649942396466, 0.0, 16.44571205162451, 443.4864736565807, 0.0, 501.212751061122, 0.0, 0.0, 400.13412243017416, 0.0, 0.0, 0.0, 0.0, 0.0, 0.0, 0.0, 0.0, 0.0, 0.0, 0.0, 0.0, 0.0, 81.8480366460345, 1.1170256135315566, 0.0, 6.128319720213103, 0.0, 366.4331203759885, 
0.0, 0.0, 0.0, 0.0, 0.0, 0.0, 0.0, 0.0, 0.0, 0.0, 0.0, 0.0, 0.0, 0.0, 0.0, 0.0, 0.0, 0.0, 0.0, 0.0, 0.0, 0.0, 0.0, 0.0, 0.0, 0.0, 0.0, 0.0, 0.0, 0.0, 
1.063456057315372, 0.0, 0.11982015347379196, 0.0, 0.41464906660289974, 160.35366337356115, 0.0, 84.04376557129395, 0.0, 0.0, 138.4021234469573, 0.0, 0.0, 0.0, 0.0, 0.0, 0.0, 0.0, 0.0, 15.35604127155273, 0.0, 0.0, 0.0, 0.0, 78.59801096484384, 0.8083590671449078, 0.0, 0.6151720789501598, 0.0, 103.45911693269636, 
0.0, 0.0, 0.0, 0.0, 0.0, 0.0, 0.0, 0.0, 0.0, 0.0, 0.0, 0.0, 0.0, 0.0, 0.0, 0.0, 0.0, 0.0, 0.0, 0.0, 0.0, 0.0, 0.0, 0.0, 0.0, 0.0, 0.0, 0.0, 0.0, 0.0, 
0.0, 0.0, 0.0, 0.0, 0.0, 0.0, 0.0, 0.0, 0.0, 0.0, 0.0, 0.0, 0.0, 0.0, 0.0, 0.0, 0.0, 0.0, 0.0, 0.0, 0.0, 0.0, 0.0, 0.0, 0.0, 0.0, 0.0, 0.0, 0.0, 0.0, 
0.0, 0.0, 0.0, 0.0, 0.0, 0.0, 0.0, 0.0, 0.0, 0.0, 0.0, 0.0, 0.0, 0.0, 0.0, 0.0, 0.0, 0.0, 0.0, 0.0, 0.0, 0.0, 0.0, 0.0, 0.0, 0.0, 0.0, 0.0, 0.0, 0.0, 
0.0, 0.0, 0.0, 0.0, 0.0, 0.0, 0.0, 0.0, 0.0, 0.0, 0.0, 0.0, 0.0, 0.0, 0.0, 0.0, 0.0, 0.0, 0.0, 0.0, 0.0, 0.0, 0.0, 0.0, 0.0, 0.0, 0.0, 0.0, 0.0, 0.0, 
1.1004399781324554, 0.0, 0.0, 0.0, 0.0, 55.725942159670105, 0.0, 36.51472568701, 40.56631350942762, 0.0, 102.3025549376302, 37.14023978981411, 0.0, 0.0, 0.0, 0.0, 0.0, 0.0, 0.0, 0.0, 0.0, 0.0, 0.0, 0.0, 191.64434988723798, 1.21224702999123, 0.0, 0.0, 0.0, 29.52092672485786, 
0.0, 0.0, 590.3709492984335, 0.0, 0.0, 118.69888976474134, 0.0, 83.72497961927172, 39.58952710009893, 0.0, 30.97847939537777, 0.0, 0.0, 0.0, 0.0, 0.0, 0.0, 0.0, 0.0, 0.0, 0.0, 0.0, 0.0, 0.0, 127.02811958579433, 0.31720276955063115, 0.0, 2.187111992027595, 0.0, 78.75987403628814, 
512.3388554688726, 0.0, 0.0, 0.0, 0.0, 213.5307092820594, 0.0, 43.923912532428524, 0.0, 0.0, 68.7354033419739, 34.70730160601764, 0.0, 0.0, 0.0, 0.0, 0.0, 0.0, 0.0, 0.0, 0.0, 0.0, 0.0, 0.0, 628.8606237143298, 139.85515731546548, 0.0, 3.1947292108496663, 0.0, 222.38358997318505, 
61.770720277051915, 0.0, 267.6976054310101, 0.0, 228.31297698003266, 18.52505702737136, 0.0, 107.48154007889585, 4.3112244587590745, 0.0, 14.910240265557727, 10.701203132866501, 70.19412092546004, 0.0, 29.74190996967095, 0.0, 0.0, 0.0, 0.0, 240.7780214154, 0.0, 0.0, 0.0, 0.0, 0.0, 0.0, 0.0, 1.4211185872708154, 0.0, 0.0, 
0.0, 0.0, 0.0, 0.0, 0.0, 0.0, 0.0, 0.0, 0.0, 0.0, 0.0, 0.0, 0.0, 0.0, 0.0, 0.0, 0.0, 0.0, 0.0, 0.0, 0.0, 0.0, 0.0, 0.0, 0.0, 0.0, 0.0, 0.0, 0.0, 0.0, 
0.18049761995019126, 0.0, 0.34063273755658485, 0.0, 0.27452379207528305, 0.026509326149457807, 0.0, 0.08838747008657809, 1049.5297911910875, 0.0, 0.0, 0.19866176914500394, 0.08939961107782031, 0.0, 0.15913797275468294, 0.0, 0.0, 0.0, 0.0, 0.1530771589272026, 0.0, 0.0, 0.0, 0.0, 0.0, 0.0, 0.0, 40.660545486880565, 0.0, 0.08824055767423475, 
138.32145409238308, 0.0, 439.7435461663622, 0.0, 177.0153505199076, 220.74088900443925, 0.0, 305.3233820604962, 63.288959005883974, 0.0, 125.78029491180378, 40.88671955853711, 152.4868961014244, 0.0, 168.1600397466559, 0.0, 0.0, 91.74561229948763, 0.0, 280.3438406230529, 0.0, 0.0, 0.0, 0.0, 0.0, 0.0, 0.0, 171.09884903436264, 0.0, 90.71380304982272, 
0.0, 0.0, 0.0, 0.0, 0.4536095201120895, 0.14934198342837127, 0.0, 119.0444292706622, 57.08732497035738, 0.0, 0.0, 51.72373265580514, 56.89922758802555, 0.0, 0.0, 0.0, 0.0, 200.223468955283, 0.0, 8.395573263558484, 0.0, 0.0, 0.0, 0.0, 0.0, 0.0, 0.0, 0.0, 0.0, 25.374089378155603, 
2.007164970053129, 0.0, 253.208866280419, 0.0, 0.0, 0.0, 0.0, 0.0, 174.1254673067757, 0.0, 230.184784206315, 0.0, 0.0, 0.0, 0.0, 0.0, 0.0, 0.0, 0.0, 2.680740950677635, 0.0, 0.0, 0.0, 0.0, 380.28580284564026, 0.0, 0.0, 7.337618441727031, 0.0, 461.9038465510695, 
198.6782185289431, 0.0, 0.4803958326239035, 0.0, 0.0, 107.91089236095922, 0.0, 107.5100660240746, 0.0, 0.0, 0.0, 101.25477192116294, 203.4551685426985, 0.0, 88.66115159855006, 0.0, 0.0, 3.6981474026490226, 0.0, 21.172746632812675, 0.0, 0.0, 0.0, 0.0, 230.36005116617713, 0.0, 0.0, 0.0, 0.0, 0.0, 
