0.0, 0.0, 0.0, 0.0, 0.0, 0.0, 0.0, 0.0, 0.0, 0.0, 0.0, 0.0, 0.0, 0.0, 0.0, 0.0, 0.0, 0.0, 0.0, 0.0, 0.0, 0.0, 0.0, 0.0, 0.0, 0.0, 0.0, 0.0, 0.0, 0.0, 
0.0, 0.0, 0.0, 0.0, 0.0, 0.0, 0.0, 33.83320547710191, 9.925347545101664, 0.0, 163.13476817103654, 138.14399051935797, 49.39960914412986, 0.0, 0.0, 0.0, 0.0, 31.38357513309878, 0.0, 175.29945948307056, 0.0, 0.0, 0.0, 0.0, 28.24280523994996, 2.3882837291946184, 0.0, 161.58134764115624, 0.0, 83.95483588771351, 
0.0, 0.0, 0.0, 0.0, 0.0, 0.0, 0.0, 0.0, 0.0, 0.0, 0.0, 0.0, 0.0, 0.0, 0.0, 0.0, 0.0, 0.0, 0.0, 0.0, 0.0, 0.0, 0.0, 0.0, 0.0, 0.0, 0.0, 0.0, 0.0, 0.0, 
0.0, 0.0, 0.0, 0.0, 0.0, 0.0, 0.0, 77.87765036182414, 15.748489748848359, 0.0, 50.26465906329778, 2.9176231286460936, 12.06980498454835, 0.0, 0.0, 0.0, 0.0, 17.221555116486304, 0.0, 301.38961373099795, 0.0, 0.0, 0.0, 0.0, 0.0, 247.2876687044329, 0.0, 3.782889084089997, 0.0, 24.29065584655488, 
0.0, 0.0, 0.0, 0.0, 0.0, 0.0, 0.0, 20.16272518298417, 6.769412000192797, 0.0, 13.114713651106227, 26.187416997236447, 45.84713792464765, 0.0, 20.615228591227854, 0.0, 0.0, 1.3943355678559701, 0.0, 7.355382252106014, 0.0, 0.0, 0.0, 0.0, 69.25335962895501, 7.742164963382136, 0.0, 0.0, 0.0, 9.008224108782215, 
0.0, 0.0, 0.0, 0.0, 0.0, 0.0, 0.0, 0.0, 0.0, 0.0, 0.0, 0.0, 0.0, 0.0, 0.0, 0.0, 0.0, 0.0, 0.0, 0.0, 0.0, 0.0, 0.0, 0.0, 0.0, 0.0, 0.0, 0.0, 0.0, 0.0, 
0.0, 0.0, 0.0, 0.0, 0.0, 0.0, 0.0, 284.1500934208823, 4.959279259776399, 0.0, 57.37868206714589, 44.57502976765205, 95.19301992625489, 0.0, 146.89658300301434, 0.0, 0.0, 0.0, 0.0, 92.44735951143566, 0.0, 0.0, 0.0, 0.0, 897.9500303415778, 251.63616844340822, 0.0, 23.450372194592862, 0.0, 44.80766663550522, 
13.641125018792557, 0.0, 1.3352431783645948, 0.0, 0.0, 49.947601592541936, 0.0, 0.0, 924.5988565069123, 0.0, 55.27954093942612, 64.27352042015731, 20.00825619652891, 0.0, 0.0, 0.0, 0.0, 7.981280114388493, 0.0, 13.682406285662008, 0.0, 0.0, 0.0, 0.0, 25.45435692104701, 22.012825658009756, 0.0, 4.532675618275014, 0.0, 111.82236226855446, 
303.5505858343922, 0.0, 10.045702449438954, 0.0, 0.0, 104.18531764047923, 0.0, 0.0, 0.0, 0.0, 0.0, 69.63329131180555, 97.91910590310536, 0.0, 33.691549390042844, 0.0, 0.0, 3.5429283994016867, 0.0, 34.29900516903016, 0.0, 0.0, 0.0, 0.0, 223.8143067336935, 218.53314505809647, 0.0, 41.89759472076927, 0.0, 0.0, 
284.45172621846496, 0.0, 3.4135223563843344, 0.0, 4.273190073019479, 109.2142283577992, 0.0, 234.45374565265902, 0.0, 0.0, 0.0, 185.63874232957244, 989.2523080963954, 0.0, 318.639866066712, 0.0, 0.0, 0.0, 0.0, 10.522671023012318, 0.0, 0.0, 0.0, 0.0, 292.5122063321824, 0.0, 0.0, 16.072630614119642, 0.0, 0.0, 
0.0, 0.0, 0.0, 0.0, 0.0, 0.0, 0.0, 0.0, 0.0, 0.0, 0.0, 0.0, 0.0, 0.0, 0.0, 0.0, 0.0, 0.0, 0.0, 0.0, 0.0, 0.0, 0.0, 0.0, 0.0, 0.0, 0.0, 0.0, 0.0, 0.0, 
0.0, 0.0, 0.0, 0.0, 0.0, 0.0, 0.0, 0.0, 0.0, 0.0, 0.0, 0.0, 0.0, 0.0, 0.0, 0.0, 0.0, 0.0, 0.0, 0.0, 0.0, 0.0, 0.0, 0.0, 0.0, 0.0, 0.0, 0.0, 0.0, 0.0, 
0.0, 0.0, 0.0, 0.0, 0.0, 0.0, 0.0, 0.0, 0.0, 0.0, 0.0, 0.0, 0.0, 0.0, 0.0, 0.0, 0.0, 0.0, 0.0, 0.0, 0.0, 0.0, 0.0, 0.0, 0.0, 0.0, 0.0, 0.0, 0.0, 0.0, 
23.193184819030595, 0.0, 4.85323432832646, 0.0, 22.391525338841667, 146.26822330852872, 0.0, 510.47009001713803, 0.0, 0.0, 30.112083272270784, 0.0, 0.0, 0.0, 0.0, 0.0, 0.0, 0.0, 0.0, 0.0, 0.0, 0.0, 0.0, 0.0, 117.12085395339622, 3.659829216194916, 0.0, 24.29839735243872, 0.0, 949.9816371379688, 
0.0, 0.0, 0.0, 0.0, 0.0, 0.0, 0.0, 0.0, 0.0, 0.0, 0.0, 0.0, 0.0, 0.0, 0.0, 0.0, 0.0, 0.0, 0.0, 0.0, 0.0, 0.0, 0.0, 0.0, 0.0, 0.0, 0.0, 0.0, 0.0, 0.0, 
5.462172593548345, 0.0, 0.6293268277669414, 0.0, 1.0850899410996235, 106.60746245792932, 0.0, 261.7437364530374, 0.0, 0.0, 233.3976812236631, 0.0, 0.0, 0.0, 0.0, 0.0, 0.0, 0.0, 0.0, 17.276879337953766, 0.0, 0.0, 0.0, 0.0, 123.00648819727965, 2.5453973870249706, 0.0, 2.4373643106664944, 0.0, 3.1843991736017756, 
0.0, 0.0, 0.0, 0.0, 0.0, 0.0, 0.0, 0.0, 0.0, 0.0, 0.0, 0.0, 0.0, 0.0, 0.0, 0.0, 0.0, 0.0, 0.0, 0.0, 0.0, 0.0, 0.0, 0.0, 0.0, 0.0, 0.0, 0.0, 0.0, 0.0, 
0.0, 0.0, 0.0, 0.0, 0.0, 0.0, 0.0, 0.0, 0.0, 0.0, 0.0, 0.0, 0.0, 0.0, 0.0, 0.0, 0.0, 0.0, 0.0, 0.0, 0.0, 0.0, 0.0, 0.0, 0.0, 0.0, 0.0, 0.0, 0.0, 0.0, 
0.0, 0.0, 0.0, 0.0, 0.0, 0.0, 0.0, 0.0, 0.0, 0.0, 0.0, 0.0, 0.0, 0.0, 0.0, 0.0, 0.0, 0.0, 0.0, 0.0, 0.0, 0.0, 0.0, 0.0, 0.0, 0.0, 0.0, 0.0, 0.0, 0.0, 
0.0, 0.0, 0.0, 0.0, 0.0, 0.0, 0.0, 0.0, 0.0, 0.0, 0.0, 0.0, 0.0, 0.0, 0.0, 0.0, 0.0, 0.0, 0.0, 0.0, 0.0, 0.0, 0.0, 0.0, 0.0, 0.0, 0.0, 0.0, 0.0, 0.0, 
2.5426943169579928, 0.0, 0.0, 0.0, 0.0, 187.2081344710792, 0.0, 11.49854045273215, 10.954594802045383, 0.0, 98.78741420338889, 21.507549498955793, 0.0, 0.0, 0.0, 0.0, 0.0, 0.0, 0.0, 0.0, 0.0, 0.0, 0.0, 0.0, 143.47527494059432, 3.324646287517701, 0.0, 0.0, 0.0, 41.34529359045253, 
0.0, 0.0, 469.8955763585663, 0.0, 0.0, 32.21951283203147, 0.0, 56.719432129439255, 5.527154821871421, 0.0, 35.82054549313244, 0.0, 0.0, 0.0, 0.0, 0.0, 0.0, 0.0, 0.0, 0.0, 0.0, 0.0, 0.0, 0.0, 412.6233138782003, 1.3377364794577888, 0.0, 13.398900187140274, 0.0, 62.35369326958142, 
617.6476886084133, 0.0, 0.0, 0.0, 0.0, 258.00044030271755, 0.0, 17.095100979923615, 0.0, 0.0, 80.52224876037563, 53.81539445614932, 0.0, 0.0, 0.0, 0.0, 0.0, 0.0, 0.0, 0.0, 0.0, 0.0, 0.0, 0.0, 613.4594147941281, 43.98963934022537, 0.0, 22.173862117384722, 0.0, 153.57704827057907, 
60.77731113304812, 0.0, 225.15697663364188, 0.0, 115.84242376456494, 12.423482060717745, 0.0, 9.391324341652913, 1.6182794454732872, 0.0, 168.8059687586002, 3.9271713622896014, 147.5354343938249, 0.0, 27.441433448167732, 0.0, 0.0, 0.0, 0.0, 295.2116971479773, 0.0, 0.0, 0.0, 0.0, 0.0, 0.0, 0.0, 2.502228742578804, 0.0, 0.0, 
0.0, 0.0, 0.0, 0.0, 0.0, 0.0, 0.0, 0.0, 0.0, 0.0, 0.0, 0.0, 0.0, 0.0, 0.0, 0.0, 0.0, 0.0, 0.0, 0.0, 0.0, 0.0, 0.0, 0.0, 0.0, 0.0, 0.0, 0.0, 0.0, 0.0, 
0.7608461318000865, 0.0, 0.37880584334499684, 0.0, 0.4195182330591757, 0.6770785489633765, 0.0, 0.7029918070779474, 928.3909872645886, 0.0, 0.0, 0.9876772961656076, 0.9451861535078162, 0.0, 0.4315090894520759, 0.0, 0.0, 0.0, 0.0, 0.6299255548746209, 0.0, 0.0, 0.0, 0.0, 0.0, 0.0, 0.0, 102.69919872674947, 0.0, 0.5565391874908874, 
125.67033208319809, 0.0, 382.1975992766748, 0.0, 126.64683316948769, 310.93965497893595, 0.0, 9.729011678501383, 3.7551998722314, 0.0, 80.06790454872053, 113.82123038670231, 297.9647487897195, 0.0, 211.21867985154032, 0.0, 0.0, 181.37947004257333, 0.0, 158.1599777787569, 0.0, 0.0, 0.0, 0.0, 0.0, 0.0, 0.0, 55.8074129739246, 0.0, 448.2939091774534, 
0.0, 0.0, 0.0, 0.0, 0.8450731756597025, 3.391089357150378, 0.0, 141.00380582280317, 3.491483006765622, 0.0, 0.0, 11.6987316848947, 93.17842917191912, 0.0, 0.0, 0.0, 0.0, 171.6002695036013, 0.0, 9.702661717369907, 0.0, 0.0, 0.0, 0.0, 0.0, 0.0, 0.0, 0.0, 0.0, 109.92663198234469, 
5.843738110575872, 0.0, 476.9917739553265, 0.0, 0.0, 0.0, 0.0, 0.0, 8.943201394516814, 0.0, 429.45223107867764, 0.0, 0.0, 0.0, 0.0, 0.0, 0.0, 0.0, 0.0, 79.36022779301499, 0.0, 0.0, 0.0, 0.0, 337.029540014334, 0.0, 0.0, 7.533583748396402, 0.0, 240.32120548907776, 
66.16357961043181, 0.0, 1.2467147548535125, 0.0, 0.0, 558.4335377914989, 0.0, 61.70526492838782, 0.0, 0.0, 0.0, 28.93450169131582, 138.88389853880165, 0.0, 47.89957685215007, 0.0, 0.0, 12.970014696996024, 0.0, 18.79672635770153, 0.0, 0.0, 0.0, 0.0, 110.19827298759073, 0.0, 0.0, 0.0, 0.0, 0.0, 
