0.0, 0.0, 0.0, 0.0, 0.0, 0.0, 0.0, 0.0, 0.0, 0.0, 0.0, 0.0, 0.0, 0.0, 0.0, 0.0, 0.0, 0.0, 0.0, 0.0, 0.0, 0.0, 0.0, 0.0, 0.0, 0.0, 0.0, 0.0, 0.0, 0.0, 
0.0, 0.0, 0.0, 0.0, 0.0, 0.0, 0.0, 3.6899434134980083E-7, 106.07020474380248, 0.0, 107.08555974894469, 31.525713679187486, 133.8824410232447, 0.0, 0.0, 0.0, 0.0, 60.07108368255263, 0.0, 285.82392263918484, 0.0, 0.0, 0.0, 0.0, 28.132914603542694, 1.0791172165312698E-6, 0.0, 103.34448541321, 0.0, 70.88632403492676, 
0.0, 0.0, 0.0, 0.0, 0.0, 0.0, 0.0, 0.0, 0.0, 0.0, 0.0, 0.0, 0.0, 0.0, 0.0, 0.0, 0.0, 0.0, 0.0, 0.0, 0.0, 0.0, 0.0, 0.0, 0.0, 0.0, 0.0, 0.0, 0.0, 0.0, 
0.0, 0.0, 0.0, 0.0, 0.0, 0.0, 0.0, 47.66721281600219, 26.396751004080112, 0.0, 11.346336865682122, 2.9917356879937094, 25.843195609123295, 0.0, 0.0, 0.0, 0.0, 57.609303665199164, 0.0, 302.4112076024095, 0.0, 0.0, 0.0, 0.0, 0.0, 269.24355481394167, 0.0, 1.856181168158085E-7, 0.0, 8.420496233653282, 
0.0, 0.0, 0.0, 0.0, 0.0, 0.0, 0.0, 29.322195947877624, 5.509660091221253, 0.0, 22.29398335908699, 15.43496597260001, 8.942838125351706, 0.0, 6.092118321193162, 0.0, 0.0, 1.2336952641554205E-6, 0.0, 20.00804730698528, 0.0, 0.0, 0.0, 0.0, 74.76793708145819, 33.04792428201849, 0.0, 0.0, 0.0, 9.711345042743314, 
0.0, 0.0, 0.0, 0.0, 0.0, 0.0, 0.0, 0.0, 0.0, 0.0, 0.0, 0.0, 0.0, 0.0, 0.0, 0.0, 0.0, 0.0, 0.0, 0.0, 0.0, 0.0, 0.0, 0.0, 0.0, 0.0, 0.0, 0.0, 0.0, 0.0, 
0.0, 0.0, 0.0, 0.0, 0.0, 0.0, 0.0, 260.0082622712202, 128.96295496792112, 0.0, 78.72997090009763, 75.65370644046641, 54.7577001628257, 0.0, 125.5173224930715, 0.0, 0.0, 0.0, 0.0, 88.64088447798804, 0.0, 0.0, 0.0, 0.0, 824.3063702705425, 212.68900422470674, 0.0, 20.283558686880863, 0.0, 56.456642485643975, 
1.5487741309558105E-6, 0.0, 8.039222848288282E-7, 0.0, 0.0, 86.00871937572407, 0.0, 0.0, 397.8036960630661, 0.0, 141.05282821050602, 158.8623465994604, 214.58634389613724, 0.0, 0.0, 0.0, 0.0, 3.8426098490222217E-7, 0.0, 33.919806201319666, 0.0, 0.0, 0.0, 0.0, 2.475717974554615E-6, 9.963294400752936E-7, 0.0, 28.493294525376587, 0.0, 243.27855170540772, 
402.2275108321083, 0.0, 8.819198400931578E-7, 0.0, 0.0, 338.7956700937852, 0.0, 0.0, 0.0, 0.0, 0.0, 57.769766666762756, 73.65994808802479, 0.0, 54.028177209834865, 0.0, 0.0, 5.612184135683324E-7, 0.0, 5.967033714497014, 0.0, 0.0, 0.0, 0.0, 333.42448059036184, 133.58418088911634, 0.0, 43.2141619430742, 0.0, 0.0, 
269.6989045282922, 0.0, 2.778252412737549E-6, 0.0, 42.391338869093964, 178.85584408126803, 0.0, 149.87381690937147, 0.0, 0.0, 0.0, 113.1198100375339, 1017.8110678426527, 0.0, 383.51400734277644, 0.0, 0.0, 0.0, 0.0, 24.51516144497979, 0.0, 0.0, 0.0, 0.0, 270.1827768528899, 0.0, 0.0, 1.155377302478002E-5, 0.0, 0.0, 
0.0, 0.0, 0.0, 0.0, 0.0, 0.0, 0.0, 0.0, 0.0, 0.0, 0.0, 0.0, 0.0, 0.0, 0.0, 0.0, 0.0, 0.0, 0.0, 0.0, 0.0, 0.0, 0.0, 0.0, 0.0, 0.0, 0.0, 0.0, 0.0, 0.0, 
0.0, 0.0, 0.0, 0.0, 0.0, 0.0, 0.0, 0.0, 0.0, 0.0, 0.0, 0.0, 0.0, 0.0, 0.0, 0.0, 0.0, 0.0, 0.0, 0.0, 0.0, 0.0, 0.0, 0.0, 0.0, 0.0, 0.0, 0.0, 0.0, 0.0, 
0.0, 0.0, 0.0, 0.0, 0.0, 0.0, 0.0, 0.0, 0.0, 0.0, 0.0, 0.0, 0.0, 0.0, 0.0, 0.0, 0.0, 0.0, 0.0, 0.0, 0.0, 0.0, 0.0, 0.0, 0.0, 0.0, 0.0, 0.0, 0.0, 0.0, 
6.92599361521949E-7, 0.0, 7.083496979658731E-7, 0.0, 16.385982127832726, 429.5262339742458, 0.0, 373.6222747122073, 0.0, 0.0, 456.2129339195419, 0.0, 0.0, 0.0, 0.0, 0.0, 0.0, 0.0, 0.0, 0.0, 0.0, 0.0, 0.0, 0.0, 85.8916166086853, 1.5179919141448077E-6, 0.0, 3.2441538381597744E-6, 0.0, 487.3500408416686, 
0.0, 0.0, 0.0, 0.0, 0.0, 0.0, 0.0, 0.0, 0.0, 0.0, 0.0, 0.0, 0.0, 0.0, 0.0, 0.0, 0.0, 0.0, 0.0, 0.0, 0.0, 0.0, 0.0, 0.0, 0.0, 0.0, 0.0, 0.0, 0.0, 0.0, 
2.3376407673551985E-7, 0.0, 8.738257991576165E-8, 0.0, 1.9686382319037209E-7, 160.11190633436493, 0.0, 3.168489704588257E-6, 0.0, 0.0, 177.12179135822967, 0.0, 0.0, 0.0, 0.0, 0.0, 0.0, 0.0, 0.0, 5.079463585336973, 0.0, 0.0, 0.0, 0.0, 94.98680300650818, 7.605975148509902E-8, 0.0, 4.6233965482873504E-7, 0.0, 149.06111512046408, 
0.0, 0.0, 0.0, 0.0, 0.0, 0.0, 0.0, 0.0, 0.0, 0.0, 0.0, 0.0, 0.0, 0.0, 0.0, 0.0, 0.0, 0.0, 0.0, 0.0, 0.0, 0.0, 0.0, 0.0, 0.0, 0.0, 0.0, 0.0, 0.0, 0.0, 
0.0, 0.0, 0.0, 0.0, 0.0, 0.0, 0.0, 0.0, 0.0, 0.0, 0.0, 0.0, 0.0, 0.0, 0.0, 0.0, 0.0, 0.0, 0.0, 0.0, 0.0, 0.0, 0.0, 0.0, 0.0, 0.0, 0.0, 0.0, 0.0, 0.0, 
0.0, 0.0, 0.0, 0.0, 0.0, 0.0, 0.0, 0.0, 0.0, 0.0, 0.0, 0.0, 0.0, 0.0, 0.0, 0.0, 0.0, 0.0, 0.0, 0.0, 0.0, 0.0, 0.0, 0.0, 0.0, 0.0, 0.0, 0.0, 0.0, 0.0, 
0.0, 0.0, 0.0, 0.0, 0.0, 0.0, 0.0, 0.0, 0.0, 0.0, 0.0, 0.0, 0.0, 0.0, 0.0, 0.0, 0.0, 0.0, 0.0, 0.0, 0.0, 0.0, 0.0, 0.0, 0.0, 0.0, 0.0, 0.0, 0.0, 0.0, 
2.2120718240972502E-6, 0.0, 0.0, 0.0, 0.0, 84.17968088154687, 0.0, 2.9399753386576316E-6, 76.19402188617704, 0.0, 51.9844787466319, 49.036846663733385, 0.0, 0.0, 0.0, 0.0, 0.0, 0.0, 0.0, 0.0, 0.0, 0.0, 0.0, 0.0, 160.09169909550255, 2.639536757072483E-7, 0.0, 0.0, 0.0, 89.51080678500055, 
0.0, 0.0, 550.2117038950472, 0.0, 0.0, 124.94674026207686, 0.0, 70.92161334686581, 61.274736411046106, 0.0, 41.011270120581976, 0.0, 0.0, 0.0, 0.0, 0.0, 0.0, 0.0, 0.0, 0.0, 0.0, 0.0, 0.0, 0.0, 169.4601606164447, 2.2212404923519554E-7, 0.0, 3.151461173199692E-7, 0.0, 61.86803313045057, 
453.0216228761337, 0.0, 0.0, 0.0, 0.0, 225.03222435505322, 0.0, 61.86494220401845, 0.0, 0.0, 86.5431203661726, 78.2366563133849, 0.0, 0.0, 0.0, 0.0, 0.0, 0.0, 0.0, 0.0, 0.0, 0.0, 0.0, 0.0, 689.9735513807348, 113.47785320470155, 0.0, 1.0235177228131816E-6, 0.0, 158.416452389134, 
6.803366635333124E-7, 0.0, 316.620824001122, 0.0, 184.89446888565527, 4.668101750156384E-6, 0.0, 206.87394050281495, 1.593633384733112E-5, 0.0, 5.470321567196799E-6, 1.5163756563922368E-5, 128.80239444268244, 0.0, 33.119174634388564, 0.0, 0.0, 0.0, 0.0, 206.61999686689757, 0.0, 0.0, 0.0, 0.0, 0.0, 0.0, 0.0, 1.1429030425494448E-6, 0.0, 0.0, 
0.0, 0.0, 0.0, 0.0, 0.0, 0.0, 0.0, 0.0, 0.0, 0.0, 0.0, 0.0, 0.0, 0.0, 0.0, 0.0, 0.0, 0.0, 0.0, 0.0, 0.0, 0.0, 0.0, 0.0, 0.0, 0.0, 0.0, 0.0, 0.0, 0.0, 
5.510643721178004E-7, 0.0, 1.00313061212059E-6, 0.0, 1.1393683408340814E-6, 1.2555966156509015E-7, 0.0, 1.2086959901138626E-6, 494.2679976952486, 0.0, 0.0, 1.0605007941112999E-6, 5.710607503266828E-7, 0.0, 1.1709245539980459E-7, 0.0, 0.0, 0.0, 0.0, 6.454539915729196E-7, 0.0, 0.0, 0.0, 0.0, 0.0, 0.0, 0.0, 277.5923184869561, 0.0, 5.790366993604396E-7, 
151.81660767025286, 0.0, 407.41435294628263, 0.0, 65.43985148427127, 184.40092887168484, 0.0, 259.6545408072905, 380.64100047385284, 0.0, 89.81377926159807, 60.14356412563301, 234.67163644027247, 0.0, 125.49384840046017, 0.0, 0.0, 47.0835122321396, 0.0, 230.4875538291133, 0.0, 0.0, 0.0, 0.0, 0.0, 0.0, 0.0, 71.47208472634205, 0.0, 248.2016339143674, 
0.0, 0.0, 0.0, 0.0, 1.9032615044262212E-7, 1.7298936205458463E-7, 0.0, 163.3517319832839, 31.253510823007357, 0.0, 0.0, 36.39210430501751, 75.8629377290164, 0.0, 0.0, 0.0, 0.0, 204.31555606447628, 0.0, 7.645153485538244, 0.0, 0.0, 0.0, 0.0, 0.0, 0.0, 0.0, 0.0, 0.0, 27.438722027611288, 
1.678433776767653E-6, 0.0, 295.1117328436705, 0.0, 0.0, 0.0, 0.0, 0.0, 183.63109816398634, 0.0, 232.79989215694076, 0.0, 0.0, 0.0, 0.0, 0.0, 0.0, 0.0, 0.0, 6.427086211311298, 0.0, 0.0, 0.0, 0.0, 465.8910184907991, 0.0, 0.0, 1.956902830906997E-6, 0.0, 5362.518103834296, 
204.38325622530633, 0.0, 6.435561586316028E-7, 0.0, 0.0, 87.7442952321912, 0.0, 137.8305079382671, 0.0, 0.0, 0.0, 94.83753157778168, 84.3680690071369, 0.0, 98.7999940129191, 0.0, 0.0, 1.878684172859048E-7, 0.0, 25.320228637958078, 0.0, 0.0, 0.0, 0.0, 235.23990773281957, 0.0, 0.0, 0.0, 0.0, 0.0, 
