0.0, 0.0, 0.0, 0.0, 0.0, 0.0, 0.0, 0.0, 0.0, 0.0, 0.0, 0.0, 0.0, 0.0, 0.0, 0.0, 0.0, 0.0, 0.0, 0.0, 0.0, 0.0, 0.0, 0.0, 0.0, 0.0, 0.0, 0.0, 0.0, 0.0, 
0.0, 0.0, 0.0, 0.0, 0.0, 0.0, 0.0, 4.216159428506692, 89.93262598553234, 0.0, 120.92808664344538, 87.50907305839934, 141.50040056655305, 0.0, 0.0, 0.0, 0.0, 5.636049071863898, 0.0, 217.00921032850894, 0.0, 0.0, 0.0, 0.0, 1.5862862155227107, 0.6727072414527024, 0.0, 119.49067675727636, 0.0, 79.85441538561858, 
0.0, 0.0, 0.0, 0.0, 0.0, 0.0, 0.0, 0.0, 0.0, 0.0, 0.0, 0.0, 0.0, 0.0, 0.0, 0.0, 0.0, 0.0, 0.0, 0.0, 0.0, 0.0, 0.0, 0.0, 0.0, 0.0, 0.0, 0.0, 0.0, 0.0, 
0.0, 0.0, 0.0, 0.0, 0.0, 0.0, 0.0, 50.9640520151588, 21.61738714048365, 0.0, 19.195740730802132, 3.52027638760637, 27.673717577706938, 0.0, 0.0, 0.0, 0.0, 41.317281379274995, 0.0, 236.5660318207721, 0.0, 0.0, 0.0, 0.0, 0.0, 338.9808074804457, 0.0, 1.1961558271196056, 0.0, 15.413313714328316, 
0.0, 0.0, 0.0, 0.0, 0.0, 0.0, 0.0, 57.88924840657952, 10.037088467192673, 0.0, 19.240353861635228, 27.783221146295258, 31.067092577059288, 0.0, 6.215303905901765, 0.0, 0.0, 2.5375096756349214, 0.0, 11.742149327460803, 0.0, 0.0, 0.0, 0.0, 77.7396341624842, 2.0065468581284387, 0.0, 0.0, 0.0, 16.645173192924386, 
0.0, 0.0, 0.0, 0.0, 0.0, 0.0, 0.0, 0.0, 0.0, 0.0, 0.0, 0.0, 0.0, 0.0, 0.0, 0.0, 0.0, 0.0, 0.0, 0.0, 0.0, 0.0, 0.0, 0.0, 0.0, 0.0, 0.0, 0.0, 0.0, 0.0, 
0.0, 0.0, 0.0, 0.0, 0.0, 0.0, 0.0, 212.31159806242854, 35.828039823500234, 0.0, 81.46601255513556, 47.757618634886626, 166.86495763141357, 0.0, 86.12269859073507, 0.0, 0.0, 0.0, 0.0, 125.9309113924175, 0.0, 0.0, 0.0, 0.0, 826.3859254625752, 160.25351322795137, 0.0, 59.94390568319705, 0.0, 130.9353689879067, 
5.176527267752687, 0.0, 7.117614583672647, 0.0, 0.0, 151.14950854233362, 0.0, 0.0, 212.6505040344201, 0.0, 154.90093394965257, 131.13651850582906, 164.60434183030875, 0.0, 0.0, 0.0, 0.0, 1.645153190317891, 0.0, 39.320298402984925, 0.0, 0.0, 0.0, 0.0, 6.164313181964301, 1.896735470598606, 0.0, 13.617802711873408, 0.0, 411.94495773658986, 
386.3182661354607, 0.0, 2.8198568543211544, 0.0, 0.0, 268.9594189596171, 0.0, 0.0, 0.0, 0.0, 0.0, 120.31788697056716, 84.80069858822809, 0.0, 45.73934095872451, 0.0, 0.0, 1.298651380297015, 0.0, 8.417353725480876, 0.0, 0.0, 0.0, 0.0, 317.9430886258634, 126.78527494175175, 0.0, 47.675137818292285, 0.0, 0.0, 
277.2462266530474, 0.0, 0.5347943433018909, 0.0, 8.01965162440385, 189.4125284099266, 0.0, 87.00469498373718, 0.0, 0.0, 0.0, 40.21312677847607, 1024.478618010976, 0.0, 420.16242959814053, 0.0, 0.0, 0.0, 0.0, 7.500007619128838, 0.0, 0.0, 0.0, 0.0, 357.67299870574067, 0.0, 0.0, 23.041640565647903, 0.0, 0.0, 
0.0, 0.0, 0.0, 0.0, 0.0, 0.0, 0.0, 0.0, 0.0, 0.0, 0.0, 0.0, 0.0, 0.0, 0.0, 0.0, 0.0, 0.0, 0.0, 0.0, 0.0, 0.0, 0.0, 0.0, 0.0, 0.0, 0.0, 0.0, 0.0, 0.0, 
0.0, 0.0, 0.0, 0.0, 0.0, 0.0, 0.0, 0.0, 0.0, 0.0, 0.0, 0.0, 0.0, 0.0, 0.0, 0.0, 0.0, 0.0, 0.0, 0.0, 0.0, 0.0, 0.0, 0.0, 0.0, 0.0, 0.0, 0.0, 0.0, 0.0, 
0.0, 0.0, 0.0, 0.0, 0.0, 0.0, 0.0, 0.0, 0.0, 0.0, 0.0, 0.0, 0.0, 0.0, 0.0, 0.0, 0.0, 0.0, 0.0, 0.0, 0.0, 0.0, 0.0, 0.0, 0.0, 0.0, 0.0, 0.0, 0.0, 0.0, 
4.03949956044421, 0.0, 5.013174467225539, 0.0, 11.0265023015334, 443.62234253756475, 0.0, 529.5720879949188, 0.0, 0.0, 366.6894700854694, 0.0, 0.0, 0.0, 0.0, 0.0, 0.0, 0.0, 0.0, 0.0, 0.0, 0.0, 0.0, 0.0, 106.96773076989308, 4.626595725533244, 0.0, 4.414466936182644, 0.0, 387.7615184743235, 
0.0, 0.0, 0.0, 0.0, 0.0, 0.0, 0.0, 0.0, 0.0, 0.0, 0.0, 0.0, 0.0, 0.0, 0.0, 0.0, 0.0, 0.0, 0.0, 0.0, 0.0, 0.0, 0.0, 0.0, 0.0, 0.0, 0.0, 0.0, 0.0, 0.0, 
1.493611188279055, 0.0, 1.1579506207231398, 0.0, 1.3026588864866249, 110.75799375911495, 0.0, 103.82813319613605, 0.0, 0.0, 175.48397871393098, 0.0, 0.0, 0.0, 0.0, 0.0, 0.0, 0.0, 0.0, 9.019672293802385, 0.0, 0.0, 0.0, 0.0, 70.25482813714801, 1.357405843384963, 0.0, 2.112236742556843, 0.0, 126.40389001872558, 
0.0, 0.0, 0.0, 0.0, 0.0, 0.0, 0.0, 0.0, 0.0, 0.0, 0.0, 0.0, 0.0, 0.0, 0.0, 0.0, 0.0, 0.0, 0.0, 0.0, 0.0, 0.0, 0.0, 0.0, 0.0, 0.0, 0.0, 0.0, 0.0, 0.0, 
0.0, 0.0, 0.0, 0.0, 0.0, 0.0, 0.0, 0.0, 0.0, 0.0, 0.0, 0.0, 0.0, 0.0, 0.0, 0.0, 0.0, 0.0, 0.0, 0.0, 0.0, 0.0, 0.0, 0.0, 0.0, 0.0, 0.0, 0.0, 0.0, 0.0, 
0.0, 0.0, 0.0, 0.0, 0.0, 0.0, 0.0, 0.0, 0.0, 0.0, 0.0, 0.0, 0.0, 0.0, 0.0, 0.0, 0.0, 0.0, 0.0, 0.0, 0.0, 0.0, 0.0, 0.0, 0.0, 0.0, 0.0, 0.0, 0.0, 0.0, 
0.0, 0.0, 0.0, 0.0, 0.0, 0.0, 0.0, 0.0, 0.0, 0.0, 0.0, 0.0, 0.0, 0.0, 0.0, 0.0, 0.0, 0.0, 0.0, 0.0, 0.0, 0.0, 0.0, 0.0, 0.0, 0.0, 0.0, 0.0, 0.0, 0.0, 
2.03883042842336, 0.0, 0.0, 0.0, 0.0, 91.11748378790959, 0.0, 40.780487427455085, 57.09829430577781, 0.0, 4.986973904540229, 22.3026773882011, 0.0, 0.0, 0.0, 0.0, 0.0, 0.0, 0.0, 0.0, 0.0, 0.0, 0.0, 0.0, 231.01448476420487, 2.731462092321638, 0.0, 0.0, 0.0, 52.236687948881524, 
0.0, 0.0, 389.57812820750405, 0.0, 0.0, 132.92325918313176, 0.0, 69.3053616572349, 128.85174242199022, 0.0, 47.850854229945, 0.0, 0.0, 0.0, 0.0, 0.0, 0.0, 0.0, 0.0, 0.0, 0.0, 0.0, 0.0, 0.0, 166.88029636066562, 2.9304322532508786, 0.0, 8.951734859155001, 0.0, 126.0937568818344, 
466.51723267983834, 0.0, 0.0, 0.0, 0.0, 167.5545048192284, 0.0, 107.85741941133709, 0.0, 0.0, 46.31561508761783, 53.08496757957182, 0.0, 0.0, 0.0, 0.0, 0.0, 0.0, 0.0, 0.0, 0.0, 0.0, 0.0, 0.0, 643.360063076546, 158.13437787036344, 0.0, 7.148192922598336, 0.0, 195.19969329498275, 
88.43681021272725, 0.0, 410.26943110376817, 0.0, 236.531354168806, 12.5249660714837, 0.0, 75.16072498776361, 2.3213446812897076, 0.0, 28.034951052929237, 7.267897754303512, 53.21319035445047, 0.0, 56.170273692252586, 0.0, 0.0, 0.0, 0.0, 99.72259318161198, 0.0, 0.0, 0.0, 0.0, 0.0, 0.0, 0.0, 2.028033030056047, 0.0, 0.0, 
0.0, 0.0, 0.0, 0.0, 0.0, 0.0, 0.0, 0.0, 0.0, 0.0, 0.0, 0.0, 0.0, 0.0, 0.0, 0.0, 0.0, 0.0, 0.0, 0.0, 0.0, 0.0, 0.0, 0.0, 0.0, 0.0, 0.0, 0.0, 0.0, 0.0, 
0.10070520166707561, 0.0, 0.5049703586874968, 0.0, 0.04531133378978502, 0.0070401097837129965, 0.0, 0.5919049024518879, 1088.8320028402231, 0.0, 0.0, 0.47798103098066624, 0.23725256044031728, 0.0, 0.97028210365099, 0.0, 0.0, 0.0, 0.0, 0.40754502257841135, 0.0, 0.0, 0.0, 0.0, 0.0, 0.0, 0.0, 11.36296179761534, 0.0, 0.350850488734572, 
141.24573379772804, 0.0, 437.50315688999547, 0.0, 143.86040870108542, 271.64425290481097, 0.0, 272.23687178002143, 64.87169268982778, 0.0, 24.34613991571505, 101.58603646510129, 161.0328925629555, 0.0, 103.94042254278732, 0.0, 0.0, 36.367710946595665, 0.0, 419.15605544183995, 0.0, 0.0, 0.0, 0.0, 0.0, 0.0, 0.0, 152.57684244897712, 0.0, 135.41324171560132, 
0.0, 0.0, 0.0, 0.0, 1.946001899645503, 0.33062467952971647, 0.0, 117.17959292763793, 31.48222508802663, 0.0, 0.0, 44.6592786535881, 49.9822535562147, 0.0, 0.0, 0.0, 0.0, 207.3932683080107, 0.0, 9.946216959079011, 0.0, 0.0, 0.0, 0.0, 0.0, 0.0, 0.0, 0.0, 0.0, 60.19863309648292, 
6.265270132071441, 0.0, 312.6187161359454, 0.0, 0.0, 0.0, 0.0, 0.0, 122.05871606646521, 0.0, 389.12404809695255, 0.0, 0.0, 0.0, 0.0, 0.0, 0.0, 0.0, 0.0, 7.028968713590487, 0.0, 0.0, 0.0, 0.0, 391.8490545747555, 0.0, 0.0, 2.6188255318300238, 0.0, 942.2601236847673, 
132.59568964776705, 0.0, 7.654335234345848, 0.0, 0.0, 55.19274044834043, 0.0, 52.04399111985213, 0.0, 0.0, 0.0, 68.65435096283876, 161.07050108574032, 0.0, 118.12995121625542, 0.0, 0.0, 6.676538003281629, 0.0, 62.08161311130978, 0.0, 0.0, 0.0, 0.0, 242.86671008928317, 0.0, 0.0, 0.0, 0.0, 0.0, 
