0.0, 0.0, 0.0, 0.0, 0.0, 0.0, 0.0, 0.0, 0.0, 0.0, 0.0, 0.0, 0.0, 0.0, 0.0, 0.0, 0.0, 0.0, 0.0, 0.0, 0.0, 0.0, 0.0, 0.0, 0.0, 0.0, 0.0, 0.0, 0.0, 0.0, 
0.0, 0.0, 0.0, 0.0, 0.0, 0.0, 0.0, 8.894203002202692, 96.57272691141058, 0.0, 38.60918639757812, 83.94087645689201, 133.1299563476455, 0.0, 0.0, 0.0, 0.0, 13.859877123428447, 0.0, 166.89763593659987, 0.0, 0.0, 0.0, 0.0, 3.8418529236759107, 5.577576548595424, 0.0, 127.02572999248672, 0.0, 173.33955377826828, 
0.0, 0.0, 0.0, 0.0, 0.0, 0.0, 0.0, 0.0, 0.0, 0.0, 0.0, 0.0, 0.0, 0.0, 0.0, 0.0, 0.0, 0.0, 0.0, 0.0, 0.0, 0.0, 0.0, 0.0, 0.0, 0.0, 0.0, 0.0, 0.0, 0.0, 
0.0, 0.0, 0.0, 0.0, 0.0, 0.0, 0.0, 20.360945959752872, 41.715588374476006, 0.0, 12.793674086276104, 27.643348976700892, 27.549265915559754, 0.0, 0.0, 0.0, 0.0, 91.98603351632514, 0.0, 218.88129642239952, 0.0, 0.0, 0.0, 0.0, 0.0, 300.7438485934358, 0.0, 2.1837117009961537, 0.0, 25.919548565745075, 
0.0, 0.0, 0.0, 0.0, 0.0, 0.0, 0.0, 40.69342677561874, 8.438679076159389, 0.0, 17.804530823011042, 20.414405658724924, 30.4819582298182, 0.0, 12.936806137078579, 0.0, 0.0, 2.004096935011924, 0.0, 8.148764178041937, 0.0, 0.0, 0.0, 0.0, 28.2031832319812, 24.67679552439237, 0.0, 0.0, 0.0, 17.048033241660917, 
0.0, 0.0, 0.0, 0.0, 0.0, 0.0, 0.0, 0.0, 0.0, 0.0, 0.0, 0.0, 0.0, 0.0, 0.0, 0.0, 0.0, 0.0, 0.0, 0.0, 0.0, 0.0, 0.0, 0.0, 0.0, 0.0, 0.0, 0.0, 0.0, 0.0, 
0.0, 0.0, 0.0, 0.0, 0.0, 0.0, 0.0, 262.91590595278194, 99.80476118093868, 0.0, 115.28408454618818, 55.09673939135349, 67.0619372409173, 0.0, 185.95362831577688, 0.0, 0.0, 0.0, 0.0, 127.51342190295075, 0.0, 0.0, 0.0, 0.0, 756.1544291842473, 156.3125990973414, 0.0, 41.8231101492082, 0.0, 80.39193412350309, 
3.7687753239819504, 0.0, 6.996864444935908, 0.0, 0.0, 107.6978887047424, 0.0, 0.0, 231.3774060883793, 0.0, 190.23527084825608, 123.23421429148885, 207.10654287771715, 0.0, 0.0, 0.0, 0.0, 10.486245082331834, 0.0, 60.36617939001431, 0.0, 0.0, 0.0, 0.0, 7.864920966347184, 4.978623436254303, 0.0, 20.032393659038473, 0.0, 327.97830554117456, 
397.7611316290861, 0.0, 9.642282711596712, 0.0, 0.0, 335.2449792722202, 0.0, 0.0, 0.0, 0.0, 0.0, 110.1862208101973, 105.94408171203524, 0.0, 44.172049555086964, 0.0, 0.0, 1.6298273659140825, 0.0, 7.802487539090634, 0.0, 0.0, 0.0, 0.0, 453.1538546997874, 153.54684114982646, 0.0, 19.190298900365505, 0.0, 0.0, 
305.67565148826066, 0.0, 3.4024060268896394, 0.0, 15.080010782213611, 122.28249655795825, 0.0, 93.11578399788833, 0.0, 0.0, 0.0, 79.7298376727059, 1034.1923558643973, 0.0, 341.4788059658522, 0.0, 0.0, 0.0, 0.0, 27.982045118786885, 0.0, 0.0, 0.0, 0.0, 335.25099845770603, 0.0, 0.0, 26.830597031236795, 0.0, 0.0, 
0.0, 0.0, 0.0, 0.0, 0.0, 0.0, 0.0, 0.0, 0.0, 0.0, 0.0, 0.0, 0.0, 0.0, 0.0, 0.0, 0.0, 0.0, 0.0, 0.0, 0.0, 0.0, 0.0, 0.0, 0.0, 0.0, 0.0, 0.0, 0.0, 0.0, 
0.0, 0.0, 0.0, 0.0, 0.0, 0.0, 0.0, 0.0, 0.0, 0.0, 0.0, 0.0, 0.0, 0.0, 0.0, 0.0, 0.0, 0.0, 0.0, 0.0, 0.0, 0.0, 0.0, 0.0, 0.0, 0.0, 0.0, 0.0, 0.0, 0.0, 
0.0, 0.0, 0.0, 0.0, 0.0, 0.0, 0.0, 0.0, 0.0, 0.0, 0.0, 0.0, 0.0, 0.0, 0.0, 0.0, 0.0, 0.0, 0.0, 0.0, 0.0, 0.0, 0.0, 0.0, 0.0, 0.0, 0.0, 0.0, 0.0, 0.0, 
6.323106556294878, 0.0, 1.1949693973549282, 0.0, 31.984151447436638, 266.78840053017575, 0.0, 401.536873356942, 0.0, 0.0, 467.4632878529986, 0.0, 0.0, 0.0, 0.0, 0.0, 0.0, 0.0, 0.0, 0.0, 0.0, 0.0, 0.0, 0.0, 46.35505317890785, 3.7732644039705794, 0.0, 6.925138727213577, 0.0, 641.3655152488067, 
0.0, 0.0, 0.0, 0.0, 0.0, 0.0, 0.0, 0.0, 0.0, 0.0, 0.0, 0.0, 0.0, 0.0, 0.0, 0.0, 0.0, 0.0, 0.0, 0.0, 0.0, 0.0, 0.0, 0.0, 0.0, 0.0, 0.0, 0.0, 0.0, 0.0, 
1.4828283154278847, 0.0, 2.7099325286173848, 0.0, 4.7843605206024655, 209.276855988258, 0.0, 38.97379226300256, 0.0, 0.0, 161.84072083720716, 0.0, 0.0, 0.0, 0.0, 0.0, 0.0, 0.0, 0.0, 14.907670096858219, 0.0, 0.0, 0.0, 0.0, 31.65340779721133, 2.0923234278409026, 0.0, 4.805530964764568, 0.0, 173.62543049704166, 
0.0, 0.0, 0.0, 0.0, 0.0, 0.0, 0.0, 0.0, 0.0, 0.0, 0.0, 0.0, 0.0, 0.0, 0.0, 0.0, 0.0, 0.0, 0.0, 0.0, 0.0, 0.0, 0.0, 0.0, 0.0, 0.0, 0.0, 0.0, 0.0, 0.0, 
0.0, 0.0, 0.0, 0.0, 0.0, 0.0, 0.0, 0.0, 0.0, 0.0, 0.0, 0.0, 0.0, 0.0, 0.0, 0.0, 0.0, 0.0, 0.0, 0.0, 0.0, 0.0, 0.0, 0.0, 0.0, 0.0, 0.0, 0.0, 0.0, 0.0, 
0.0, 0.0, 0.0, 0.0, 0.0, 0.0, 0.0, 0.0, 0.0, 0.0, 0.0, 0.0, 0.0, 0.0, 0.0, 0.0, 0.0, 0.0, 0.0, 0.0, 0.0, 0.0, 0.0, 0.0, 0.0, 0.0, 0.0, 0.0, 0.0, 0.0, 
0.0, 0.0, 0.0, 0.0, 0.0, 0.0, 0.0, 0.0, 0.0, 0.0, 0.0, 0.0, 0.0, 0.0, 0.0, 0.0, 0.0, 0.0, 0.0, 0.0, 0.0, 0.0, 0.0, 0.0, 0.0, 0.0, 0.0, 0.0, 0.0, 0.0, 
6.982044281414652, 0.0, 0.0, 0.0, 0.0, 74.83443045941391, 0.0, 42.68743445136765, 44.36930061894387, 0.0, 77.0174371192499, 53.22889863558564, 0.0, 0.0, 0.0, 0.0, 0.0, 0.0, 0.0, 0.0, 0.0, 0.0, 0.0, 0.0, 191.80893808191803, 2.256797652011771, 0.0, 0.0, 0.0, 24.954969123882144, 
0.0, 0.0, 492.3559951646344, 0.0, 0.0, 64.63509494151623, 0.0, 67.6774874375079, 98.51649026056774, 0.0, 56.68442204371382, 0.0, 0.0, 0.0, 0.0, 0.0, 0.0, 0.0, 0.0, 0.0, 0.0, 0.0, 0.0, 0.0, 179.3086456253125, 2.3775155552676925, 0.0, 9.251624860069292, 0.0, 117.61180357213117, 
386.2717405784526, 0.0, 0.0, 0.0, 0.0, 282.2664094808265, 0.0, 138.98905324758118, 0.0, 0.0, 104.5353158731843, 15.822447488464453, 0.0, 0.0, 0.0, 0.0, 0.0, 0.0, 0.0, 0.0, 0.0, 0.0, 0.0, 0.0, 724.9523625713958, 127.03519682816201, 0.0, 12.258335673911601, 0.0, 71.58095669365261, 
87.40501826275217, 0.0, 350.99506200128553, 0.0, 146.56711429433446, 19.35990218155319, 0.0, 105.55510571061251, 16.583702427908875, 0.0, 10.51085701122235, 27.35561122636954, 43.64562811888675, 0.0, 61.73967513568955, 0.0, 0.0, 0.0, 0.0, 167.9864302305359, 0.0, 0.0, 0.0, 0.0, 0.0, 0.0, 0.0, 3.9637318518840887, 0.0, 0.0, 
0.0, 0.0, 0.0, 0.0, 0.0, 0.0, 0.0, 0.0, 0.0, 0.0, 0.0, 0.0, 0.0, 0.0, 0.0, 0.0, 0.0, 0.0, 0.0, 0.0, 0.0, 0.0, 0.0, 0.0, 0.0, 0.0, 0.0, 0.0, 0.0, 0.0, 
0.8471240307130421, 0.0, 1.012017250004735, 0.0, 0.555928459609985, 0.904104739022275, 0.0, 0.7811950006956299, 1022.1039130359366, 0.0, 0.0, 1.3761953225625612, 0.24352791091819737, 0.0, 0.7592620989957808, 0.0, 0.0, 0.0, 0.0, 0.25458025615540447, 0.0, 0.0, 0.0, 0.0, 0.0, 0.0, 0.0, 51.413068857804284, 0.0, 1.2400735351656724, 
146.32118314305757, 0.0, 427.5567825675437, 0.0, 145.6668771300653, 268.30016005795915, 0.0, 345.0944109185952, 112.30885403417908, 0.0, 64.2704240096942, 66.60362470955906, 155.01414900603922, 0.0, 113.2639518889238, 0.0, 0.0, 68.84837029558827, 0.0, 382.70524801590955, 0.0, 0.0, 0.0, 0.0, 0.0, 0.0, 0.0, 106.4744916808098, 0.0, 73.01842070543367, 
0.0, 0.0, 0.0, 0.0, 3.9700987303032913, 4.283830099488092, 0.0, 74.33580565966558, 58.341681326801755, 0.0, 0.0, 31.15781495776805, 94.95127501410462, 0.0, 0.0, 0.0, 0.0, 182.46199924889612, 0.0, 20.941523078115036, 0.0, 0.0, 0.0, 0.0, 0.0, 0.0, 0.0, 0.0, 0.0, 59.87083645760637, 
15.445895344964946, 0.0, 242.60693664354645, 0.0, 0.0, 0.0, 0.0, 0.0, 96.13939266831251, 0.0, 199.45481682062615, 0.0, 0.0, 0.0, 0.0, 0.0, 0.0, 0.0, 0.0, 10.220588580436198, 0.0, 0.0, 0.0, 0.0, 360.03031686494, 0.0, 0.0, 22.04066757941396, 0.0, 441.47226973839355, 
159.5910665806952, 0.0, 12.557760055384783, 0.0, 0.0, 142.66868012970963, 0.0, 113.97061646946882, 0.0, 0.0, 0.0, 90.43533848595322, 168.4830495297185, 0.0, 99.97282442397135, 0.0, 0.0, 2.866427827148451, 0.0, 12.638103485354844, 0.0, 0.0, 0.0, 0.0, 282.9441684943378, 0.0, 0.0, 0.0, 0.0, 0.0, 
