0.0, 0.0, 0.0, 0.0, 0.0, 0.0, 0.0, 0.0, 0.0, 0.0, 0.0, 0.0, 0.0, 0.0, 0.0, 0.0, 0.0, 0.0, 0.0, 0.0, 0.0, 0.0, 0.0, 0.0, 0.0, 0.0, 0.0, 0.0, 0.0, 0.0, 
0.0, 0.0, 0.0, 0.0, 0.0, 0.0, 0.0, 18.230927457287294, 105.39888091990375, 0.0, 128.59842862405296, 58.449783035870375, 147.22889189661288, 0.0, 0.0, 0.0, 0.0, 7.028475053089422E-10, 0.0, 171.2442224124619, 0.0, 0.0, 0.0, 0.0, 35.13561379903261, 4.2875438495165354E-11, 0.0, 65.37594089606993, 0.0, 158.82556757620551, 
0.0, 0.0, 0.0, 0.0, 0.0, 0.0, 0.0, 0.0, 0.0, 0.0, 0.0, 0.0, 0.0, 0.0, 0.0, 0.0, 0.0, 0.0, 0.0, 0.0, 0.0, 0.0, 0.0, 0.0, 0.0, 0.0, 0.0, 0.0, 0.0, 0.0, 
0.0, 0.0, 0.0, 0.0, 0.0, 0.0, 0.0, 57.42481377141991, 10.564946153256322, 0.0, 8.727782917121012, 32.05197965272247, 12.8447400329223, 0.0, 0.0, 0.0, 0.0, 72.84244701041584, 0.0, 279.7074389791981, 0.0, 0.0, 0.0, 0.0, 0.0, 274.73873597533293, 0.0, 1.039878812507819E-10, 0.0, 0.9540811833862357, 
0.0, 0.0, 0.0, 0.0, 0.0, 0.0, 0.0, 34.69655734181377, 15.435503017831513, 0.0, 16.42252308392052, 13.234222638360396, 14.389564341273154, 0.0, 15.236847065118818, 0.0, 0.0, 3.6636487475629364E-10, 0.0, 17.977499495859565, 0.0, 0.0, 0.0, 0.0, 46.415760266493685, 39.43746189892459, 0.0, 0.0, 0.0, 8.940547649089336, 
0.0, 0.0, 0.0, 0.0, 0.0, 0.0, 0.0, 0.0, 0.0, 0.0, 0.0, 0.0, 0.0, 0.0, 0.0, 0.0, 0.0, 0.0, 0.0, 0.0, 0.0, 0.0, 0.0, 0.0, 0.0, 0.0, 0.0, 0.0, 0.0, 0.0, 
0.0, 0.0, 0.0, 0.0, 0.0, 0.0, 0.0, 339.33976227587914, 127.27408783923737, 0.0, 31.587117864830663, 36.74368155614234, 99.61061866643554, 0.0, 94.2293382328159, 0.0, 0.0, 0.0, 0.0, 90.64891833550902, 0.0, 0.0, 0.0, 0.0, 831.0469474732909, 187.72504014708113, 0.0, 28.28375171606362, 0.0, 59.51090699914239, 
4.955725591303329E-10, 0.0, 5.764502622967468E-10, 0.0, 0.0, 150.9193069146017, 0.0, 0.0, 214.01642765609995, 0.0, 192.48899500341892, 152.3568416214336, 212.27919506434645, 0.0, 0.0, 0.0, 0.0, 2.1853399573416775E-10, 0.0, 61.56630476573312, 0.0, 0.0, 0.0, 0.0, 1.1281140517485737, 6.126809038732324E-10, 0.0, 43.5562412613271, 0.0, 275.6889508374952, 
347.13975809898386, 0.0, 6.822232400100823E-10, 0.0, 0.0, 283.06603026674986, 0.0, 0.0, 0.0, 0.0, 0.0, 110.22046377251112, 74.51232064249267, 0.0, 52.9749312463924, 0.0, 0.0, 5.335005596206547E-10, 0.0, 1.4063823764637916E-7, 0.0, 0.0, 0.0, 0.0, 292.1100029956603, 151.08352901423683, 0.0, 48.28122973178777, 0.0, 0.0, 
230.27633216257485, 0.0, 2.2710485124599195E-9, 0.0, 18.762088950467824, 161.92421845295914, 0.0, 114.90574938722779, 0.0, 0.0, 0.0, 70.74976607314125, 1017.8887406153812, 0.0, 374.2360815939049, 0.0, 0.0, 0.0, 0.0, 8.55794652274062, 0.0, 0.0, 0.0, 0.0, 441.9198184175621, 0.0, 0.0, 10.715508512335589, 0.0, 0.0, 
0.0, 0.0, 0.0, 0.0, 0.0, 0.0, 0.0, 0.0, 0.0, 0.0, 0.0, 0.0, 0.0, 0.0, 0.0, 0.0, 0.0, 0.0, 0.0, 0.0, 0.0, 0.0, 0.0, 0.0, 0.0, 0.0, 0.0, 0.0, 0.0, 0.0, 
0.0, 0.0, 0.0, 0.0, 0.0, 0.0, 0.0, 0.0, 0.0, 0.0, 0.0, 0.0, 0.0, 0.0, 0.0, 0.0, 0.0, 0.0, 0.0, 0.0, 0.0, 0.0, 0.0, 0.0, 0.0, 0.0, 0.0, 0.0, 0.0, 0.0, 
0.0, 0.0, 0.0, 0.0, 0.0, 0.0, 0.0, 0.0, 0.0, 0.0, 0.0, 0.0, 0.0, 0.0, 0.0, 0.0, 0.0, 0.0, 0.0, 0.0, 0.0, 0.0, 0.0, 0.0, 0.0, 0.0, 0.0, 0.0, 0.0, 0.0, 
7.537902156688933E-10, 0.0, 9.299595584339027E-10, 0.0, 11.794234102417184, 370.147833663993, 0.0, 413.26465335128535, 0.0, 0.0, 531.4723527210011, 0.0, 0.0, 0.0, 0.0, 0.0, 0.0, 0.0, 0.0, 0.0, 0.0, 0.0, 0.0, 0.0, 110.8342964644308, 8.06379987802025E-10, 0.0, 2.427748217341891, 0.0, 409.0589167132458, 
0.0, 0.0, 0.0, 0.0, 0.0, 0.0, 0.0, 0.0, 0.0, 0.0, 0.0, 0.0, 0.0, 0.0, 0.0, 0.0, 0.0, 0.0, 0.0, 0.0, 0.0, 0.0, 0.0, 0.0, 0.0, 0.0, 0.0, 0.0, 0.0, 0.0, 
1.3324750379119876E-10, 0.0, 2.432638180996766E-10, 0.0, 5.555673676898628E-11, 184.2817127176222, 0.0, 59.06518906748881, 0.0, 0.0, 123.4242543053198, 0.0, 0.0, 0.0, 0.0, 0.0, 0.0, 0.0, 0.0, 0.2920576410465293, 0.0, 0.0, 0.0, 0.0, 85.30722760167825, 5.148671589933099E-10, 0.0, 1.6891913044442088E-10, 0.0, 172.1305934036277, 
0.0, 0.0, 0.0, 0.0, 0.0, 0.0, 0.0, 0.0, 0.0, 0.0, 0.0, 0.0, 0.0, 0.0, 0.0, 0.0, 0.0, 0.0, 0.0, 0.0, 0.0, 0.0, 0.0, 0.0, 0.0, 0.0, 0.0, 0.0, 0.0, 0.0, 
0.0, 0.0, 0.0, 0.0, 0.0, 0.0, 0.0, 0.0, 0.0, 0.0, 0.0, 0.0, 0.0, 0.0, 0.0, 0.0, 0.0, 0.0, 0.0, 0.0, 0.0, 0.0, 0.0, 0.0, 0.0, 0.0, 0.0, 0.0, 0.0, 0.0, 
0.0, 0.0, 0.0, 0.0, 0.0, 0.0, 0.0, 0.0, 0.0, 0.0, 0.0, 0.0, 0.0, 0.0, 0.0, 0.0, 0.0, 0.0, 0.0, 0.0, 0.0, 0.0, 0.0, 0.0, 0.0, 0.0, 0.0, 0.0, 0.0, 0.0, 
0.0, 0.0, 0.0, 0.0, 0.0, 0.0, 0.0, 0.0, 0.0, 0.0, 0.0, 0.0, 0.0, 0.0, 0.0, 0.0, 0.0, 0.0, 0.0, 0.0, 0.0, 0.0, 0.0, 0.0, 0.0, 0.0, 0.0, 0.0, 0.0, 0.0, 
4.3882833995908674E-10, 0.0, 0.0, 0.0, 0.0, 61.21920480614162, 0.0, 27.96743732184292, 72.84611274460184, 0.0, 53.556688934372225, 48.83079610280658, 0.0, 0.0, 0.0, 0.0, 0.0, 0.0, 0.0, 0.0, 0.0, 0.0, 0.0, 0.0, 183.64954087366033, 3.0709613221733216E-10, 0.0, 0.0, 0.0, 62.929972140270145, 
0.0, 0.0, 496.8586875813747, 0.0, 0.0, 113.3741655240635, 0.0, 108.40088114601268, 70.79576375906848, 0.0, 9.7399117853542, 0.0, 0.0, 0.0, 0.0, 0.0, 0.0, 0.0, 0.0, 0.0, 0.0, 0.0, 0.0, 0.0, 175.18159647664314, 6.209052331514111E-10, 0.0, 15.671861072922523, 0.0, 75.23129608293095, 
566.6587339891466, 0.0, 0.0, 0.0, 0.0, 197.59639026916622, 0.0, 90.74552988286901, 0.0, 0.0, 89.00450292338095, 23.210693509973627, 0.0, 0.0, 0.0, 0.0, 0.0, 0.0, 0.0, 0.0, 0.0, 0.0, 0.0, 0.0, 580.6025928441865, 136.38013460181685, 0.0, 3.979424015028197, 0.0, 176.71159779234404, 
20.11030798178405, 0.0, 274.22176182231027, 0.0, 188.5867255932415, 21.496002843789167, 0.0, 139.52810618708298, 1.326867873189071E-10, 0.0, 3.1319214021565373E-9, 1.0611078660529911E-8, 120.08309647981721, 0.0, 42.755041184036855, 0.0, 0.0, 0.0, 0.0, 254.42418434877018, 0.0, 0.0, 0.0, 0.0, 0.0, 0.0, 0.0, 6.26729155679174E-10, 0.0, 0.0, 
0.0, 0.0, 0.0, 0.0, 0.0, 0.0, 0.0, 0.0, 0.0, 0.0, 0.0, 0.0, 0.0, 0.0, 0.0, 0.0, 0.0, 0.0, 0.0, 0.0, 0.0, 0.0, 0.0, 0.0, 0.0, 0.0, 0.0, 0.0, 0.0, 0.0, 
6.427399680855207E-11, 0.0, 3.827516681172824E-11, 0.0, 9.162652008588062E-11, 5.396750673401471E-11, 0.0, 4.342408363668096E-11, 954.4819271278304, 0.0, 0.0, 2.5804998523901685E-11, 7.758200809682913E-11, 0.0, 1.305291139383943E-10, 0.0, 0.0, 0.0, 0.0, 7.331552013849813E-11, 0.0, 0.0, 0.0, 0.0, 0.0, 0.0, 0.0, 80.32587001702862, 0.0, 3.5473693132189014E-11, 
192.78257553750765, 0.0, 417.8960747973498, 0.0, 138.42602722232868, 258.2336979417614, 0.0, 181.15471734894194, 204.06991030513126, 0.0, 124.28258868926258, 41.99610339288771, 126.09169369222845, 0.0, 178.68256783495698, 0.0, 0.0, 65.65528161425627, 0.0, 313.11155207301414, 0.0, 0.0, 0.0, 0.0, 0.0, 0.0, 0.0, 183.6768481654342, 0.0, 52.3283969032411, 
0.0, 0.0, 0.0, 0.0, 9.348098660571624E-11, 5.595998252756614E-10, 0.0, 95.48283255727686, 26.056849861328832, 0.0, 0.0, 53.21449052406484, 91.25538242142315, 0.0, 0.0, 0.0, 0.0, 204.9586944728234, 0.0, 6.690831671259601, 0.0, 0.0, 0.0, 0.0, 0.0, 0.0, 0.0, 0.0, 0.0, 42.549561281029064, 
1.0973116432841265E-9, 0.0, 380.883967683127, 0.0, 0.0, 0.0, 0.0, 0.0, 91.05983746131405, 0.0, 186.6948524609067, 0.0, 0.0, 0.0, 0.0, 0.0, 0.0, 0.0, 0.0, 25.950760802760325, 0.0, 0.0, 0.0, 0.0, 363.2144563430632, 0.0, 0.0, 2.78877623296417E-10, 0.0, 7099.104741241369, 
151.39827667548926, 0.0, 4.858782230074802E-10, 0.0, 0.0, 100.04287106159958, 0.0, 80.79297655130148, 0.0, 0.0, 0.0, 132.94090475841165, 136.56742783300027, 0.0, 69.38363162026688, 0.0, 0.0, 2.2258771539308042E-10, 0.0, 10.750682369092221, 0.0, 0.0, 0.0, 0.0, 286.94861722889965, 0.0, 0.0, 0.0, 0.0, 0.0, 
