0.0, 0.0, 0.0, 0.0, 0.0, 0.0, 0.0, 0.0, 0.0, 0.0, 0.0, 0.0, 0.0, 0.0, 0.0, 0.0, 0.0, 0.0, 0.0, 0.0, 0.0, 0.0, 0.0, 0.0, 0.0, 0.0, 0.0, 0.0, 0.0, 0.0, 
0.0, 0.0, 0.0, 0.0, 0.0, 0.0, 0.0, 0.0, 44.815181928661694, 0.0, 131.5992086141424, 158.22694534795608, 176.41704290543413, 0.0, 0.0, 0.0, 0.0, 7.80010069905236E-4, 0.0, 160.71232144178978, 0.0, 0.0, 0.0, 0.0, 3.045589302210787E-4, 1.1244780061224107E-4, 0.0, 168.4790050849237, 0.0, 28.809494391463193, 
0.0, 0.0, 0.0, 0.0, 0.0, 0.0, 0.0, 0.0, 0.0, 0.0, 0.0, 0.0, 0.0, 0.0, 0.0, 0.0, 0.0, 0.0, 0.0, 0.0, 0.0, 0.0, 0.0, 0.0, 0.0, 0.0, 0.0, 0.0, 0.0, 0.0, 
0.0, 0.0, 0.0, 0.0, 0.0, 0.0, 0.0, 83.18697449879889, 0.023047712532969698, 0.0, 1.132857746939054, 0.08363839843071506, 1.2368753157373902, 0.0, 0.0, 0.0, 0.0, 21.242302265509725, 0.0, 372.55353344194293, 0.0, 0.0, 0.0, 0.0, 0.0, 251.83784913592655, 0.0, 5.877189819619668E-5, 0.0, 0.018665397681777746, 
0.0, 0.0, 0.0, 0.0, 0.0, 0.0, 0.0, 37.35730305243512, 0.825130148562689, 0.0, 26.906895867371432, 1.3463761285869251, 6.239184589884968, 0.0, 0.01662408660174272, 0.0, 0.0, 8.167280185719565E-5, 0.0, 0.08988873429295459, 0.0, 0.0, 0.0, 0.0, 107.58968609337077, 46.923075443098725, 0.0, 0.0, 0.0, 0.032083173782746985, 
0.0, 0.0, 0.0, 0.0, 0.0, 0.0, 0.0, 0.0, 0.0, 0.0, 0.0, 0.0, 0.0, 0.0, 0.0, 0.0, 0.0, 0.0, 0.0, 0.0, 0.0, 0.0, 0.0, 0.0, 0.0, 0.0, 0.0, 0.0, 0.0, 0.0, 
0.0, 0.0, 0.0, 0.0, 0.0, 0.0, 0.0, 233.58723893921507, 48.80395268745036, 0.0, 9.277160664276648, 7.32005843560671, 224.9214140648297, 0.0, 112.35096836501044, 0.0, 0.0, 0.0, 0.0, 105.93691641194394, 0.0, 0.0, 0.0, 0.0, 388.21626844137035, 197.34817192588255, 0.0, 117.54710652167813, 0.0, 483.4692909469826, 
0.0010168136777441328, 0.0, 5.85161762530253E-4, 0.0, 0.0, 86.44412970254602, 0.0, 0.0, 105.97625212309073, 0.0, 223.41079509347537, 132.51428161806345, 155.52229763276299, 0.0, 0.0, 0.0, 0.0, 3.7599980469660835E-4, 0.0, 36.87043175308194, 0.0, 0.0, 0.0, 0.0, 0.0017354903558667327, 5.902040775906058E-4, 0.0, 8.054176482111385E-4, 0.0, 564.3598184212112, 
271.9755763141641, 0.0, 4.4394131697239874E-4, 0.0, 0.0, 193.789756779182, 0.0, 0.0, 0.0, 0.0, 0.0, 96.70833310259954, 98.27340297643086, 0.0, 31.702258156679733, 0.0, 0.0, 4.326647063248124E-5, 0.0, 1.3426051841545836, 0.0, 0.0, 0.0, 0.0, 261.11110778457413, 215.36976238051443, 0.0, 35.94591662496187, 0.0, 0.0, 
516.3051576612985, 0.0, 3.815082019666423E-4, 0.0, 1.3069317371377522E-5, 82.55091600586721, 0.0, 28.843848822390445, 0.0, 0.0, 0.0, 24.338033468063344, 1014.1652450635062, 0.0, 440.61896563307954, 0.0, 0.0, 0.0, 0.0, 0.03707402631755076, 0.0, 0.0, 0.0, 0.0, 345.45715239568995, 0.0, 0.0, 0.005865692926952984, 0.0, 0.0, 
0.0, 0.0, 0.0, 0.0, 0.0, 0.0, 0.0, 0.0, 0.0, 0.0, 0.0, 0.0, 0.0, 0.0, 0.0, 0.0, 0.0, 0.0, 0.0, 0.0, 0.0, 0.0, 0.0, 0.0, 0.0, 0.0, 0.0, 0.0, 0.0, 0.0, 
0.0, 0.0, 0.0, 0.0, 0.0, 0.0, 0.0, 0.0, 0.0, 0.0, 0.0, 0.0, 0.0, 0.0, 0.0, 0.0, 0.0, 0.0, 0.0, 0.0, 0.0, 0.0, 0.0, 0.0, 0.0, 0.0, 0.0, 0.0, 0.0, 0.0, 
0.0, 0.0, 0.0, 0.0, 0.0, 0.0, 0.0, 0.0, 0.0, 0.0, 0.0, 0.0, 0.0, 0.0, 0.0, 0.0, 0.0, 0.0, 0.0, 0.0, 0.0, 0.0, 0.0, 0.0, 0.0, 0.0, 0.0, 0.0, 0.0, 0.0, 
2.1616613564252868E-4, 0.0, 4.1882702738172306E-4, 0.0, 0.004602916840539217, 527.1939824897502, 0.0, 369.22645634542516, 0.0, 0.0, 350.02498590290674, 0.0, 0.0, 0.0, 0.0, 0.0, 0.0, 0.0, 0.0, 0.0, 0.0, 0.0, 0.0, 0.0, 7.292289745569206, 3.35809091741158E-4, 0.0, 0.002644996183874397, 0.0, 593.8871890716465, 
0.0, 0.0, 0.0, 0.0, 0.0, 0.0, 0.0, 0.0, 0.0, 0.0, 0.0, 0.0, 0.0, 0.0, 0.0, 0.0, 0.0, 0.0, 0.0, 0.0, 0.0, 0.0, 0.0, 0.0, 0.0, 0.0, 0.0, 0.0, 0.0, 0.0, 
0.0016742553461135934, 0.0, 6.899018628502305E-5, 0.0, 6.338126873812267E-4, 269.2908760098918, 0.0, 109.2160541834814, 0.0, 0.0, 30.03324588292472, 0.0, 0.0, 0.0, 0.0, 0.0, 0.0, 0.0, 0.0, 0.003959818961431205, 0.0, 0.0, 0.0, 0.0, 0.006065465277850674, 1.2027920384563703E-4, 0.0, 5.855233484976895E-4, 0.0, 116.70363763941025, 
0.0, 0.0, 0.0, 0.0, 0.0, 0.0, 0.0, 0.0, 0.0, 0.0, 0.0, 0.0, 0.0, 0.0, 0.0, 0.0, 0.0, 0.0, 0.0, 0.0, 0.0, 0.0, 0.0, 0.0, 0.0, 0.0, 0.0, 0.0, 0.0, 0.0, 
0.0, 0.0, 0.0, 0.0, 0.0, 0.0, 0.0, 0.0, 0.0, 0.0, 0.0, 0.0, 0.0, 0.0, 0.0, 0.0, 0.0, 0.0, 0.0, 0.0, 0.0, 0.0, 0.0, 0.0, 0.0, 0.0, 0.0, 0.0, 0.0, 0.0, 
0.0, 0.0, 0.0, 0.0, 0.0, 0.0, 0.0, 0.0, 0.0, 0.0, 0.0, 0.0, 0.0, 0.0, 0.0, 0.0, 0.0, 0.0, 0.0, 0.0, 0.0, 0.0, 0.0, 0.0, 0.0, 0.0, 0.0, 0.0, 0.0, 0.0, 
0.0, 0.0, 0.0, 0.0, 0.0, 0.0, 0.0, 0.0, 0.0, 0.0, 0.0, 0.0, 0.0, 0.0, 0.0, 0.0, 0.0, 0.0, 0.0, 0.0, 0.0, 0.0, 0.0, 0.0, 0.0, 0.0, 0.0, 0.0, 0.0, 0.0, 
0.0011801137129597125, 0.0, 0.0, 0.0, 0.0, 54.25496758872413, 0.0, 9.69513526533849, 67.76994622227531, 0.0, 89.07819709113765, 0.047492179871761735, 0.0, 0.0, 0.0, 0.0, 0.0, 0.0, 0.0, 0.0, 0.0, 0.0, 0.0, 0.0, 294.4239097851683, 6.748498505684873E-4, 0.0, 0.0, 0.0, 0.01736889869074587, 
0.0, 0.0, 599.8008619363682, 0.0, 0.0, 82.09208954662334, 0.0, 67.06812163621717, 141.8879199703257, 0.0, 48.51227014208334, 0.0, 0.0, 0.0, 0.0, 0.0, 0.0, 0.0, 0.0, 0.0, 0.0, 0.0, 0.0, 0.0, 42.209617423773764, 5.020004273943024E-4, 0.0, 0.00173904810200643, 0.0, 67.13496807493834, 
207.05547550700172, 0.0, 0.0, 0.0, 0.0, 115.97192150361032, 0.0, 139.3976565030513, 0.0, 0.0, 118.47734106258048, 57.628035720526704, 0.0, 0.0, 0.0, 0.0, 0.0, 0.0, 0.0, 0.0, 0.0, 0.0, 0.0, 0.0, 982.8650531908837, 85.89386544546792, 0.0, 9.179840383003913E-5, 0.0, 152.90783454957722, 
78.31868723844775, 0.0, 210.55413859882142, 0.0, 284.6334377345625, 0.22111226774826728, 0.0, 83.28750219584015, 0.003417373399774876, 0.0, 0.004688737479580188, 0.0027092426011506585, 59.954183370604724, 0.0, 57.63335683117652, 0.0, 0.0, 0.0, 0.0, 271.86026088684264, 0.0, 0.0, 0.0, 0.0, 0.0, 0.0, 0.0, 0.00181798600618661, 0.0, 0.0, 
0.0, 0.0, 0.0, 0.0, 0.0, 0.0, 0.0, 0.0, 0.0, 0.0, 0.0, 0.0, 0.0, 0.0, 0.0, 0.0, 0.0, 0.0, 0.0, 0.0, 0.0, 0.0, 0.0, 0.0, 0.0, 0.0, 0.0, 0.0, 0.0, 0.0, 
1.6513850777825298E-5, 0.0, 5.907251895413322E-5, 0.0, 1.2376473185979881E-4, 3.7362546468148035E-5, 0.0, 6.85246924276521E-5, 1117.5344378530763, 0.0, 0.0, 1.6324192661996777E-5, 5.886290220004975E-5, 0.0, 5.295934328195373E-5, 0.0, 0.0, 0.0, 0.0, 3.054694869234507E-4, 0.0, 0.0, 0.0, 0.0, 0.0, 0.0, 0.0, 8.804895117899194E-4, 0.0, 2.567599808330921E-5, 
148.66438464401, 0.0, 420.54148000219715, 0.0, 129.70539806789253, 331.97784151332087, 0.0, 341.6639607067509, 187.0230838096535, 0.0, 0.004961065173849049, 116.86270469541991, 59.248772393580516, 0.0, 89.38595548323796, 0.0, 0.0, 232.40957207847197, 0.0, 255.5387989936725, 0.0, 0.0, 0.0, 0.0, 0.0, 0.0, 0.0, 141.88808886943178, 0.0, 5.941169962188303E-4, 
0.0, 0.0, 0.0, 0.0, 3.37273738920932E-4, 1.428721340057187E-4, 0.0, 188.94044252902057, 3.319881848435677, 0.0, 0.0, 21.991488425363872, 105.93917108972904, 0.0, 0.0, 0.0, 0.0, 202.41725828310558, 0.0, 0.0026757061805690718, 0.0, 0.0, 0.0, 0.0, 0.0, 0.0, 0.0, 0.0, 0.0, 0.0065437291903405505, 
8.754414976921258E-4, 0.0, 336.62567594476013, 0.0, 0.0, 0.0, 0.0, 0.0, 173.14038502171113, 0.0, 467.0680935692641, 0.0, 0.0, 0.0, 0.0, 0.0, 0.0, 0.0, 0.0, 31.113322560430678, 0.0, 0.0, 0.0, 0.0, 382.41125616956106, 0.0, 0.0, 4.8505341051064093E-4, 0.0, 5.1758935446795E12, 
294.0736839865302, 0.0, 2.4702449756280783E-4, 0.0, 0.0, 157.84710664734777, 0.0, 63.4161216139204, 0.0, 0.0, 0.0, 157.2922951394633, 140.02464316549083, 0.0, 93.39372313650965, 0.0, 0.0, 6.043701338236913E-4, 0.0, 1.8817725903222333, 0.0, 0.0, 0.0, 0.0, 623.3678719644736, 0.0, 0.0, 0.0, 0.0, 0.0, 
