0.0, 0.0, 0.0, 0.0, 0.0, 0.0, 0.0, 0.0, 0.0, 0.0, 0.0, 0.0, 0.0, 0.0, 0.0, 0.0, 0.0, 0.0, 0.0, 0.0, 0.0, 0.0, 0.0, 0.0, 0.0, 0.0, 0.0, 0.0, 0.0, 0.0, 
0.0, 0.0, 0.0, 0.0, 0.0, 0.0, 0.0, 11.687175818459503, 57.85786517867775, 0.0, 154.72055907147413, 66.14477728632174, 144.2562888756244, 0.0, 0.0, 0.0, 0.0, 17.247068367838622, 0.0, 205.34780331783762, 0.0, 0.0, 0.0, 0.0, 1.6146331241950629, 1.9075066984212004, 0.0, 94.66800350261359, 0.0, 110.98890219735608, 
0.0, 0.0, 0.0, 0.0, 0.0, 0.0, 0.0, 0.0, 0.0, 0.0, 0.0, 0.0, 0.0, 0.0, 0.0, 0.0, 0.0, 0.0, 0.0, 0.0, 0.0, 0.0, 0.0, 0.0, 0.0, 0.0, 0.0, 0.0, 0.0, 0.0, 
0.0, 0.0, 0.0, 0.0, 0.0, 0.0, 0.0, 22.347534202309237, 44.967780095390694, 0.0, 21.652216315537743, 21.71527089649345, 17.18574335930565, 0.0, 0.0, 0.0, 0.0, 65.47361759046353, 0.0, 213.18483746761666, 0.0, 0.0, 0.0, 0.0, 0.0, 303.18111319067833, 0.0, 9.519976839015667, 0.0, 24.03999372851873, 
0.0, 0.0, 0.0, 0.0, 0.0, 0.0, 0.0, 29.625052480764303, 3.3484100928119416, 0.0, 33.153519091901664, 6.117398816288081, 29.498255613618483, 0.0, 19.7792944327408, 0.0, 0.0, 1.9976971698824906, 0.0, 12.508319154330719, 0.0, 0.0, 0.0, 0.0, 58.44104156069548, 30.773896645542035, 0.0, 0.0, 0.0, 6.608151443000465, 
0.0, 0.0, 0.0, 0.0, 0.0, 0.0, 0.0, 0.0, 0.0, 0.0, 0.0, 0.0, 0.0, 0.0, 0.0, 0.0, 0.0, 0.0, 0.0, 0.0, 0.0, 0.0, 0.0, 0.0, 0.0, 0.0, 0.0, 0.0, 0.0, 0.0, 
0.0, 0.0, 0.0, 0.0, 0.0, 0.0, 0.0, 208.88403107876704, 76.8987170525641, 0.0, 31.66161468029331, 34.38862132953355, 253.79164314007417, 0.0, 156.40517595038818, 0.0, 0.0, 0.0, 0.0, 119.23606056034788, 0.0, 0.0, 0.0, 0.0, 750.9078829286332, 166.90127113991028, 0.0, 57.19685742819559, 0.0, 38.4885905693899, 
11.335232374185807, 0.0, 1.8130530805966059, 0.0, 0.0, 68.1066531562083, 0.0, 0.0, 360.475275414992, 0.0, 172.24889344799354, 83.58814244417789, 112.3849159295957, 0.0, 0.0, 0.0, 0.0, 5.024884688762119, 0.0, 34.91923138160193, 0.0, 0.0, 0.0, 0.0, 2.5696618142232635, 10.653685615412275, 0.0, 12.63886508822009, 0.0, 434.5632808300681, 
338.10734494716314, 0.0, 0.5572557255667598, 0.0, 0.0, 352.9876477240308, 0.0, 0.0, 0.0, 0.0, 0.0, 96.2416976934281, 94.34674899461031, 0.0, 48.07139582886652, 0.0, 0.0, 2.262715378081465, 0.0, 8.876242381479173, 0.0, 0.0, 0.0, 0.0, 494.2229697215474, 165.9856521516098, 0.0, 29.41539472938283, 0.0, 0.0, 
322.8476708228133, 0.0, 3.0861326741085895, 0.0, 25.34505057418861, 187.0044862126095, 0.0, 153.58397741158805, 0.0, 0.0, 0.0, 150.53153333915785, 1029.0754010671185, 0.0, 356.0514550188888, 0.0, 0.0, 0.0, 0.0, 21.93111643918223, 0.0, 0.0, 0.0, 0.0, 201.75216667323036, 0.0, 0.0, 6.723782283790469, 0.0, 0.0, 
0.0, 0.0, 0.0, 0.0, 0.0, 0.0, 0.0, 0.0, 0.0, 0.0, 0.0, 0.0, 0.0, 0.0, 0.0, 0.0, 0.0, 0.0, 0.0, 0.0, 0.0, 0.0, 0.0, 0.0, 0.0, 0.0, 0.0, 0.0, 0.0, 0.0, 
0.0, 0.0, 0.0, 0.0, 0.0, 0.0, 0.0, 0.0, 0.0, 0.0, 0.0, 0.0, 0.0, 0.0, 0.0, 0.0, 0.0, 0.0, 0.0, 0.0, 0.0, 0.0, 0.0, 0.0, 0.0, 0.0, 0.0, 0.0, 0.0, 0.0, 
0.0, 0.0, 0.0, 0.0, 0.0, 0.0, 0.0, 0.0, 0.0, 0.0, 0.0, 0.0, 0.0, 0.0, 0.0, 0.0, 0.0, 0.0, 0.0, 0.0, 0.0, 0.0, 0.0, 0.0, 0.0, 0.0, 0.0, 0.0, 0.0, 0.0, 
6.4399373778549345, 0.0, 7.668516629586665, 0.0, 21.25616574274735, 346.9176035530643, 0.0, 473.934872854375, 0.0, 0.0, 368.7504543652685, 0.0, 0.0, 0.0, 0.0, 0.0, 0.0, 0.0, 0.0, 0.0, 0.0, 0.0, 0.0, 0.0, 53.95012473409735, 2.2035083923099568, 0.0, 15.102486798155066, 0.0, 548.8914451541544, 
0.0, 0.0, 0.0, 0.0, 0.0, 0.0, 0.0, 0.0, 0.0, 0.0, 0.0, 0.0, 0.0, 0.0, 0.0, 0.0, 0.0, 0.0, 0.0, 0.0, 0.0, 0.0, 0.0, 0.0, 0.0, 0.0, 0.0, 0.0, 0.0, 0.0, 
0.9565260340805241, 0.0, 7.7866057979635785, 0.0, 1.3636310583984448, 183.67468531218236, 0.0, 77.10677307784579, 0.0, 0.0, 156.56781761834176, 0.0, 0.0, 0.0, 0.0, 0.0, 0.0, 0.0, 0.0, 9.352093837979124, 0.0, 0.0, 0.0, 0.0, 58.78578463953037, 0.5264549263535772, 0.0, 3.2349743953214176, 0.0, 167.15599066925913, 
0.0, 0.0, 0.0, 0.0, 0.0, 0.0, 0.0, 0.0, 0.0, 0.0, 0.0, 0.0, 0.0, 0.0, 0.0, 0.0, 0.0, 0.0, 0.0, 0.0, 0.0, 0.0, 0.0, 0.0, 0.0, 0.0, 0.0, 0.0, 0.0, 0.0, 
0.0, 0.0, 0.0, 0.0, 0.0, 0.0, 0.0, 0.0, 0.0, 0.0, 0.0, 0.0, 0.0, 0.0, 0.0, 0.0, 0.0, 0.0, 0.0, 0.0, 0.0, 0.0, 0.0, 0.0, 0.0, 0.0, 0.0, 0.0, 0.0, 0.0, 
0.0, 0.0, 0.0, 0.0, 0.0, 0.0, 0.0, 0.0, 0.0, 0.0, 0.0, 0.0, 0.0, 0.0, 0.0, 0.0, 0.0, 0.0, 0.0, 0.0, 0.0, 0.0, 0.0, 0.0, 0.0, 0.0, 0.0, 0.0, 0.0, 0.0, 
0.0, 0.0, 0.0, 0.0, 0.0, 0.0, 0.0, 0.0, 0.0, 0.0, 0.0, 0.0, 0.0, 0.0, 0.0, 0.0, 0.0, 0.0, 0.0, 0.0, 0.0, 0.0, 0.0, 0.0, 0.0, 0.0, 0.0, 0.0, 0.0, 0.0, 
1.6879366831240428, 0.0, 0.0, 0.0, 0.0, 110.3828269972007, 0.0, 50.173715075801795, 10.874613271221047, 0.0, 101.87773619547174, 19.270427778175744, 0.0, 0.0, 0.0, 0.0, 0.0, 0.0, 0.0, 0.0, 0.0, 0.0, 0.0, 0.0, 162.27667300471109, 1.4865030955802783, 0.0, 0.0, 0.0, 40.320734341651566, 
0.0, 0.0, 521.736584825794, 0.0, 0.0, 90.18383626712543, 0.0, 95.7338328069076, 35.32104500527416, 0.0, 34.04853328795215, 0.0, 0.0, 0.0, 0.0, 0.0, 0.0, 0.0, 0.0, 0.0, 0.0, 0.0, 0.0, 0.0, 234.95460312926275, 1.4665233207060568, 0.0, 19.099108636733853, 0.0, 51.221075548937286, 
343.5740788848033, 0.0, 0.0, 0.0, 0.0, 185.54983370376675, 0.0, 71.88208038160177, 0.0, 0.0, 134.73494395184593, 66.35257384543553, 0.0, 0.0, 0.0, 0.0, 0.0, 0.0, 0.0, 0.0, 0.0, 0.0, 0.0, 0.0, 802.8298024832841, 113.45136921608209, 0.0, 4.893214044299411, 0.0, 170.3857164483695, 
75.03798762820597, 0.0, 303.29538701403, 0.0, 198.29887414836247, 1.0988718637465924, 0.0, 83.58516825501324, 10.33719452202686, 0.0, 15.453858436384666, 34.83336040559973, 67.2326681580993, 0.0, 45.63955183388488, 0.0, 0.0, 0.0, 0.0, 185.9021236525777, 0.0, 0.0, 0.0, 0.0, 0.0, 0.0, 0.0, 8.555682014182317, 0.0, 0.0, 
0.0, 0.0, 0.0, 0.0, 0.0, 0.0, 0.0, 0.0, 0.0, 0.0, 0.0, 0.0, 0.0, 0.0, 0.0, 0.0, 0.0, 0.0, 0.0, 0.0, 0.0, 0.0, 0.0, 0.0, 0.0, 0.0, 0.0, 0.0, 0.0, 0.0, 
0.4921438949509665, 0.0, 0.4866777681867551, 0.0, 0.4233148684328465, 0.20918651525307932, 0.0, 0.5567276255375536, 1094.5171065689474, 0.0, 0.0, 0.22276524904890743, 0.2688810672155489, 0.0, 0.3379070296268157, 0.0, 0.0, 0.0, 0.0, 0.004188047466691991, 0.0, 0.0, 0.0, 0.0, 0.0, 0.0, 0.0, 18.17747277849317, 0.0, 0.7603174644659926, 
165.70542613531757, 0.0, 437.60841081784173, 0.0, 170.27578932749947, 249.28440519007108, 0.0, 283.9706438020636, 67.65246488337745, 0.0, 79.22887851430761, 58.92403812773106, 44.06042408667167, 0.0, 110.45966268606074, 0.0, 0.0, 82.38429854758755, 0.0, 351.4917898063785, 0.0, 0.0, 0.0, 0.0, 0.0, 0.0, 0.0, 182.28009082118578, 0.0, 176.68720158333798, 
0.0, 0.0, 0.0, 0.0, 2.343239820970042, 5.990008811413528, 0.0, 119.12503976432576, 28.199617449253513, 0.0, 0.0, 33.549005661677604, 39.07902968306815, 0.0, 0.0, 0.0, 0.0, 197.63409165547822, 0.0, 33.09424154795722, 0.0, 0.0, 0.0, 0.0, 0.0, 0.0, 0.0, 0.0, 0.0, 66.80525870609397, 
9.416229242753726, 0.0, 251.54816144767705, 0.0, 0.0, 0.0, 0.0, 0.0, 135.99096208584672, 0.0, 193.44536536994423, 0.0, 0.0, 0.0, 0.0, 0.0, 0.0, 0.0, 0.0, 25.30556439518342, 0.0, 0.0, 0.0, 0.0, 399.7778886847697, 0.0, 0.0, 16.513374610260552, 0.0, 106.57879308197113, 
253.23952946073132, 0.0, 5.803568880276671, 0.0, 0.0, 92.61005052242916, 0.0, 87.49083971112744, 0.0, 0.0, 0.0, 104.52105423107244, 243.05066852865784, 0.0, 73.11516193628763, 0.0, 0.0, 12.350812173003295, 0.0, 7.334129560201755, 0.0, 0.0, 0.0, 0.0, 216.2359100076734, 0.0, 0.0, 0.0, 0.0, 0.0, 
