0.0, 0.0, 0.0, 0.0, 0.0, 0.0, 0.0, 0.0, 0.0, 0.0, 0.0, 0.0, 0.0, 0.0, 0.0, 0.0, 0.0, 0.0, 0.0, 0.0, 0.0, 0.0, 0.0, 0.0, 0.0, 0.0, 0.0, 0.0, 0.0, 0.0, 
0.0, 0.0, 0.0, 0.0, 0.0, 0.0, 0.0, 41.02684436447441, 138.0531932815867, 0.0, 80.23098133517237, 26.987726345980974, 131.2068212253054, 0.0, 0.0, 0.0, 0.0, 31.72701651114773, 0.0, 165.48847560269232, 0.0, 0.0, 0.0, 0.0, 9.263020958518002, 2.3079198774333674, 0.0, 97.04554128710049, 0.0, 126.14853814302957, 
0.0, 0.0, 0.0, 0.0, 0.0, 0.0, 0.0, 0.0, 0.0, 0.0, 0.0, 0.0, 0.0, 0.0, 0.0, 0.0, 0.0, 0.0, 0.0, 0.0, 0.0, 0.0, 0.0, 0.0, 0.0, 0.0, 0.0, 0.0, 0.0, 0.0, 
0.0, 0.0, 0.0, 0.0, 0.0, 0.0, 0.0, 22.582019586849707, 18.607704733256544, 0.0, 19.992809047903496, 40.285246548733085, 22.206696070779127, 0.0, 0.0, 0.0, 0.0, 35.81382435161881, 0.0, 265.73702346265355, 0.0, 0.0, 0.0, 0.0, 0.0, 289.3157650559111, 0.0, 14.979591401751328, 0.0, 25.40123074007036, 
0.0, 0.0, 0.0, 0.0, 0.0, 0.0, 0.0, 15.183232866916875, 19.586028449215796, 0.0, 35.05912812911351, 2.265280686265949, 16.551101281904906, 0.0, 9.186227824858669, 0.0, 0.0, 12.166702268740677, 0.0, 23.801616400422702, 0.0, 0.0, 0.0, 0.0, 13.109816440943455, 23.41472130165941, 0.0, 0.0, 0.0, 38.41216615446931, 
0.0, 0.0, 0.0, 0.0, 0.0, 0.0, 0.0, 0.0, 0.0, 0.0, 0.0, 0.0, 0.0, 0.0, 0.0, 0.0, 0.0, 0.0, 0.0, 0.0, 0.0, 0.0, 0.0, 0.0, 0.0, 0.0, 0.0, 0.0, 0.0, 0.0, 
0.0, 0.0, 0.0, 0.0, 0.0, 0.0, 0.0, 152.82448220302825, 74.64750944417034, 0.0, 60.94332421404286, 25.62568209084981, 152.54225914637038, 0.0, 195.58025056010445, 0.0, 0.0, 0.0, 0.0, 47.42325669725187, 0.0, 0.0, 0.0, 0.0, 758.1064595231287, 202.62350239610973, 0.0, 30.496743715436956, 0.0, 177.99350772676007, 
29.55666110857308, 0.0, 18.15234639333145, 0.0, 0.0, 80.23502940648564, 0.0, 0.0, 202.78574652088443, 0.0, 221.89644629992793, 88.47004420608054, 211.66951281319314, 0.0, 0.0, 0.0, 0.0, 18.751427804291122, 0.0, 32.108301433059864, 0.0, 0.0, 0.0, 0.0, 21.218438071143886, 3.1533691377117634, 0.0, 41.34512723956556, 0.0, 333.1443659002929, 
355.37784205566004, 0.0, 26.17872907161746, 0.0, 0.0, 260.4434624845945, 0.0, 0.0, 0.0, 0.0, 0.0, 145.22454380201808, 95.64419242342235, 0.0, 18.44385393786162, 0.0, 0.0, 7.348809931097723, 0.0, 21.99967993961277, 0.0, 0.0, 0.0, 0.0, 531.5618411967059, 100.64358503563808, 0.0, 19.007080053567627, 0.0, 0.0, 
230.89209258369007, 0.0, 13.368989674526441, 0.0, 8.435309308650016, 202.1749707310798, 0.0, 109.41353469946873, 0.0, 0.0, 0.0, 71.8624078284164, 1028.1111685350986, 0.0, 388.22038762681944, 0.0, 0.0, 0.0, 0.0, 10.80151783384148, 0.0, 0.0, 0.0, 0.0, 394.9381756486695, 0.0, 0.0, 3.631026522369131, 0.0, 0.0, 
0.0, 0.0, 0.0, 0.0, 0.0, 0.0, 0.0, 0.0, 0.0, 0.0, 0.0, 0.0, 0.0, 0.0, 0.0, 0.0, 0.0, 0.0, 0.0, 0.0, 0.0, 0.0, 0.0, 0.0, 0.0, 0.0, 0.0, 0.0, 0.0, 0.0, 
0.0, 0.0, 0.0, 0.0, 0.0, 0.0, 0.0, 0.0, 0.0, 0.0, 0.0, 0.0, 0.0, 0.0, 0.0, 0.0, 0.0, 0.0, 0.0, 0.0, 0.0, 0.0, 0.0, 0.0, 0.0, 0.0, 0.0, 0.0, 0.0, 0.0, 
0.0, 0.0, 0.0, 0.0, 0.0, 0.0, 0.0, 0.0, 0.0, 0.0, 0.0, 0.0, 0.0, 0.0, 0.0, 0.0, 0.0, 0.0, 0.0, 0.0, 0.0, 0.0, 0.0, 0.0, 0.0, 0.0, 0.0, 0.0, 0.0, 0.0, 
8.940241223690832, 0.0, 22.93657499366254, 0.0, 26.365355641852155, 242.7334140119904, 0.0, 517.3985182120588, 0.0, 0.0, 308.5784423111528, 0.0, 0.0, 0.0, 0.0, 0.0, 0.0, 0.0, 0.0, 0.0, 0.0, 0.0, 0.0, 0.0, 36.39574290367601, 7.445776357846334, 0.0, 19.307417010185393, 0.0, 649.2230174446643, 
0.0, 0.0, 0.0, 0.0, 0.0, 0.0, 0.0, 0.0, 0.0, 0.0, 0.0, 0.0, 0.0, 0.0, 0.0, 0.0, 0.0, 0.0, 0.0, 0.0, 0.0, 0.0, 0.0, 0.0, 0.0, 0.0, 0.0, 0.0, 0.0, 0.0, 
3.175896700750954, 0.0, 3.6905471777545276, 0.0, 4.518998980749029, 240.30293513873673, 0.0, 72.82216705358007, 0.0, 0.0, 85.27303037638845, 0.0, 0.0, 0.0, 0.0, 0.0, 0.0, 0.0, 0.0, 14.174846916644011, 0.0, 0.0, 0.0, 0.0, 28.285402243361126, 2.895025718556618, 0.0, 4.045969942656431, 0.0, 189.12978173394947, 
0.0, 0.0, 0.0, 0.0, 0.0, 0.0, 0.0, 0.0, 0.0, 0.0, 0.0, 0.0, 0.0, 0.0, 0.0, 0.0, 0.0, 0.0, 0.0, 0.0, 0.0, 0.0, 0.0, 0.0, 0.0, 0.0, 0.0, 0.0, 0.0, 0.0, 
0.0, 0.0, 0.0, 0.0, 0.0, 0.0, 0.0, 0.0, 0.0, 0.0, 0.0, 0.0, 0.0, 0.0, 0.0, 0.0, 0.0, 0.0, 0.0, 0.0, 0.0, 0.0, 0.0, 0.0, 0.0, 0.0, 0.0, 0.0, 0.0, 0.0, 
0.0, 0.0, 0.0, 0.0, 0.0, 0.0, 0.0, 0.0, 0.0, 0.0, 0.0, 0.0, 0.0, 0.0, 0.0, 0.0, 0.0, 0.0, 0.0, 0.0, 0.0, 0.0, 0.0, 0.0, 0.0, 0.0, 0.0, 0.0, 0.0, 0.0, 
0.0, 0.0, 0.0, 0.0, 0.0, 0.0, 0.0, 0.0, 0.0, 0.0, 0.0, 0.0, 0.0, 0.0, 0.0, 0.0, 0.0, 0.0, 0.0, 0.0, 0.0, 0.0, 0.0, 0.0, 0.0, 0.0, 0.0, 0.0, 0.0, 0.0, 
6.612448403192175, 0.0, 0.0, 0.0, 0.0, 65.88356908651792, 0.0, 35.80056512663163, 71.4724239085068, 0.0, 73.05970104558514, 15.721062635242564, 0.0, 0.0, 0.0, 0.0, 0.0, 0.0, 0.0, 0.0, 0.0, 0.0, 0.0, 0.0, 119.4303914754029, 0.4877213118310877, 0.0, 0.0, 0.0, 46.36970567985302, 
0.0, 0.0, 480.3664993584684, 0.0, 0.0, 82.69659740941681, 0.0, 72.92905928402452, 60.93814550086685, 0.0, 41.37227120351829, 0.0, 0.0, 0.0, 0.0, 0.0, 0.0, 0.0, 0.0, 0.0, 0.0, 0.0, 0.0, 0.0, 281.2657318821158, 20.955628066006337, 0.0, 21.406036148915202, 0.0, 73.1191647325256, 
498.604755422887, 0.0, 0.0, 0.0, 0.0, 224.4121922616988, 0.0, 121.78510161801357, 0.0, 0.0, 53.092607694215886, 81.3082560630645, 0.0, 0.0, 0.0, 0.0, 0.0, 0.0, 0.0, 0.0, 0.0, 0.0, 0.0, 0.0, 700.2590298918504, 101.5939353945339, 0.0, 21.447259114940177, 0.0, 124.00147480100902, 
76.58651234890077, 0.0, 352.81465722752284, 0.0, 129.92243891940652, 57.26849327616336, 0.0, 116.95736002165917, 38.17042666405297, 0.0, 31.483464642735, 34.70904748817531, 60.58149671255182, 0.0, 17.24351120023334, 0.0, 0.0, 0.0, 0.0, 166.03955243700514, 0.0, 0.0, 0.0, 0.0, 0.0, 0.0, 0.0, 19.730396331344078, 0.0, 0.0, 
0.0, 0.0, 0.0, 0.0, 0.0, 0.0, 0.0, 0.0, 0.0, 0.0, 0.0, 0.0, 0.0, 0.0, 0.0, 0.0, 0.0, 0.0, 0.0, 0.0, 0.0, 0.0, 0.0, 0.0, 0.0, 0.0, 0.0, 0.0, 0.0, 0.0, 
2.140087250979497, 0.0, 7.765951624687754, 0.0, 1.7476078219782676, 2.795940008136101, 0.0, 2.970488534398557, 1041.301342787936, 0.0, 0.0, 4.950258682659207, 0.618597787197785, 0.0, 1.026658798565304, 0.0, 0.0, 0.0, 0.0, 3.3413548835583384, 0.0, 0.0, 0.0, 0.0, 0.0, 0.0, 0.0, 44.25493523821089, 0.0, 0.3684227173602885, 
118.75570774359957, 0.0, 444.3527608102661, 0.0, 131.70992160466113, 267.5000529390381, 0.0, 288.462188460193, 59.52615315976345, 0.0, 134.66125141988837, 45.1003082079577, 148.34085058583292, 0.0, 145.63945479277595, 0.0, 0.0, 53.22056587809737, 0.0, 371.16010735054016, 0.0, 0.0, 0.0, 0.0, 0.0, 0.0, 0.0, 110.99738594266817, 0.0, 105.40016482196364, 
0.0, 0.0, 0.0, 0.0, 14.313742027532406, 21.122239576052415, 0.0, 86.47679885119523, 61.03017615081204, 0.0, 0.0, 53.983899399545166, 41.2631332020557, 0.0, 0.0, 0.0, 0.0, 162.67960108150385, 0.0, 41.6120408687496, 0.0, 0.0, 0.0, 0.0, 0.0, 0.0, 0.0, 0.0, 0.0, 11.080518183572362, 
14.133942703997898, 0.0, 203.3275246542002, 0.0, 0.0, 0.0, 0.0, 0.0, 82.07571142018382, 0.0, 389.1639645142711, 0.0, 0.0, 0.0, 0.0, 0.0, 0.0, 0.0, 0.0, 33.021687921989084, 0.0, 0.0, 0.0, 0.0, 314.8535721806975, 0.0, 0.0, 29.001524559272806, 0.0, 518.0638911675074, 
220.34559491825948, 0.0, 24.482133113912315, 0.0, 0.0, 131.96739849668285, 0.0, 118.0633232574843, 0.0, 0.0, 0.0, 146.05380388040473, 120.90425330860883, 0.0, 34.79635208338316, 0.0, 0.0, 13.909857266070775, 0.0, 15.310218469139073, 0.0, 0.0, 0.0, 0.0, 209.00021413376285, 0.0, 0.0, 0.0, 0.0, 0.0, 
