0.0, 0.0, 0.0, 0.0, 0.0, 0.0, 0.0, 0.0, 0.0, 0.0, 0.0, 0.0, 0.0, 0.0, 0.0, 0.0, 0.0, 0.0, 0.0, 0.0, 0.0, 0.0, 0.0, 0.0, 0.0, 0.0, 0.0, 0.0, 0.0, 0.0, 
0.0, 0.0, 0.0, 0.0, 0.0, 0.0, 0.0, 0.0, 137.32391084993188, 0.0, 82.62241347726432, 94.10081680245735, 121.02164467125826, 0.0, 0.0, 0.0, 0.0, 4.742769908849401E-4, 0.0, 267.82388370225783, 0.0, 0.0, 0.0, 0.0, 1.9354089944670328E-5, 7.481698826418382E-5, 0.0, 71.581174553899, 0.0, 92.27279986230455, 
0.0, 0.0, 0.0, 0.0, 0.0, 0.0, 0.0, 0.0, 0.0, 0.0, 0.0, 0.0, 0.0, 0.0, 0.0, 0.0, 0.0, 0.0, 0.0, 0.0, 0.0, 0.0, 0.0, 0.0, 0.0, 0.0, 0.0, 0.0, 0.0, 0.0, 
0.0, 0.0, 0.0, 0.0, 0.0, 0.0, 0.0, 0.5171123287345112, 7.711162658434726E-4, 0.0, 4.039659111762996, 0.01305097998494893, 92.05357662853436, 0.0, 0.0, 0.0, 0.0, 39.27279213245634, 0.0, 338.089128655707, 0.0, 0.0, 0.0, 0.0, 0.0, 258.5777372757404, 0.0, 0.0, 0.0, 0.0, 
0.0, 0.0, 0.0, 0.0, 0.0, 0.0, 0.0, 0.0, 0.0, 0.0, 0.0, 0.0, 0.0, 0.0, 0.0, 0.0, 0.0, 0.0, 0.0, 0.0, 0.0, 0.0, 0.0, 0.0, 0.0, 0.0, 0.0, 0.0, 0.0, 0.0, 
0.0, 0.0, 0.0, 0.0, 0.0, 0.0, 0.0, 0.0, 0.0, 0.0, 0.0, 0.0, 0.0, 0.0, 0.0, 0.0, 0.0, 0.0, 0.0, 0.0, 0.0, 0.0, 0.0, 0.0, 0.0, 0.0, 0.0, 0.0, 0.0, 0.0, 
0.0, 0.0, 0.0, 0.0, 0.0, 0.0, 0.0, 115.5919869022805, 26.2746688648634, 0.0, 57.19380080065881, 52.95864049203735, 48.54172492179638, 0.0, 0.0045049585150406584, 0.0, 0.0, 0.0, 0.0, 94.90227874240846, 0.0, 0.0, 0.0, 0.0, 1287.485468565081, 241.94078560803146, 0.0, 0.0015287559123141746, 0.0, 0.0022825574311751053, 
4.75225634292357E-4, 0.0, 7.124326670918697E-4, 0.0, 0.0, 118.18266041943224, 0.0, 0.0, 284.5637159854228, 0.0, 197.23656774826517, 109.90886344911024, 328.59052364294183, 0.0, 0.0, 0.0, 0.0, 2.4519475164165415E-4, 0.0, 46.540349918768484, 0.0, 0.0, 0.0, 0.0, 0.0012608643292312976, 2.0333834145015253E-4, 0.0, 55.015927010032314, 0.0, 165.97563436922113, 
116.0963968765785, 0.0, 6.977739755157155E-4, 0.0, 0.0, 403.5002134693832, 0.0, 0.0, 0.0, 0.0, 0.0, 129.46828178750835, 128.54876857741618, 0.0, 0.003190447249309799, 0.0, 0.0, 6.756344501672256E-5, 0.0, 0.004273160476300394, 0.0, 0.0, 0.0, 0.0, 534.26751098293, 204.96943610938777, 0.0, 97.93086415790332, 0.0, 0.0, 
159.41442320961022, 0.0, 2.732489562464832E-4, 0.0, 9.795019460991437E-4, 302.92655991442376, 0.0, 146.6662246631574, 0.0, 0.0, 0.0, 81.41113115769802, 1016.5598620059837, 0.0, 471.04699336698354, 0.0, 0.0, 0.0, 0.0, 5.311058078424405E-4, 0.0, 0.0, 0.0, 0.0, 274.08774096931967, 0.0, 0.0, 4.560261212034229E-4, 0.0, 0.0, 
0.0, 0.0, 0.0, 0.0, 0.0, 0.0, 0.0, 0.0, 0.0, 0.0, 0.0, 0.0, 0.0, 0.0, 0.0, 0.0, 0.0, 0.0, 0.0, 0.0, 0.0, 0.0, 0.0, 0.0, 0.0, 0.0, 0.0, 0.0, 0.0, 0.0, 
0.0, 0.0, 0.0, 0.0, 0.0, 0.0, 0.0, 0.0, 0.0, 0.0, 0.0, 0.0, 0.0, 0.0, 0.0, 0.0, 0.0, 0.0, 0.0, 0.0, 0.0, 0.0, 0.0, 0.0, 0.0, 0.0, 0.0, 0.0, 0.0, 0.0, 
0.0, 0.0, 0.0, 0.0, 0.0, 0.0, 0.0, 0.0, 0.0, 0.0, 0.0, 0.0, 0.0, 0.0, 0.0, 0.0, 0.0, 0.0, 0.0, 0.0, 0.0, 0.0, 0.0, 0.0, 0.0, 0.0, 0.0, 0.0, 0.0, 0.0, 
2.78537637483549E-4, 0.0, 1.830300457006904E-4, 0.0, 46.589727274610766, 254.05839836441976, 0.0, 253.65061404677985, 0.0, 0.0, 575.0623644647403, 0.0, 0.0, 0.0, 0.0, 0.0, 0.0, 0.0, 0.0, 0.0, 0.0, 0.0, 0.0, 0.0, 218.154768742205, 4.855412663537812E-4, 0.0, 8.408574227552398E-4, 0.0, 501.6093206441334, 
0.0, 0.0, 0.0, 0.0, 0.0, 0.0, 0.0, 0.0, 0.0, 0.0, 0.0, 0.0, 0.0, 0.0, 0.0, 0.0, 0.0, 0.0, 0.0, 0.0, 0.0, 0.0, 0.0, 0.0, 0.0, 0.0, 0.0, 0.0, 0.0, 0.0, 
4.555291519183669E-4, 0.0, 1.2793623232875478E-4, 0.0, 1.8600904259170737E-4, 197.93559744571402, 0.0, 9.798600524996716E-4, 0.0, 0.0, 100.52126492189079, 0.0, 0.0, 0.0, 0.0, 0.0, 0.0, 0.0, 0.0, 3.16621674567937, 0.0, 0.0, 0.0, 0.0, 185.46672999986458, 8.261408767818246E-5, 0.0, 1.812723409155764E-4, 0.0, 213.5225937776684, 
0.0, 0.0, 0.0, 0.0, 0.0, 0.0, 0.0, 0.0, 0.0, 0.0, 0.0, 0.0, 0.0, 0.0, 0.0, 0.0, 0.0, 0.0, 0.0, 0.0, 0.0, 0.0, 0.0, 0.0, 0.0, 0.0, 0.0, 0.0, 0.0, 0.0, 
0.0, 0.0, 0.0, 0.0, 0.0, 0.0, 0.0, 0.0, 0.0, 0.0, 0.0, 0.0, 0.0, 0.0, 0.0, 0.0, 0.0, 0.0, 0.0, 0.0, 0.0, 0.0, 0.0, 0.0, 0.0, 0.0, 0.0, 0.0, 0.0, 0.0, 
0.0, 0.0, 0.0, 0.0, 0.0, 0.0, 0.0, 0.0, 0.0, 0.0, 0.0, 0.0, 0.0, 0.0, 0.0, 0.0, 0.0, 0.0, 0.0, 0.0, 0.0, 0.0, 0.0, 0.0, 0.0, 0.0, 0.0, 0.0, 0.0, 0.0, 
0.0, 0.0, 0.0, 0.0, 0.0, 0.0, 0.0, 0.0, 0.0, 0.0, 0.0, 0.0, 0.0, 0.0, 0.0, 0.0, 0.0, 0.0, 0.0, 0.0, 0.0, 0.0, 0.0, 0.0, 0.0, 0.0, 0.0, 0.0, 0.0, 0.0, 
1.9937890772268725E-4, 0.0, 0.0, 0.0, 0.0, 70.24508673543987, 0.0, 2.1316426128508743E-4, 87.80249626482217, 0.0, 72.11661880615246, 10.254550617943279, 0.0, 0.0, 0.0, 0.0, 0.0, 0.0, 0.0, 0.0, 0.0, 0.0, 0.0, 0.0, 261.5560985865354, 6.489008706726164E-5, 0.0, 0.0, 0.0, 8.558383558197185, 
0.0, 0.0, 665.9486435942763, 0.0, 0.0, 111.05407253339636, 0.0, 56.99355220249486, 94.48976159109415, 0.0, 67.80580206476186, 0.0, 0.0, 0.0, 0.0, 0.0, 0.0, 0.0, 0.0, 0.0, 0.0, 0.0, 0.0, 0.0, 6.869035089439496E-4, 2.0611413149318754E-4, 0.0, 6.099130076267461E-4, 0.0, 68.53292065555058, 
841.8351499376759, 0.0, 0.0, 0.0, 0.0, 144.68512061756448, 0.0, 224.9960091257927, 0.0, 0.0, 55.683024585507475, 34.30882906690583, 0.0, 0.0, 0.0, 0.0, 0.0, 0.0, 0.0, 0.0, 0.0, 0.0, 0.0, 0.0, 345.9382820507176, 86.6876501089978, 0.0, 4.0359395423793595E-4, 0.0, 125.4795086829526, 
79.37678561220898, 0.0, 231.86748227777284, 0.0, 285.6481626145576, 32.89313657106821, 0.0, 63.94053164345647, 6.935519276671331E-4, 0.0, 0.002631345325958975, 0.001424176621335643, 72.6798097879644, 0.0, 120.66700701549655, 0.0, 0.0, 0.0, 0.0, 167.4123610316509, 0.0, 0.0, 0.0, 0.0, 0.0, 0.0, 0.0, 8.855110077760318E-5, 0.0, 0.0, 
0.0, 0.0, 0.0, 0.0, 0.0, 0.0, 0.0, 0.0, 0.0, 0.0, 0.0, 0.0, 0.0, 0.0, 0.0, 0.0, 0.0, 0.0, 0.0, 0.0, 0.0, 0.0, 0.0, 0.0, 0.0, 0.0, 0.0, 0.0, 0.0, 0.0, 
8.488162762778648E-6, 0.0, 1.2552594113457882E-5, 0.0, 1.209699413684181E-5, 1.7398242951875E-5, 0.0, 9.28706144609189E-6, 1118.212815468158, 0.0, 0.0, 1.9009655943282066E-5, 2.7334137467692614E-5, 0.0, 7.778076536041474E-6, 0.0, 0.0, 0.0, 0.0, 7.0513847485858725E-6, 0.0, 0.0, 0.0, 0.0, 0.0, 0.0, 0.0, 1.223876527813333E-4, 0.0, 3.9454867065986974E-5, 
133.98642769361362, 0.0, 484.2708111505168, 0.0, 142.9761490860367, 226.51769512814883, 0.0, 600.3755875697999, 0.0014169050657945688, 0.0, 149.386005806125, 0.016757958847900975, 7.471088040188392E-4, 0.0, 154.60914301694618, 0.0, 0.0, 45.163582579966004, 0.0, 281.45239514098387, 0.0, 0.0, 0.0, 0.0, 0.0, 0.0, 0.0, 234.84899997260308, 0.0, 5.738500240730776E-4, 
0.0, 0.0, 0.0, 0.0, 2.163517281040162E-5, 3.15250488568845E-5, 0.0, 44.3608896499848, 0.5055655362986345, 0.0, 0.0, 104.595673520854, 27.433860696656343, 0.0, 0.0, 0.0, 0.0, 206.2849957246807, 0.0, 0.0021531449183652906, 0.0, 0.0, 0.0, 0.0, 0.0, 0.0, 0.0, 0.0, 0.0, 140.85722209965328, 
1.2598917675608868E-4, 0.0, 191.73784168126025, 0.0, 0.0, 0.0, 0.0, 0.0, 140.38227474372894, 0.0, 132.0175793543902, 0.0, 0.0, 0.0, 0.0, 0.0, 0.0, 0.0, 0.0, 44.264925175010454, 0.0, 0.0, 0.0, 0.0, 314.6605577529631, 0.0, 0.0, 1.0578440289018934E-4, 0.0, 1.279267769373126E11, 
186.4346728636186, 0.0, 1.5251525766603365E-4, 0.0, 0.0, 31.6798409932891, 0.0, 251.34516035682796, 0.0, 0.0, 0.0, 157.12788033361173, 214.3605037796255, 0.0, 80.90754296721423, 0.0, 0.0, 3.391990243589937E-4, 0.0, 0.1311998316076058, 0.0, 0.0, 0.0, 0.0, 20.806315499211237, 0.0, 0.0, 0.0, 0.0, 0.0, 
