0.0, 0.0, 0.0, 0.0, 0.0, 0.0, 0.0, 0.0, 0.0, 0.0, 0.0, 0.0, 0.0, 0.0, 0.0, 0.0, 0.0, 0.0, 0.0, 0.0, 0.0, 0.0, 0.0, 0.0, 0.0, 0.0, 0.0, 0.0, 0.0, 0.0, 
0.0, 0.0, 0.0, 0.0, 0.0, 0.0, 0.0, 106.7875585835972, 130.35145674372447, 0.0, 158.29913112327125, 26.763884236350965, 121.72454248032751, 0.0, 0.0, 0.0, 0.0, 63.32173272024629, 0.0, 154.37252361776655, 0.0, 0.0, 0.0, 0.0, 11.78341852771241, 17.356678626466433, 0.0, 71.0417608757103, 0.0, 58.03673539469071, 
0.0, 0.0, 0.0, 0.0, 0.0, 0.0, 0.0, 0.0, 0.0, 0.0, 0.0, 0.0, 0.0, 0.0, 0.0, 0.0, 0.0, 0.0, 0.0, 0.0, 0.0, 0.0, 0.0, 0.0, 0.0, 0.0, 0.0, 0.0, 0.0, 0.0, 
0.0, 0.0, 0.0, 0.0, 0.0, 0.0, 0.0, 54.437143144722036, 61.93081908841343, 0.0, 39.441220610774266, 52.54657788904018, 34.43671551457737, 0.0, 0.0, 0.0, 0.0, 83.0937267433315, 0.0, 173.6475739099609, 0.0, 0.0, 0.0, 0.0, 0.0, 318.0481737789225, 0.0, 4.259044820660725, 0.0, 42.30232260257388, 
0.0, 0.0, 0.0, 0.0, 0.0, 0.0, 0.0, 34.71753654567396, 11.938061660106978, 0.0, 25.589210629975845, 17.888157498959696, 9.057023708901188, 0.0, 18.749786218995723, 0.0, 0.0, 25.596742581855466, 0.0, 0.9927341668427694, 0.0, 0.0, 0.0, 0.0, 66.92672565743518, 6.783501391401048, 0.0, 0.0, 0.0, 59.705539581286466, 
0.0, 0.0, 0.0, 0.0, 0.0, 0.0, 0.0, 0.0, 0.0, 0.0, 0.0, 0.0, 0.0, 0.0, 0.0, 0.0, 0.0, 0.0, 0.0, 0.0, 0.0, 0.0, 0.0, 0.0, 0.0, 0.0, 0.0, 0.0, 0.0, 0.0, 
0.0, 0.0, 0.0, 0.0, 0.0, 0.0, 0.0, 73.60604913766969, 170.18258311192167, 0.0, 67.86152139315588, 49.36163198624927, 164.64913570101214, 0.0, 68.00175920953335, 0.0, 0.0, 0.0, 0.0, 16.88295011578498, 0.0, 0.0, 0.0, 0.0, 927.0559798539125, 233.269074812243, 0.0, 35.57809684521554, 0.0, 146.7894359985395, 
37.706181066721605, 0.0, 17.429925569445917, 0.0, 0.0, 46.6878816858807, 0.0, 0.0, 176.57778342563563, 0.0, 167.65430586850835, 41.75064213920923, 233.72365012225666, 0.0, 0.0, 0.0, 0.0, 42.99279457712417, 0.0, 107.0278600224048, 0.0, 0.0, 0.0, 0.0, 28.488243623122443, 3.296558711849576, 0.0, 23.24217781283442, 0.0, 339.33548581751955, 
329.1296419631568, 0.0, 62.902360790398646, 0.0, 0.0, 379.67181207780203, 0.0, 0.0, 0.0, 0.0, 0.0, 168.81298475942725, 88.88797313405571, 0.0, 67.44519785481309, 0.0, 0.0, 16.793444063724174, 0.0, 34.75088926018321, 0.0, 0.0, 0.0, 0.0, 471.34776533781985, 55.884595303800594, 0.0, 17.299678315944284, 0.0, 0.0, 
259.42577891475133, 0.0, 16.499596488367427, 0.0, 36.4859440878507, 111.55167312271215, 0.0, 161.22128805597296, 0.0, 0.0, 0.0, 74.57098025658493, 971.5172706096967, 0.0, 437.7661916521461, 0.0, 0.0, 0.0, 0.0, 14.50003806651613, 0.0, 0.0, 0.0, 0.0, 301.77597136164025, 0.0, 0.0, 3.4780159445323564, 0.0, 0.0, 
0.0, 0.0, 0.0, 0.0, 0.0, 0.0, 0.0, 0.0, 0.0, 0.0, 0.0, 0.0, 0.0, 0.0, 0.0, 0.0, 0.0, 0.0, 0.0, 0.0, 0.0, 0.0, 0.0, 0.0, 0.0, 0.0, 0.0, 0.0, 0.0, 0.0, 
0.0, 0.0, 0.0, 0.0, 0.0, 0.0, 0.0, 0.0, 0.0, 0.0, 0.0, 0.0, 0.0, 0.0, 0.0, 0.0, 0.0, 0.0, 0.0, 0.0, 0.0, 0.0, 0.0, 0.0, 0.0, 0.0, 0.0, 0.0, 0.0, 0.0, 
0.0, 0.0, 0.0, 0.0, 0.0, 0.0, 0.0, 0.0, 0.0, 0.0, 0.0, 0.0, 0.0, 0.0, 0.0, 0.0, 0.0, 0.0, 0.0, 0.0, 0.0, 0.0, 0.0, 0.0, 0.0, 0.0, 0.0, 0.0, 0.0, 0.0, 
3.575618367677661, 0.0, 47.21409824285181, 0.0, 35.81847894464445, 391.43611196037864, 0.0, 550.1723555262294, 0.0, 0.0, 257.8838158837403, 0.0, 0.0, 0.0, 0.0, 0.0, 0.0, 0.0, 0.0, 0.0, 0.0, 0.0, 0.0, 0.0, 2.744452833509799, 1.9379405436452233, 0.0, 16.49223799124374, 0.0, 603.3873645872288, 
0.0, 0.0, 0.0, 0.0, 0.0, 0.0, 0.0, 0.0, 0.0, 0.0, 0.0, 0.0, 0.0, 0.0, 0.0, 0.0, 0.0, 0.0, 0.0, 0.0, 0.0, 0.0, 0.0, 0.0, 0.0, 0.0, 0.0, 0.0, 0.0, 0.0, 
35.77176959246965, 0.0, 9.453580499163525, 0.0, 7.3537406722621075, 145.62800643433332, 0.0, 83.43249851429005, 0.0, 0.0, 61.514457448033866, 0.0, 0.0, 0.0, 0.0, 0.0, 0.0, 0.0, 0.0, 1.2877696294160135, 0.0, 0.0, 0.0, 0.0, 55.99632463629317, 17.955169953697375, 0.0, 8.480764188875947, 0.0, 176.41769947269412, 
0.0, 0.0, 0.0, 0.0, 0.0, 0.0, 0.0, 0.0, 0.0, 0.0, 0.0, 0.0, 0.0, 0.0, 0.0, 0.0, 0.0, 0.0, 0.0, 0.0, 0.0, 0.0, 0.0, 0.0, 0.0, 0.0, 0.0, 0.0, 0.0, 0.0, 
0.0, 0.0, 0.0, 0.0, 0.0, 0.0, 0.0, 0.0, 0.0, 0.0, 0.0, 0.0, 0.0, 0.0, 0.0, 0.0, 0.0, 0.0, 0.0, 0.0, 0.0, 0.0, 0.0, 0.0, 0.0, 0.0, 0.0, 0.0, 0.0, 0.0, 
0.0, 0.0, 0.0, 0.0, 0.0, 0.0, 0.0, 0.0, 0.0, 0.0, 0.0, 0.0, 0.0, 0.0, 0.0, 0.0, 0.0, 0.0, 0.0, 0.0, 0.0, 0.0, 0.0, 0.0, 0.0, 0.0, 0.0, 0.0, 0.0, 0.0, 
0.0, 0.0, 0.0, 0.0, 0.0, 0.0, 0.0, 0.0, 0.0, 0.0, 0.0, 0.0, 0.0, 0.0, 0.0, 0.0, 0.0, 0.0, 0.0, 0.0, 0.0, 0.0, 0.0, 0.0, 0.0, 0.0, 0.0, 0.0, 0.0, 0.0, 
33.63273413504446, 0.0, 0.0, 0.0, 0.0, 121.66015332477289, 0.0, 32.58456674012312, 21.893690329652557, 0.0, 107.11851424781625, 57.99527005030665, 0.0, 0.0, 0.0, 0.0, 0.0, 0.0, 0.0, 0.0, 0.0, 0.0, 0.0, 0.0, 99.47574220311569, 10.584630778717521, 0.0, 0.0, 0.0, 26.353087687469387, 
0.0, 0.0, 423.8818479663971, 0.0, 0.0, 124.14513515246928, 0.0, 93.65550605068603, 12.386835701578581, 0.0, 40.43152911331865, 0.0, 0.0, 0.0, 0.0, 0.0, 0.0, 0.0, 0.0, 0.0, 0.0, 0.0, 0.0, 0.0, 280.06970977373857, 6.024349970684187, 0.0, 39.34430050852061, 0.0, 72.25996119980678, 
446.2174061752479, 0.0, 0.0, 0.0, 0.0, 151.70892330622112, 0.0, 70.77513079703147, 0.0, 0.0, 73.90228292421392, 108.2212460432954, 0.0, 0.0, 0.0, 0.0, 0.0, 0.0, 0.0, 0.0, 0.0, 0.0, 0.0, 0.0, 728.120799887274, 109.786272820438, 0.0, 53.30834185403482, 0.0, 143.4939242870883, 
81.71331275911493, 0.0, 259.7634815347075, 0.0, 111.89981807101537, 43.5418655282277, 0.0, 101.66049754273934, 28.591551844486503, 0.0, 48.89790366762174, 16.19940435953926, 43.541248687576505, 0.0, 58.49887071842836, 0.0, 0.0, 0.0, 0.0, 238.07485389062325, 0.0, 0.0, 0.0, 0.0, 0.0, 0.0, 0.0, 17.77011304274554, 0.0, 0.0, 
0.0, 0.0, 0.0, 0.0, 0.0, 0.0, 0.0, 0.0, 0.0, 0.0, 0.0, 0.0, 0.0, 0.0, 0.0, 0.0, 0.0, 0.0, 0.0, 0.0, 0.0, 0.0, 0.0, 0.0, 0.0, 0.0, 0.0, 0.0, 0.0, 0.0, 
6.961566356113129, 0.0, 3.12390245560244, 0.0, 21.620013556010313, 11.237715337335699, 0.0, 10.888240760673197, 1023.3965056543075, 0.0, 0.0, 2.8587514085893737, 9.720669110926776, 0.0, 1.9072505431507993, 0.0, 0.0, 0.0, 0.0, 4.314840192447841, 0.0, 0.0, 0.0, 0.0, 0.0, 0.0, 0.0, 33.75762064668768, 0.0, 1.7544449711990315, 
146.0921161451909, 0.0, 472.650748719242, 0.0, 94.9637383790444, 270.35817015599736, 0.0, 134.64655618122097, 214.09667818923018, 0.0, 52.80727377131864, 20.241353382513747, 138.16253234618355, 0.0, 111.61507768892677, 0.0, 0.0, 125.18678524875635, 0.0, 324.630303041626, 0.0, 0.0, 0.0, 0.0, 0.0, 0.0, 0.0, 170.23493467227303, 0.0, 165.14544869598498, 
0.0, 0.0, 0.0, 0.0, 21.846167962052657, 24.272117731273386, 0.0, 100.9360892750705, 71.80232764021319, 0.0, 0.0, 20.643486416142217, 111.60832724044351, 0.0, 0.0, 0.0, 0.0, 138.5990770633744, 0.0, 22.68192024271636, 0.0, 0.0, 0.0, 0.0, 0.0, 0.0, 0.0, 0.0, 0.0, 96.58668826444725, 
20.229855700390505, 0.0, 102.14017169203177, 0.0, 0.0, 0.0, 0.0, 0.0, 34.3204553759611, 0.0, 380.17093413847476, 0.0, 0.0, 0.0, 0.0, 0.0, 0.0, 0.0, 0.0, 74.68172589369435, 0.0, 0.0, 0.0, 0.0, 279.51153800418973, 0.0, 0.0, 49.533766602580144, 0.0, 97.15985820082608, 
106.72639638416345, 0.0, 69.79892395751398, 0.0, 0.0, 112.96352614526148, 0.0, 181.73331877976005, 0.0, 0.0, 0.0, 33.964979438862954, 139.21980403765897, 0.0, 79.96847418034972, 0.0, 0.0, 32.101785380968074, 0.0, 47.83277446176659, 0.0, 0.0, 0.0, 0.0, 215.87275135623827, 0.0, 0.0, 0.0, 0.0, 0.0, 
