0.0, 0.0, 0.0, 0.0, 0.0, 0.0, 0.0, 0.0, 0.0, 0.0, 0.0, 0.0, 0.0, 0.0, 0.0, 0.0, 0.0, 0.0, 0.0, 0.0, 0.0, 0.0, 0.0, 0.0, 0.0, 0.0, 0.0, 0.0, 0.0, 0.0, 
0.0, 0.0, 0.0, 0.0, 0.0, 0.0, 0.0, 26.26820192813853, 78.67904838134186, 0.0, 149.14928023854296, 98.32841871698731, 82.27313765902025, 0.0, 0.0, 0.0, 0.0, 37.584979223365174, 0.0, 127.15255631534043, 0.0, 0.0, 0.0, 0.0, 71.66408019063054, 2.923236610739441, 0.0, 107.69285816926386, 0.0, 90.259844407897, 
0.0, 0.0, 0.0, 0.0, 0.0, 0.0, 0.0, 0.0, 0.0, 0.0, 0.0, 0.0, 0.0, 0.0, 0.0, 0.0, 0.0, 0.0, 0.0, 0.0, 0.0, 0.0, 0.0, 0.0, 0.0, 0.0, 0.0, 0.0, 0.0, 0.0, 
0.0, 0.0, 0.0, 0.0, 0.0, 0.0, 0.0, 59.02166382773744, 59.436022833187124, 0.0, 12.892889216906227, 27.770099447193008, 54.41982063621975, 0.0, 0.0, 0.0, 0.0, 76.56778671142344, 0.0, 159.28869527826677, 0.0, 0.0, 0.0, 0.0, 0.0, 290.4591232557615, 0.0, 3.4497432652713433, 0.0, 12.990059035005164, 
0.0, 0.0, 0.0, 0.0, 0.0, 0.0, 0.0, 17.63551260894233, 14.174128455892546, 0.0, 10.673829452445863, 23.304565704656607, 27.931839076997964, 0.0, 20.198178794973547, 0.0, 0.0, 4.468643917839799, 0.0, 13.664598899638976, 0.0, 0.0, 0.0, 0.0, 27.919573453185873, 11.92411316380022, 0.0, 0.0, 0.0, 21.10418196482567, 
0.0, 0.0, 0.0, 0.0, 0.0, 0.0, 0.0, 0.0, 0.0, 0.0, 0.0, 0.0, 0.0, 0.0, 0.0, 0.0, 0.0, 0.0, 0.0, 0.0, 0.0, 0.0, 0.0, 0.0, 0.0, 0.0, 0.0, 0.0, 0.0, 0.0, 
0.0, 0.0, 0.0, 0.0, 0.0, 0.0, 0.0, 186.90794169410705, 21.92231007258182, 0.0, 103.33750487488739, 11.637650376425864, 85.64311844329136, 0.0, 158.35300661291592, 0.0, 0.0, 0.0, 0.0, 59.798933035362346, 0.0, 0.0, 0.0, 0.0, 853.4531418071575, 213.5911382623456, 0.0, 17.707996283866077, 0.0, 189.6091071197631, 
18.64864505371434, 0.0, 34.8052614664839, 0.0, 0.0, 72.0573554841817, 0.0, 0.0, 220.62841670672427, 0.0, 112.91291955883732, 89.64807618262704, 137.80415679129874, 0.0, 0.0, 0.0, 0.0, 5.667741360813374, 0.0, 91.75063672152066, 0.0, 0.0, 0.0, 0.0, 35.83837169681232, 6.006775459891804, 0.0, 19.241927024303852, 0.0, 482.2724518327564, 
349.3090287711796, 0.0, 47.61790026460002, 0.0, 0.0, 295.983821309643, 0.0, 0.0, 0.0, 0.0, 0.0, 43.256877382770256, 105.8745347284053, 0.0, 76.53479614067919, 0.0, 0.0, 22.455089339237897, 0.0, 44.015725235889605, 0.0, 0.0, 0.0, 0.0, 382.01771685024676, 118.66712274213569, 0.0, 20.17331825599094, 0.0, 0.0, 
288.6685394499929, 0.0, 21.486451952344297, 0.0, 25.543792260181878, 147.46295376763413, 0.0, 84.96171480348737, 0.0, 0.0, 0.0, 75.50033512855278, 1056.7941585690155, 0.0, 373.7346376967019, 0.0, 0.0, 0.0, 0.0, 57.784744610724296, 0.0, 0.0, 0.0, 0.0, 274.83992878958924, 0.0, 0.0, 6.897733376853055, 0.0, 0.0, 
0.0, 0.0, 0.0, 0.0, 0.0, 0.0, 0.0, 0.0, 0.0, 0.0, 0.0, 0.0, 0.0, 0.0, 0.0, 0.0, 0.0, 0.0, 0.0, 0.0, 0.0, 0.0, 0.0, 0.0, 0.0, 0.0, 0.0, 0.0, 0.0, 0.0, 
0.0, 0.0, 0.0, 0.0, 0.0, 0.0, 0.0, 0.0, 0.0, 0.0, 0.0, 0.0, 0.0, 0.0, 0.0, 0.0, 0.0, 0.0, 0.0, 0.0, 0.0, 0.0, 0.0, 0.0, 0.0, 0.0, 0.0, 0.0, 0.0, 0.0, 
0.0, 0.0, 0.0, 0.0, 0.0, 0.0, 0.0, 0.0, 0.0, 0.0, 0.0, 0.0, 0.0, 0.0, 0.0, 0.0, 0.0, 0.0, 0.0, 0.0, 0.0, 0.0, 0.0, 0.0, 0.0, 0.0, 0.0, 0.0, 0.0, 0.0, 
22.617973796438054, 0.0, 25.940779119720844, 0.0, 18.76270956046919, 355.99932125113355, 0.0, 544.3962945485082, 0.0, 0.0, 540.5530646690045, 0.0, 0.0, 0.0, 0.0, 0.0, 0.0, 0.0, 0.0, 0.0, 0.0, 0.0, 0.0, 0.0, 64.84485574640944, 4.587398400980442, 0.0, 9.147773131917265, 0.0, 269.5382520815117, 
0.0, 0.0, 0.0, 0.0, 0.0, 0.0, 0.0, 0.0, 0.0, 0.0, 0.0, 0.0, 0.0, 0.0, 0.0, 0.0, 0.0, 0.0, 0.0, 0.0, 0.0, 0.0, 0.0, 0.0, 0.0, 0.0, 0.0, 0.0, 0.0, 0.0, 
2.099244405568859, 0.0, 3.9501439357174366, 0.0, 1.2372980988928954, 262.2825722751913, 0.0, 41.50587160157146, 0.0, 0.0, 179.2639294575058, 0.0, 0.0, 0.0, 0.0, 0.0, 0.0, 0.0, 0.0, 17.280306026105045, 0.0, 0.0, 0.0, 0.0, 44.350882864238244, 25.205573372410797, 0.0, 5.587395825524152, 0.0, 71.08929502150458, 
0.0, 0.0, 0.0, 0.0, 0.0, 0.0, 0.0, 0.0, 0.0, 0.0, 0.0, 0.0, 0.0, 0.0, 0.0, 0.0, 0.0, 0.0, 0.0, 0.0, 0.0, 0.0, 0.0, 0.0, 0.0, 0.0, 0.0, 0.0, 0.0, 0.0, 
0.0, 0.0, 0.0, 0.0, 0.0, 0.0, 0.0, 0.0, 0.0, 0.0, 0.0, 0.0, 0.0, 0.0, 0.0, 0.0, 0.0, 0.0, 0.0, 0.0, 0.0, 0.0, 0.0, 0.0, 0.0, 0.0, 0.0, 0.0, 0.0, 0.0, 
0.0, 0.0, 0.0, 0.0, 0.0, 0.0, 0.0, 0.0, 0.0, 0.0, 0.0, 0.0, 0.0, 0.0, 0.0, 0.0, 0.0, 0.0, 0.0, 0.0, 0.0, 0.0, 0.0, 0.0, 0.0, 0.0, 0.0, 0.0, 0.0, 0.0, 
0.0, 0.0, 0.0, 0.0, 0.0, 0.0, 0.0, 0.0, 0.0, 0.0, 0.0, 0.0, 0.0, 0.0, 0.0, 0.0, 0.0, 0.0, 0.0, 0.0, 0.0, 0.0, 0.0, 0.0, 0.0, 0.0, 0.0, 0.0, 0.0, 0.0, 
11.18545142676826, 0.0, 0.0, 0.0, 0.0, 83.645790741984, 0.0, 23.472939009413633, 12.560608447656717, 0.0, 101.53282874903861, 36.574264692551395, 0.0, 0.0, 0.0, 0.0, 0.0, 0.0, 0.0, 0.0, 0.0, 0.0, 0.0, 0.0, 151.52204531791097, 12.834324367152298, 0.0, 0.0, 0.0, 58.356237692002516, 
0.0, 0.0, 392.430953648235, 0.0, 0.0, 91.30140647089691, 0.0, 96.675078035984, 56.34816136823951, 0.0, 37.214234992944704, 0.0, 0.0, 0.0, 0.0, 0.0, 0.0, 0.0, 0.0, 0.0, 0.0, 0.0, 0.0, 0.0, 291.35904849329177, 2.7563438744476585, 0.0, 34.63029464367872, 0.0, 65.86638135746499, 
478.8717499277145, 0.0, 0.0, 0.0, 0.0, 163.76858807361754, 0.0, 88.28046831740392, 0.0, 0.0, 57.451739501875636, 43.87163309365227, 0.0, 0.0, 0.0, 0.0, 0.0, 0.0, 0.0, 0.0, 0.0, 0.0, 0.0, 0.0, 713.470996509559, 99.6644062988156, 0.0, 20.196900203648372, 0.0, 168.3714102787422, 
40.62270472909237, 0.0, 297.86594930566537, 0.0, 168.964245177645, 44.47901822623027, 0.0, 125.42078559909609, 34.474467855848516, 0.0, 29.09890712225868, 78.56038598606754, 76.82963831733771, 0.0, 28.573826590109128, 0.0, 0.0, 0.0, 0.0, 181.11916515014966, 0.0, 0.0, 0.0, 0.0, 0.0, 0.0, 0.0, 17.11851046049665, 0.0, 0.0, 
0.0, 0.0, 0.0, 0.0, 0.0, 0.0, 0.0, 0.0, 0.0, 0.0, 0.0, 0.0, 0.0, 0.0, 0.0, 0.0, 0.0, 0.0, 0.0, 0.0, 0.0, 0.0, 0.0, 0.0, 0.0, 0.0, 0.0, 0.0, 0.0, 0.0, 
0.8686072118258603, 0.0, 2.7893028192628875, 0.0, 3.957196018169636, 6.429439793341185, 0.0, 4.533400529274063, 978.9678252276865, 0.0, 0.0, 5.986204520418774, 5.22587571953949, 0.0, 1.2942686622210147, 0.0, 0.0, 0.0, 0.0, 3.1428470836281863, 0.0, 0.0, 0.0, 0.0, 0.0, 0.0, 0.0, 67.6731828793725, 0.0, 1.6292419589608473, 
186.2885034770298, 0.0, 496.7526258501211, 0.0, 119.86172059766724, 225.15662526727672, 0.0, 231.44147959773747, 186.69661607015843, 0.0, 73.12605662272226, 80.19211184228807, 185.79239467188862, 0.0, 153.4045611131653, 0.0, 0.0, 116.6534027466804, 0.0, 301.1850079472975, 0.0, 0.0, 0.0, 0.0, 0.0, 0.0, 0.0, 109.98514151852844, 0.0, 8.808415185630345, 
0.0, 0.0, 0.0, 0.0, 1.2998835406160112, 13.952359574512078, 0.0, 71.80327608006762, 66.9232418517565, 0.0, 0.0, 57.88273896918781, 41.314365695708496, 0.0, 0.0, 0.0, 0.0, 181.66281869405208, 0.0, 12.261654184635745, 0.0, 0.0, 0.0, 0.0, 0.0, 0.0, 0.0, 0.0, 0.0, 59.66512792404163, 
15.107000416074225, 0.0, 214.3757685733152, 0.0, 0.0, 0.0, 0.0, 0.0, 180.55718178833217, 0.0, 88.59982773811326, 0.0, 0.0, 0.0, 0.0, 0.0, 0.0, 0.0, 0.0, 19.529475793253027, 0.0, 0.0, 0.0, 0.0, 365.822547725036, 0.0, 0.0, 26.213230019577182, 0.0, 918.9536445570641, 
152.2186440262881, 0.0, 11.762445006133916, 0.0, 0.0, 134.26959870218806, 0.0, 94.5031753688878, 0.0, 0.0, 0.0, 89.38434599367463, 159.36834888683742, 0.0, 57.02014291484842, 0.0, 0.0, 59.394171954865115, 0.0, 26.98355507469454, 0.0, 0.0, 0.0, 0.0, 157.6546078820697, 0.0, 0.0, 0.0, 0.0, 0.0, 
