0.0, 0.0, 0.0, 0.0, 0.0, 0.0, 0.0, 0.0, 0.0, 0.0, 0.0, 0.0, 0.0, 0.0, 0.0, 0.0, 0.0, 0.0, 0.0, 0.0, 0.0, 0.0, 0.0, 0.0, 0.0, 0.0, 0.0, 0.0, 0.0, 0.0, 
0.0, 0.0, 0.0, 0.0, 0.0, 0.0, 0.0, 4.420675488622579, 89.467770585752, 0.0, 137.7053248265194, 37.88290082735822, 119.5723172921326, 0.0, 0.0, 0.0, 0.0, 1.7887128916087858, 0.0, 186.44152927706503, 0.0, 0.0, 0.0, 0.0, 1.5568117509648371, 0.7065870347225933, 0.0, 121.54716361190586, 0.0, 166.01482509993576, 
0.0, 0.0, 0.0, 0.0, 0.0, 0.0, 0.0, 0.0, 0.0, 0.0, 0.0, 0.0, 0.0, 0.0, 0.0, 0.0, 0.0, 0.0, 0.0, 0.0, 0.0, 0.0, 0.0, 0.0, 0.0, 0.0, 0.0, 0.0, 0.0, 0.0, 
0.0, 0.0, 0.0, 0.0, 0.0, 0.0, 0.0, 19.66462542590699, 15.993476462327354, 0.0, 26.990870746976587, 28.234667011073164, 24.21304247405807, 0.0, 0.0, 0.0, 0.0, 80.02780283222674, 0.0, 252.67874456064672, 0.0, 0.0, 0.0, 0.0, 0.0, 292.95274525744173, 0.0, 2.1060030288316205, 0.0, 19.243274344098545, 
0.0, 0.0, 0.0, 0.0, 0.0, 0.0, 0.0, 40.65727800512328, 22.828562238851813, 0.0, 23.070200337521683, 19.888178796044258, 16.298577474240528, 0.0, 22.145398038944187, 0.0, 0.0, 2.872841129150201, 0.0, 3.573333970733695, 0.0, 0.0, 0.0, 0.0, 34.061103320292546, 24.93891101697931, 0.0, 0.0, 0.0, 10.314364900197296, 
0.0, 0.0, 0.0, 0.0, 0.0, 0.0, 0.0, 0.0, 0.0, 0.0, 0.0, 0.0, 0.0, 0.0, 0.0, 0.0, 0.0, 0.0, 0.0, 0.0, 0.0, 0.0, 0.0, 0.0, 0.0, 0.0, 0.0, 0.0, 0.0, 0.0, 
0.0, 0.0, 0.0, 0.0, 0.0, 0.0, 0.0, 270.0974155077529, 53.22416631987391, 0.0, 47.27671136617446, 32.239119113573125, 163.87758532268526, 0.0, 100.90356049714043, 0.0, 0.0, 0.0, 0.0, 124.58615906341788, 0.0, 0.0, 0.0, 0.0, 841.0294281024185, 175.99566910096715, 0.0, 57.59584114958027, 0.0, 64.19023540155395, 
0.4029932598794069, 0.0, 4.744850426055737, 0.0, 0.0, 89.71351903895027, 0.0, 0.0, 327.03830449117515, 0.0, 201.6381101453652, 128.6279061240674, 191.54166844464015, 0.0, 0.0, 0.0, 0.0, 1.7508865413775032, 0.0, 64.46449775880109, 0.0, 0.0, 0.0, 0.0, 7.924547008111815, 7.68027689377901, 0.0, 22.977439653654525, 0.0, 235.17828651853142, 
342.2394704989208, 0.0, 8.151336909998966, 0.0, 0.0, 346.30030901763735, 0.0, 0.0, 0.0, 0.0, 0.0, 168.03140112545307, 81.9936588330865, 0.0, 37.23076949606206, 0.0, 0.0, 1.2146796369759012, 0.0, 4.000985788603533, 0.0, 0.0, 0.0, 0.0, 439.18437026058945, 135.28572128617895, 0.0, 37.790332216960834, 0.0, 0.0, 
307.31013949460936, 0.0, 2.833963936425944, 0.0, 32.07056817720306, 145.46181232906505, 0.0, 129.9625376299752, 0.0, 0.0, 0.0, 75.21781264744789, 1040.5915800496657, 0.0, 374.0044944070697, 0.0, 0.0, 0.0, 0.0, 18.52515325964512, 0.0, 0.0, 0.0, 0.0, 274.2051426951, 0.0, 0.0, 11.582202362987438, 0.0, 0.0, 
0.0, 0.0, 0.0, 0.0, 0.0, 0.0, 0.0, 0.0, 0.0, 0.0, 0.0, 0.0, 0.0, 0.0, 0.0, 0.0, 0.0, 0.0, 0.0, 0.0, 0.0, 0.0, 0.0, 0.0, 0.0, 0.0, 0.0, 0.0, 0.0, 0.0, 
0.0, 0.0, 0.0, 0.0, 0.0, 0.0, 0.0, 0.0, 0.0, 0.0, 0.0, 0.0, 0.0, 0.0, 0.0, 0.0, 0.0, 0.0, 0.0, 0.0, 0.0, 0.0, 0.0, 0.0, 0.0, 0.0, 0.0, 0.0, 0.0, 0.0, 
0.0, 0.0, 0.0, 0.0, 0.0, 0.0, 0.0, 0.0, 0.0, 0.0, 0.0, 0.0, 0.0, 0.0, 0.0, 0.0, 0.0, 0.0, 0.0, 0.0, 0.0, 0.0, 0.0, 0.0, 0.0, 0.0, 0.0, 0.0, 0.0, 0.0, 
1.8175518260752512, 0.0, 8.947546086225264, 0.0, 22.106193872250298, 267.5995312463483, 0.0, 422.8192667469579, 0.0, 0.0, 356.0021314531646, 0.0, 0.0, 0.0, 0.0, 0.0, 0.0, 0.0, 0.0, 0.0, 0.0, 0.0, 0.0, 0.0, 80.14258390806862, 3.4326308632200235, 0.0, 17.97290852193358, 0.0, 653.4119934374628, 
0.0, 0.0, 0.0, 0.0, 0.0, 0.0, 0.0, 0.0, 0.0, 0.0, 0.0, 0.0, 0.0, 0.0, 0.0, 0.0, 0.0, 0.0, 0.0, 0.0, 0.0, 0.0, 0.0, 0.0, 0.0, 0.0, 0.0, 0.0, 0.0, 0.0, 
4.662551627996114, 0.0, 0.5314254977844974, 0.0, 0.4332775754565432, 250.3287589588621, 0.0, 25.031117475903095, 0.0, 0.0, 116.1173554644896, 0.0, 0.0, 0.0, 0.0, 0.0, 0.0, 0.0, 0.0, 4.02375876507471, 0.0, 0.0, 0.0, 0.0, 67.5086866543428, 1.3677555224891647, 0.0, 0.18357792177031393, 0.0, 198.61819774188788, 
0.0, 0.0, 0.0, 0.0, 0.0, 0.0, 0.0, 0.0, 0.0, 0.0, 0.0, 0.0, 0.0, 0.0, 0.0, 0.0, 0.0, 0.0, 0.0, 0.0, 0.0, 0.0, 0.0, 0.0, 0.0, 0.0, 0.0, 0.0, 0.0, 0.0, 
0.0, 0.0, 0.0, 0.0, 0.0, 0.0, 0.0, 0.0, 0.0, 0.0, 0.0, 0.0, 0.0, 0.0, 0.0, 0.0, 0.0, 0.0, 0.0, 0.0, 0.0, 0.0, 0.0, 0.0, 0.0, 0.0, 0.0, 0.0, 0.0, 0.0, 
0.0, 0.0, 0.0, 0.0, 0.0, 0.0, 0.0, 0.0, 0.0, 0.0, 0.0, 0.0, 0.0, 0.0, 0.0, 0.0, 0.0, 0.0, 0.0, 0.0, 0.0, 0.0, 0.0, 0.0, 0.0, 0.0, 0.0, 0.0, 0.0, 0.0, 
0.0, 0.0, 0.0, 0.0, 0.0, 0.0, 0.0, 0.0, 0.0, 0.0, 0.0, 0.0, 0.0, 0.0, 0.0, 0.0, 0.0, 0.0, 0.0, 0.0, 0.0, 0.0, 0.0, 0.0, 0.0, 0.0, 0.0, 0.0, 0.0, 0.0, 
2.2497862855750936, 0.0, 0.0, 0.0, 0.0, 92.35284261706389, 0.0, 30.205517317488685, 26.272467177874415, 0.0, 84.75934800748846, 14.817381134122796, 0.0, 0.0, 0.0, 0.0, 0.0, 0.0, 0.0, 0.0, 0.0, 0.0, 0.0, 0.0, 207.70998508561766, 4.700864021499824, 0.0, 0.0, 0.0, 43.28913480870014, 
0.0, 0.0, 575.9999752377095, 0.0, 0.0, 136.79476446969718, 0.0, 106.38780936902675, 34.00852567709127, 0.0, 55.45906694583414, 0.0, 0.0, 0.0, 0.0, 0.0, 0.0, 0.0, 0.0, 0.0, 0.0, 0.0, 0.0, 0.0, 64.90860720389048, 1.841377617720984, 0.0, 8.086722892199163, 0.0, 82.36009238739977, 
434.810389397382, 0.0, 0.0, 0.0, 0.0, 208.18834849007604, 0.0, 81.75686686136922, 0.0, 0.0, 79.64683906150015, 30.977408948899495, 0.0, 0.0, 0.0, 0.0, 0.0, 0.0, 0.0, 0.0, 0.0, 0.0, 0.0, 0.0, 697.0413019603716, 159.54262932507908, 0.0, 5.393764746369409, 0.0, 168.83436437477692, 
84.45378356687112, 0.0, 341.6532732882006, 0.0, 192.19626035903198, 15.099758061588926, 0.0, 81.94065281877425, 10.975880576971974, 0.0, 12.05642893253697, 14.15040561924087, 50.025422629005895, 0.0, 83.25095585888143, 0.0, 0.0, 0.0, 0.0, 152.92997823011822, 0.0, 0.0, 0.0, 0.0, 0.0, 0.0, 0.0, 0.8977452704037321, 0.0, 0.0, 
0.0, 0.0, 0.0, 0.0, 0.0, 0.0, 0.0, 0.0, 0.0, 0.0, 0.0, 0.0, 0.0, 0.0, 0.0, 0.0, 0.0, 0.0, 0.0, 0.0, 0.0, 0.0, 0.0, 0.0, 0.0, 0.0, 0.0, 0.0, 0.0, 0.0, 
0.4088842051573277, 0.0, 0.0912748187734211, 0.0, 0.3710696339966776, 0.18374647080650852, 0.0, 0.2766154006492304, 1120.417261623405, 0.0, 0.0, 0.12839157080092287, 0.7203359550141559, 0.0, 0.16031739162865427, 0.0, 0.0, 0.0, 0.0, 0.27546382757063187, 0.0, 0.0, 0.0, 0.0, 0.0, 0.0, 0.0, 2.5910739404390024, 0.0, 0.15453209373688145, 
153.3741517959464, 0.0, 441.9184672117339, 0.0, 164.4649300178729, 237.81050695157214, 0.0, 357.46525574102304, 9.413116705675389, 0.0, 97.2072320454548, 15.602729512401064, 153.3264742177501, 0.0, 127.95463485359616, 0.0, 0.0, 52.66734383118947, 0.0, 393.63830258361526, 0.0, 0.0, 0.0, 0.0, 0.0, 0.0, 0.0, 165.04243195103183, 0.0, 110.5195426340638, 
0.0, 0.0, 0.0, 0.0, 2.0059253911996078, 0.6280331502209039, 0.0, 88.3902338525802, 64.95914765996487, 0.0, 0.0, 45.721634198128086, 71.79451556761894, 0.0, 0.0, 0.0, 0.0, 194.3240445053327, 0.0, 8.753394971143702, 0.0, 0.0, 0.0, 0.0, 0.0, 0.0, 0.0, 0.0, 0.0, 50.20190334910093, 
1.1571304325182448, 0.0, 183.45570546089698, 0.0, 0.0, 0.0, 0.0, 0.0, 108.17663650314418, 0.0, 242.8738816570218, 0.0, 0.0, 0.0, 0.0, 0.0, 0.0, 0.0, 0.0, 6.388460923230956, 0.0, 0.0, 0.0, 0.0, 473.660724716602, 0.0, 0.0, 4.692226359357727, 0.0, 5053.853326806837, 
202.6648182020074, 0.0, 4.576215773001172, 0.0, 0.0, 131.3696731883277, 0.0, 109.0829530687652, 0.0, 0.0, 0.0, 154.2867645811527, 166.61790151599644, 0.0, 63.155381036654916, 0.0, 0.0, 3.179256039358317, 0.0, 19.45694287790338, 0.0, 0.0, 0.0, 0.0, 233.4986291592907, 0.0, 0.0, 0.0, 0.0, 0.0, 
