0.0, 0.0, 0.0, 0.0, 0.0, 0.0, 0.0, 0.0, 0.0, 0.0, 0.0, 0.0, 0.0, 0.0, 0.0, 0.0, 0.0, 0.0, 0.0, 0.0, 0.0, 0.0, 0.0, 0.0, 0.0, 0.0, 0.0, 0.0, 0.0, 0.0, 
0.0, 0.0, 0.0, 0.0, 0.0, 0.0, 0.0, 3.7352237738677144E-5, 83.89855256423729, 0.0, 131.315381267994, 121.84613178628551, 93.37912894070598, 0.0, 0.0, 0.0, 0.0, 9.570614920766672E-5, 0.0, 180.3976607674206, 0.0, 0.0, 0.0, 0.0, 2.633609879157913E-5, 4.994907237958764E-5, 0.0, 108.05071911892561, 0.0, 148.76698267539624, 
0.0, 0.0, 0.0, 0.0, 0.0, 0.0, 0.0, 0.0, 0.0, 0.0, 0.0, 0.0, 0.0, 0.0, 0.0, 0.0, 0.0, 0.0, 0.0, 0.0, 0.0, 0.0, 0.0, 0.0, 0.0, 0.0, 0.0, 0.0, 0.0, 0.0, 
0.0, 0.0, 0.0, 0.0, 0.0, 0.0, 0.0, 91.73472615103266, 3.7677648582979827E-4, 0.0, 1.4642507777767046, 0.1939045992150065, 0.008505764749053544, 0.0, 0.0, 0.0, 0.0, 40.219990917029186, 0.0, 265.1566996127995, 0.0, 0.0, 0.0, 0.0, 0.0, 334.372105986535, 0.0, 2.0040642793604095E-5, 0.0, 0.002708991126058116, 
0.0, 0.0, 0.0, 0.0, 0.0, 0.0, 0.0, 70.87413874145955, 8.930986197853601E-4, 0.0, 10.859612803233876, 9.913060706081671, 0.08969754744474294, 0.0, 1.1833126978246815E-4, 0.0, 0.0, 3.391224655030114E-4, 0.0, 0.05499568586502067, 0.0, 0.0, 0.0, 0.0, 131.4028370381579, 3.558234650603773, 0.0, 0.0, 0.0, 0.001284990507094114, 
0.0, 0.0, 0.0, 0.0, 0.0, 0.0, 0.0, 0.0, 0.0, 0.0, 0.0, 0.0, 0.0, 0.0, 0.0, 0.0, 0.0, 0.0, 0.0, 0.0, 0.0, 0.0, 0.0, 0.0, 0.0, 0.0, 0.0, 0.0, 0.0, 0.0, 
0.0, 0.0, 0.0, 0.0, 0.0, 0.0, 0.0, 146.6322114220012, 1.1348934660759543E-4, 0.0, 22.44936207914993, 1.3101569308993666, 431.69662215692335, 0.0, 523.0558132465561, 0.0, 0.0, 0.0, 0.0, 161.64971598253152, 0.0, 0.0, 0.0, 0.0, 374.37348495338915, 160.97113513701876, 0.0, 106.43781980322498, 0.0, 0.003253779621292656, 
9.369694632356094E-6, 0.0, 5.42719100687505E-4, 0.0, 0.0, 159.9259030968408, 0.0, 0.0, 132.06334766732994, 0.0, 91.60855418249318, 154.2805863238831, 124.18728892294413, 0.0, 0.0, 0.0, 0.0, 2.9024457581441994E-5, 0.0, 47.886719777418044, 0.0, 0.0, 0.0, 0.0, 1.5614661732853453E-4, 5.901261580306267E-4, 0.0, 0.0012404963906820843, 0.0, 594.6538916100882, 
400.5762541532698, 0.0, 9.41856196790826E-4, 0.0, 0.0, 174.97131015058704, 0.0, 0.0, 0.0, 0.0, 0.0, 142.85429249989616, 97.18019417417413, 0.0, 31.273052612393116, 0.0, 0.0, 1.970226920031983E-4, 0.0, 3.2433195940780553, 0.0, 0.0, 0.0, 0.0, 472.51078024928705, 159.8624555935041, 0.0, 50.09326277210056, 0.0, 0.0, 
141.71679070819897, 0.0, 1.2185001925387674E-4, 0.0, 7.905682942449347E-5, 64.05606594252853, 0.0, 48.02210826388186, 0.0, 0.0, 0.0, 124.39470759419115, 1017.6771159098851, 0.0, 15.483543916137341, 0.0, 0.0, 0.0, 0.0, 51.861108506161486, 0.0, 0.0, 0.0, 0.0, 986.4403838006075, 0.0, 0.0, 0.003334745815742756, 0.0, 0.0, 
0.0, 0.0, 0.0, 0.0, 0.0, 0.0, 0.0, 0.0, 0.0, 0.0, 0.0, 0.0, 0.0, 0.0, 0.0, 0.0, 0.0, 0.0, 0.0, 0.0, 0.0, 0.0, 0.0, 0.0, 0.0, 0.0, 0.0, 0.0, 0.0, 0.0, 
0.0, 0.0, 0.0, 0.0, 0.0, 0.0, 0.0, 0.0, 0.0, 0.0, 0.0, 0.0, 0.0, 0.0, 0.0, 0.0, 0.0, 0.0, 0.0, 0.0, 0.0, 0.0, 0.0, 0.0, 0.0, 0.0, 0.0, 0.0, 0.0, 0.0, 
0.0, 0.0, 0.0, 0.0, 0.0, 0.0, 0.0, 0.0, 0.0, 0.0, 0.0, 0.0, 0.0, 0.0, 0.0, 0.0, 0.0, 0.0, 0.0, 0.0, 0.0, 0.0, 0.0, 0.0, 0.0, 0.0, 0.0, 0.0, 0.0, 0.0, 
1.4092753620859692E-4, 0.0, 0.001652962510283091, 0.0, 1.518543369727491E-4, 168.66477639992587, 0.0, 111.48689810428452, 0.0, 0.0, 43.15664052904367, 0.0, 0.0, 0.0, 0.0, 0.0, 0.0, 0.0, 0.0, 0.0, 0.0, 0.0, 0.0, 0.0, 0.002375175020856535, 2.4487828886503386E-4, 0.0, 4.603990892982123E-4, 0.0, 1525.091361671658, 
0.0, 0.0, 0.0, 0.0, 0.0, 0.0, 0.0, 0.0, 0.0, 0.0, 0.0, 0.0, 0.0, 0.0, 0.0, 0.0, 0.0, 0.0, 0.0, 0.0, 0.0, 0.0, 0.0, 0.0, 0.0, 0.0, 0.0, 0.0, 0.0, 0.0, 
9.341825900874759E-5, 0.0, 2.928561811449605E-4, 0.0, 4.0480796940387704E-5, 234.3677640115149, 0.0, 158.95394370808145, 0.0, 0.0, 91.38588382576677, 0.0, 0.0, 0.0, 0.0, 0.0, 0.0, 0.0, 0.0, 2.2387301616522303E-4, 0.0, 0.0, 0.0, 0.0, 0.005712851997157438, 5.402716841960583E-5, 0.0, 1.2554743434642642E-4, 0.0, 269.4051590847319, 
0.0, 0.0, 0.0, 0.0, 0.0, 0.0, 0.0, 0.0, 0.0, 0.0, 0.0, 0.0, 0.0, 0.0, 0.0, 0.0, 0.0, 0.0, 0.0, 0.0, 0.0, 0.0, 0.0, 0.0, 0.0, 0.0, 0.0, 0.0, 0.0, 0.0, 
0.0, 0.0, 0.0, 0.0, 0.0, 0.0, 0.0, 0.0, 0.0, 0.0, 0.0, 0.0, 0.0, 0.0, 0.0, 0.0, 0.0, 0.0, 0.0, 0.0, 0.0, 0.0, 0.0, 0.0, 0.0, 0.0, 0.0, 0.0, 0.0, 0.0, 
0.0, 0.0, 0.0, 0.0, 0.0, 0.0, 0.0, 0.0, 0.0, 0.0, 0.0, 0.0, 0.0, 0.0, 0.0, 0.0, 0.0, 0.0, 0.0, 0.0, 0.0, 0.0, 0.0, 0.0, 0.0, 0.0, 0.0, 0.0, 0.0, 0.0, 
0.0, 0.0, 0.0, 0.0, 0.0, 0.0, 0.0, 0.0, 0.0, 0.0, 0.0, 0.0, 0.0, 0.0, 0.0, 0.0, 0.0, 0.0, 0.0, 0.0, 0.0, 0.0, 0.0, 0.0, 0.0, 0.0, 0.0, 0.0, 0.0, 0.0, 
1.4603548051853319E-5, 0.0, 0.0, 0.0, 0.0, 42.362259965101295, 0.0, 47.368934638755654, 2.3632809250816407, 0.0, 49.39623115548041, 0.8017257405187751, 0.0, 0.0, 0.0, 0.0, 0.0, 0.0, 0.0, 0.0, 0.0, 0.0, 0.0, 0.0, 366.8759813873917, 7.057586801847928E-4, 0.0, 0.0, 0.0, 2.2180645469199685, 
0.0, 0.0, 618.1947824548045, 0.0, 0.0, 62.40233593038448, 0.0, 194.32913678200813, 62.27812579970809, 0.0, 40.032355368389666, 0.0, 0.0, 0.0, 0.0, 0.0, 0.0, 0.0, 0.0, 0.0, 0.0, 0.0, 0.0, 0.0, 1.1822716728719287E-4, 3.520685247003936E-5, 0.0, 8.509161841500225E-5, 0.0, 73.71403027359976, 
521.8907364922392, 0.0, 0.0, 0.0, 0.0, 64.58711027788682, 0.0, 297.32417513941215, 0.0, 0.0, 149.61548647797684, 6.377253678038694, 0.0, 0.0, 0.0, 0.0, 0.0, 0.0, 0.0, 0.0, 0.0, 0.0, 0.0, 0.0, 599.4170150682886, 136.80653816189172, 0.0, 5.12561378928041E-4, 0.0, 79.70669699656825, 
74.14399928836178, 0.0, 370.4449117610254, 0.0, 111.64258691693745, 0.06377343601681, 0.0, 136.52183017918944, 0.0015880090101235333, 0.0, 0.0023530294541169645, 0.0015094827770721238, 37.17323728154354, 0.0, 90.96986096712708, 0.0, 0.0, 0.0, 0.0, 218.26454872779158, 0.0, 0.0, 0.0, 0.0, 0.0, 0.0, 0.0, 1.6012138720510597E-4, 0.0, 0.0, 
0.0, 0.0, 0.0, 0.0, 0.0, 0.0, 0.0, 0.0, 0.0, 0.0, 0.0, 0.0, 0.0, 0.0, 0.0, 0.0, 0.0, 0.0, 0.0, 0.0, 0.0, 0.0, 0.0, 0.0, 0.0, 0.0, 0.0, 0.0, 0.0, 0.0, 
4.659427296133597E-6, 0.0, 1.070263004732881E-5, 0.0, 2.289715444756021E-5, 1.9743826061320456E-5, 0.0, 2.4618753568422398E-5, 1114.0012914591046, 0.0, 0.0, 5.083752227157152E-5, 1.1711680563892229E-5, 0.0, 9.89097305617017E-7, 0.0, 0.0, 0.0, 0.0, 8.874625678106286E-6, 0.0, 0.0, 0.0, 0.0, 0.0, 0.0, 0.0, 1.7753362767251236E-4, 0.0, 2.8182062911644958E-5, 
152.13463045172577, 0.0, 278.3109197581731, 0.0, 92.27565362925927, 660.0948046614463, 0.0, 261.12555945147045, 0.002255693106401445, 0.0, 233.44813518754603, 0.0021811295765128383, 15.9409740642039, 0.0, 126.48969718619092, 0.0, 0.0, 125.98592296556102, 0.0, 306.0446721627915, 0.0, 0.0, 0.0, 0.0, 0.0, 0.0, 0.0, 199.5625227669229, 0.0, 0.0014834507534400763, 
0.0, 0.0, 0.0, 0.0, 1.3953305691944079E-5, 3.2646918775956077E-6, 0.0, 176.21424616185857, 25.735795581866427, 0.0, 0.0, 63.82731904554382, 61.87498664501014, 0.0, 0.0, 0.0, 0.0, 210.1825838386507, 0.0, 0.0033456702550560265, 0.0, 0.0, 0.0, 0.0, 0.0, 0.0, 0.0, 0.0, 0.0, 0.9839157103204301, 
4.578074237788846E-5, 0.0, 305.19541163414664, 0.0, 0.0, 0.0, 0.0, 0.0, 471.8632135779148, 0.0, 629.6919022839932, 0.0, 0.0, 0.0, 0.0, 0.0, 0.0, 0.0, 0.0, 6.748280124567464, 0.0, 0.0, 0.0, 0.0, 334.01943129341623, 0.0, 0.0, 9.411036717004016E-5, 0.0, 1.2244941358260011E11, 
225.50760378122996, 0.0, 1.9556838173705955E-4, 0.0, 0.0, 266.2805950030088, 0.0, 16.677048728828225, 0.0, 0.0, 0.0, 148.0621554470622, 170.16954712407363, 0.0, 40.698460792039164, 0.0, 0.0, 1.9178997263052732E-4, 0.0, 0.18593723241466073, 0.0, 0.0, 0.0, 0.0, 176.4649167430979, 0.0, 0.0, 0.0, 0.0, 0.0, 
