0.0, 0.0, 0.0, 0.0, 0.0, 0.0, 0.0, 0.0, 0.0, 0.0, 0.0, 0.0, 0.0, 0.0, 0.0, 0.0, 0.0, 0.0, 0.0, 0.0, 0.0, 0.0, 0.0, 0.0, 0.0, 0.0, 0.0, 0.0, 0.0, 0.0, 
0.0, 0.0, 0.0, 0.0, 0.0, 0.0, 0.0, 0.00494333515028011, 44.23361104202298, 0.0, 181.30206071629152, 131.84997595700656, 145.61093887019905, 0.0, 0.0, 0.0, 0.0, 0.0058426155876437095, 0.0, 247.84323081711125, 0.0, 0.0, 0.0, 0.0, 0.002929093259908219, 0.0020377582321242037, 0.0, 114.35851574465212, 0.0, 0.04786819911378579, 
0.0, 0.0, 0.0, 0.0, 0.0, 0.0, 0.0, 0.0, 0.0, 0.0, 0.0, 0.0, 0.0, 0.0, 0.0, 0.0, 0.0, 0.0, 0.0, 0.0, 0.0, 0.0, 0.0, 0.0, 0.0, 0.0, 0.0, 0.0, 0.0, 0.0, 
0.0, 0.0, 0.0, 0.0, 0.0, 0.0, 0.0, 104.53623235529332, 0.01194191014527883, 0.0, 0.013910518797774772, 0.007452811900567649, 0.005381749521252779, 0.0, 0.0, 0.0, 0.0, 22.687075167973582, 0.0, 304.0949205204539, 0.0, 0.0, 0.0, 0.0, 0.0, 306.3090943054661, 0.0, 4.8188537820646076E-4, 0.0, 0.02305746553549665, 
0.0, 0.0, 0.0, 0.0, 0.0, 0.0, 0.0, 90.63626584007973, 0.017211674081104543, 0.0, 15.141112463486882, 0.034973466967088376, 0.1142282062554652, 0.0, 10.359339057837834, 0.0, 0.0, 0.001932442331362675, 0.0, 0.025553341491208224, 0.0, 0.0, 0.0, 0.0, 99.04594846161781, 12.882852147088249, 0.0, 0.0, 0.0, 0.019270298603292935, 
0.0, 0.0, 0.0, 0.0, 0.0, 0.0, 0.0, 0.0, 0.0, 0.0, 0.0, 0.0, 0.0, 0.0, 0.0, 0.0, 0.0, 0.0, 0.0, 0.0, 0.0, 0.0, 0.0, 0.0, 0.0, 0.0, 0.0, 0.0, 0.0, 0.0, 
0.0, 0.0, 0.0, 0.0, 0.0, 0.0, 0.0, 275.1747804148169, 0.014122984429262677, 0.0, 10.697032437355285, 0.037554956601523616, 158.64962587451987, 0.0, 235.8391985947327, 0.0, 0.0, 0.0, 0.0, 128.6492713016268, 0.0, 0.0, 0.0, 0.0, 950.7103482704081, 173.89722651824172, 0.0, 0.02967807342561744, 0.0, 0.002713191002997643, 
0.01275559032227599, 0.0, 0.00504471696603208, 0.0, 0.0, 129.66622917855065, 0.0, 0.0, 0.037089221554020245, 0.0, 166.87873152615583, 93.56979412037103, 591.2015689452265, 0.0, 0.0, 0.0, 0.0, 0.0012540066785153082, 0.0, 68.59300583812991, 0.0, 0.0, 0.0, 0.0, 145.2044854764287, 0.011003049575384727, 0.0, 112.87019230214942, 0.0, 0.02006172889733548, 
288.68790659834815, 0.0, 7.881787284531842E-4, 0.0, 0.0, 214.1821324455616, 0.0, 0.0, 0.0, 0.0, 0.0, 266.3089133637001, 0.010904123518027222, 0.0, 141.6766232465843, 0.0, 0.0, 7.778643587767059E-4, 0.0, 0.34314432518831767, 0.0, 0.0, 0.0, 0.0, 437.77881936001774, 195.05217820095646, 0.0, 49.71192707349843, 0.0, 0.0, 
146.0334940860217, 0.0, 0.006664777585389057, 0.0, 9.860564857307888E-4, 26.775034540622983, 0.0, 218.80118825722067, 0.0, 0.0, 0.0, 97.72057251871006, 1013.8932520272823, 0.0, 210.39516364963768, 0.0, 0.0, 0.0, 0.0, 43.259262129035584, 0.0, 0.0, 0.0, 0.0, 696.2803566185094, 0.0, 0.0, 0.012732616065971798, 0.0, 0.0, 
0.0, 0.0, 0.0, 0.0, 0.0, 0.0, 0.0, 0.0, 0.0, 0.0, 0.0, 0.0, 0.0, 0.0, 0.0, 0.0, 0.0, 0.0, 0.0, 0.0, 0.0, 0.0, 0.0, 0.0, 0.0, 0.0, 0.0, 0.0, 0.0, 0.0, 
0.0, 0.0, 0.0, 0.0, 0.0, 0.0, 0.0, 0.0, 0.0, 0.0, 0.0, 0.0, 0.0, 0.0, 0.0, 0.0, 0.0, 0.0, 0.0, 0.0, 0.0, 0.0, 0.0, 0.0, 0.0, 0.0, 0.0, 0.0, 0.0, 0.0, 
0.0, 0.0, 0.0, 0.0, 0.0, 0.0, 0.0, 0.0, 0.0, 0.0, 0.0, 0.0, 0.0, 0.0, 0.0, 0.0, 0.0, 0.0, 0.0, 0.0, 0.0, 0.0, 0.0, 0.0, 0.0, 0.0, 0.0, 0.0, 0.0, 0.0, 
0.0018415370292060368, 0.0, 0.002639788086194232, 0.0, 0.0021509149797246654, 1193.4870013409788, 0.0, 180.50925168033376, 0.0, 0.0, 386.9818547801071, 0.0, 0.0, 0.0, 0.0, 0.0, 0.0, 0.0, 0.0, 0.0, 0.0, 0.0, 0.0, 0.0, 97.8473075728394, 0.0019527723182143268, 0.0, 0.0012677747067801632, 0.0, 0.011958528574707552, 
0.0, 0.0, 0.0, 0.0, 0.0, 0.0, 0.0, 0.0, 0.0, 0.0, 0.0, 0.0, 0.0, 0.0, 0.0, 0.0, 0.0, 0.0, 0.0, 0.0, 0.0, 0.0, 0.0, 0.0, 0.0, 0.0, 0.0, 0.0, 0.0, 0.0, 
31.704682077408886, 0.0, 0.0, 0.0, 0.0, 0.0, 0.0, 0.0, 0.0, 0.0, 0.0, 0.0, 0.0, 0.0, 0.0, 0.0, 0.0, 0.0, 0.0, 0.0, 0.0, 0.0, 0.0, 0.0, 0.0, 0.0, 0.0, 0.0, 0.0, 0.0, 
0.0, 0.0, 0.0, 0.0, 0.0, 0.0, 0.0, 0.0, 0.0, 0.0, 0.0, 0.0, 0.0, 0.0, 0.0, 0.0, 0.0, 0.0, 0.0, 0.0, 0.0, 0.0, 0.0, 0.0, 0.0, 0.0, 0.0, 0.0, 0.0, 0.0, 
0.0, 0.0, 0.0, 0.0, 0.0, 0.0, 0.0, 0.0, 0.0, 0.0, 0.0, 0.0, 0.0, 0.0, 0.0, 0.0, 0.0, 0.0, 0.0, 0.0, 0.0, 0.0, 0.0, 0.0, 0.0, 0.0, 0.0, 0.0, 0.0, 0.0, 
0.0, 0.0, 0.0, 0.0, 0.0, 0.0, 0.0, 0.0, 0.0, 0.0, 0.0, 0.0, 0.0, 0.0, 0.0, 0.0, 0.0, 0.0, 0.0, 0.0, 0.0, 0.0, 0.0, 0.0, 0.0, 0.0, 0.0, 0.0, 0.0, 0.0, 
0.0, 0.0, 0.0, 0.0, 0.0, 0.0, 0.0, 0.0, 0.0, 0.0, 0.0, 0.0, 0.0, 0.0, 0.0, 0.0, 0.0, 0.0, 0.0, 0.0, 0.0, 0.0, 0.0, 0.0, 0.0, 0.0, 0.0, 0.0, 0.0, 0.0, 
0.0020974974114321013, 0.0, 0.0, 0.0, 0.0, 3.651071780872802, 0.0, 0.034097105728313475, 74.98216438722307, 0.0, 61.5631744110071, 52.263063741443375, 0.0, 0.0, 0.0, 0.0, 0.0, 0.0, 0.0, 0.0, 0.0, 0.0, 0.0, 0.0, 324.0182456730269, 0.0033658652944748074, 0.0, 0.0, 0.0, 0.014465504939490373, 
0.0, 0.0, 473.1188730743424, 0.0, 0.0, 37.167946848682384, 0.0, 256.8464999352373, 138.58428306980755, 0.0, 0.003267458999579274, 0.0, 0.0, 0.0, 0.0, 0.0, 0.0, 0.0, 0.0, 0.0, 0.0, 0.0, 0.0, 0.0, 8.695624373797246, 0.012096205533971593, 0.0, 0.003952858317353962, 0.0, 135.4376845864961, 
828.4554612013226, 0.0, 0.0, 0.0, 0.0, 136.18709804927778, 0.0, 18.598966225401085, 0.0, 0.0, 89.28565421312747, 47.61392480210732, 0.0, 0.0, 0.0, 0.0, 0.0, 0.0, 0.0, 0.0, 0.0, 0.0, 0.0, 0.0, 342.63792306800013, 115.38644536651209, 0.0, 0.020078419855315003, 0.0, 277.4493767905718, 
84.14251823727716, 0.0, 267.188973658796, 0.0, 382.2634061197181, 0.013650081763155367, 0.0, 84.59260395629117, 0.021992895673251186, 0.0, 0.029312649314175054, 0.15328204991759686, 22.873658178277655, 0.0, 32.940154639845744, 0.0, 0.0, 0.0, 0.0, 171.37316542779877, 0.0, 0.0, 0.0, 0.0, 0.0, 0.0, 0.0, 5.066968258289834E-4, 0.0, 0.0, 
0.0, 0.0, 0.0, 0.0, 0.0, 0.0, 0.0, 0.0, 0.0, 0.0, 0.0, 0.0, 0.0, 0.0, 0.0, 0.0, 0.0, 0.0, 0.0, 0.0, 0.0, 0.0, 0.0, 0.0, 0.0, 0.0, 0.0, 0.0, 0.0, 0.0, 
2.454674150368052E-4, 0.0, 1.7090901147656402E-4, 0.0, 4.7802097801906825E-4, 2.380042574273792E-4, 0.0, 3.169429760831339E-4, 1114.6715969346158, 0.0, 0.0, 1.5140366355893112E-4, 2.5273673542254235E-4, 0.0, 4.1969771106345987E-4, 0.0, 0.0, 0.0, 0.0, 2.8915319687707595E-4, 0.0, 0.0, 0.0, 0.0, 0.0, 0.0, 0.0, 0.007146660272701691, 0.0, 1.0919892978062109E-4, 
138.74414446323573, 0.0, 517.6560106945557, 0.0, 135.24303313839079, 152.1658225909782, 0.0, 265.46062428233205, 185.73208286968637, 0.0, 214.51556596723762, 78.67272050598064, 76.77215812225255, 0.0, 192.30502615581653, 0.0, 0.0, 23.32323177347806, 0.0, 282.13481454025725, 0.0, 0.0, 0.0, 0.0, 0.0, 0.0, 0.0, 191.25167647730777, 0.0, 0.0173806609834408, 
0.0, 0.0, 0.0, 0.0, 0.01022594293829423, 6.14636880070326E-4, 0.0, 256.2467669478226, 0.1564247259780899, 0.0, 0.0, 2.7241170942230117, 44.30717595222791, 0.0, 0.0, 0.0, 0.0, 205.8918830262682, 0.0, 0.016406566665799403, 0.0, 0.0, 0.0, 0.0, 0.0, 0.0, 0.0, 0.0, 0.0, 0.047734800326483494, 
0.005547613858475369, 0.0, 314.00532136952427, 0.0, 0.0, 0.0, 0.0, 0.0, 330.4022101384459, 0.0, 364.10105896051954, 0.0, 0.0, 0.0, 0.0, 0.0, 0.0, 0.0, 0.0, 0.051797964931061063, 0.0, 0.0, 0.0, 0.0, 331.209960245511, 0.0, 0.0, 0.0, 0.0, 0.0, 
0.0, 0.0, 0.0, 0.0, 0.0, 0.0, 0.0, 0.0, 0.0, 0.0, 0.0, 0.0, 0.0, 0.0, 0.0, 0.0, 0.0, 0.0, 0.0, 0.0, 0.0, 0.0, 0.0, 0.0, 0.0, 0.0, 0.0, 0.0, 0.0, 0.0, 
