0.0, 0.0, 0.0, 0.0, 0.0, 0.0, 0.0, 0.0, 0.0, 0.0, 0.0, 0.0, 0.0, 0.0, 0.0, 0.0, 0.0, 0.0, 0.0, 0.0, 0.0, 0.0, 0.0, 0.0, 0.0, 0.0, 0.0, 0.0, 0.0, 0.0, 
0.0, 0.0, 0.0, 0.0, 0.0, 0.0, 0.0, 23.323230552950275, 75.74023133634071, 0.0, 95.1743842964414, 83.19840155289228, 145.76882685623312, 0.0, 0.0, 0.0, 0.0, 29.579003337978097, 0.0, 228.16491449744035, 0.0, 0.0, 0.0, 0.0, 29.463550114901526, 2.5128310041486905, 0.0, 109.21435414158074, 0.0, 56.72069893222782, 
0.0, 0.0, 0.0, 0.0, 0.0, 0.0, 0.0, 0.0, 0.0, 0.0, 0.0, 0.0, 0.0, 0.0, 0.0, 0.0, 0.0, 0.0, 0.0, 0.0, 0.0, 0.0, 0.0, 0.0, 0.0, 0.0, 0.0, 0.0, 0.0, 0.0, 
0.0, 0.0, 0.0, 0.0, 0.0, 0.0, 0.0, 41.54205174125645, 14.635447228230873, 0.0, 20.685184677965264, 44.39610465273179, 8.69574876577503, 0.0, 0.0, 0.0, 0.0, 88.94889116992564, 0.0, 226.96110978955576, 0.0, 0.0, 0.0, 0.0, 0.0, 301.2404468665683, 0.0, 2.4948781876980393, 0.0, 21.815270457079826, 
0.0, 0.0, 0.0, 0.0, 0.0, 0.0, 0.0, 9.797804388297429, 23.821922229243714, 0.0, 17.917754447061203, 12.637764986877759, 8.658347415896555, 0.0, 27.47612909234808, 0.0, 0.0, 1.4728462800260156, 0.0, 29.147464744181118, 0.0, 0.0, 0.0, 0.0, 24.640276891017866, 13.992893400006276, 0.0, 0.0, 0.0, 25.32455485725547, 
0.0, 0.0, 0.0, 0.0, 0.0, 0.0, 0.0, 0.0, 0.0, 0.0, 0.0, 0.0, 0.0, 0.0, 0.0, 0.0, 0.0, 0.0, 0.0, 0.0, 0.0, 0.0, 0.0, 0.0, 0.0, 0.0, 0.0, 0.0, 0.0, 0.0, 
0.0, 0.0, 0.0, 0.0, 0.0, 0.0, 0.0, 245.18759335073094, 55.97857955256384, 0.0, 105.38767908942457, 68.55671612861356, 111.04697562733375, 0.0, 169.39130276321686, 0.0, 0.0, 0.0, 0.0, 82.50758834499494, 0.0, 0.0, 0.0, 0.0, 767.5187211970441, 181.6074821928619, 0.0, 24.377728269880812, 0.0, 118.70348547874389, 
4.150941578465556, 0.0, 21.225654173493425, 0.0, 0.0, 51.372357590895504, 0.0, 0.0, 225.62745828666607, 0.0, 215.2028318032804, 60.69223178793283, 222.66216501803328, 0.0, 0.0, 0.0, 0.0, 24.05317091283265, 0.0, 43.766575151262295, 0.0, 0.0, 0.0, 0.0, 15.010852895756406, 13.867402948299809, 0.0, 23.14868146044415, 0.0, 333.68071217642085, 
391.48857599099085, 0.0, 26.96963466560117, 0.0, 0.0, 330.4366509760191, 0.0, 0.0, 0.0, 0.0, 0.0, 82.6749647010207, 68.03340276793244, 0.0, 54.545160116949035, 0.0, 0.0, 5.480162794391177, 0.0, 16.996703613939786, 0.0, 0.0, 0.0, 0.0, 358.1991333274583, 97.63196265744689, 0.0, 18.31220634037621, 0.0, 0.0, 
292.3326826943865, 0.0, 4.180928902593836, 0.0, 13.388810806037387, 164.9733887856342, 0.0, 124.76174341081938, 0.0, 0.0, 0.0, 59.53064378515524, 1006.7177898370988, 0.0, 405.79618006222125, 0.0, 0.0, 0.0, 0.0, 28.807355066940772, 0.0, 0.0, 0.0, 0.0, 314.10502775945344, 0.0, 0.0, 3.052071407093803, 0.0, 0.0, 
0.0, 0.0, 0.0, 0.0, 0.0, 0.0, 0.0, 0.0, 0.0, 0.0, 0.0, 0.0, 0.0, 0.0, 0.0, 0.0, 0.0, 0.0, 0.0, 0.0, 0.0, 0.0, 0.0, 0.0, 0.0, 0.0, 0.0, 0.0, 0.0, 0.0, 
0.0, 0.0, 0.0, 0.0, 0.0, 0.0, 0.0, 0.0, 0.0, 0.0, 0.0, 0.0, 0.0, 0.0, 0.0, 0.0, 0.0, 0.0, 0.0, 0.0, 0.0, 0.0, 0.0, 0.0, 0.0, 0.0, 0.0, 0.0, 0.0, 0.0, 
0.0, 0.0, 0.0, 0.0, 0.0, 0.0, 0.0, 0.0, 0.0, 0.0, 0.0, 0.0, 0.0, 0.0, 0.0, 0.0, 0.0, 0.0, 0.0, 0.0, 0.0, 0.0, 0.0, 0.0, 0.0, 0.0, 0.0, 0.0, 0.0, 0.0, 
0.3630442529438498, 0.0, 25.61145775996456, 0.0, 12.235248189283075, 355.6242185992257, 0.0, 432.99843477913794, 0.0, 0.0, 346.0494065008324, 0.0, 0.0, 0.0, 0.0, 0.0, 0.0, 0.0, 0.0, 0.0, 0.0, 0.0, 0.0, 0.0, 38.11079780089188, 5.681667545587663, 0.0, 11.371667730735187, 0.0, 627.4429335572092, 
0.0, 0.0, 0.0, 0.0, 0.0, 0.0, 0.0, 0.0, 0.0, 0.0, 0.0, 0.0, 0.0, 0.0, 0.0, 0.0, 0.0, 0.0, 0.0, 0.0, 0.0, 0.0, 0.0, 0.0, 0.0, 0.0, 0.0, 0.0, 0.0, 0.0, 
20.49345797328709, 0.0, 4.215841888268226, 0.0, 0.31220117038619516, 204.76817646272866, 0.0, 56.73937431903304, 0.0, 0.0, 102.61653204109017, 0.0, 0.0, 0.0, 0.0, 0.0, 0.0, 0.0, 0.0, 28.983558201172233, 0.0, 0.0, 0.0, 0.0, 47.71274998327125, 13.914307661716876, 0.0, 11.330801911805539, 0.0, 129.80945089915687, 
0.0, 0.0, 0.0, 0.0, 0.0, 0.0, 0.0, 0.0, 0.0, 0.0, 0.0, 0.0, 0.0, 0.0, 0.0, 0.0, 0.0, 0.0, 0.0, 0.0, 0.0, 0.0, 0.0, 0.0, 0.0, 0.0, 0.0, 0.0, 0.0, 0.0, 
0.0, 0.0, 0.0, 0.0, 0.0, 0.0, 0.0, 0.0, 0.0, 0.0, 0.0, 0.0, 0.0, 0.0, 0.0, 0.0, 0.0, 0.0, 0.0, 0.0, 0.0, 0.0, 0.0, 0.0, 0.0, 0.0, 0.0, 0.0, 0.0, 0.0, 
0.0, 0.0, 0.0, 0.0, 0.0, 0.0, 0.0, 0.0, 0.0, 0.0, 0.0, 0.0, 0.0, 0.0, 0.0, 0.0, 0.0, 0.0, 0.0, 0.0, 0.0, 0.0, 0.0, 0.0, 0.0, 0.0, 0.0, 0.0, 0.0, 0.0, 
0.0, 0.0, 0.0, 0.0, 0.0, 0.0, 0.0, 0.0, 0.0, 0.0, 0.0, 0.0, 0.0, 0.0, 0.0, 0.0, 0.0, 0.0, 0.0, 0.0, 0.0, 0.0, 0.0, 0.0, 0.0, 0.0, 0.0, 0.0, 0.0, 0.0, 
3.4659736713238036, 0.0, 0.0, 0.0, 0.0, 87.8130443870333, 0.0, 27.20340861135693, 54.1260783674601, 0.0, 107.84332074836757, 87.89693485166752, 0.0, 0.0, 0.0, 0.0, 0.0, 0.0, 0.0, 0.0, 0.0, 0.0, 0.0, 0.0, 186.37693643925638, 0.09154606712942748, 0.0, 0.0, 0.0, 22.997227992928945, 
0.0, 0.0, 576.7379550684711, 0.0, 0.0, 71.52205872393797, 0.0, 96.17936164615952, 33.99791632694954, 0.0, 37.87563393697705, 0.0, 0.0, 0.0, 0.0, 0.0, 0.0, 0.0, 0.0, 0.0, 0.0, 0.0, 0.0, 0.0, 189.98707125724061, 12.227959705711756, 0.0, 4.488623783074002, 0.0, 103.61576665737056, 
403.71342014789684, 0.0, 0.0, 0.0, 0.0, 205.42099056568264, 0.0, 33.11118601690142, 0.0, 0.0, 57.52395203861707, 53.51624085740408, 0.0, 0.0, 0.0, 0.0, 0.0, 0.0, 0.0, 0.0, 0.0, 0.0, 0.0, 0.0, 698.5602278307058, 145.81022792120308, 0.0, 40.70642186041305, 0.0, 164.63794510220603, 
106.31701000653497, 0.0, 274.65782801936655, 0.0, 119.56119325985847, 63.49026661214472, 0.0, 75.73005501079498, 19.031695226976613, 0.0, 51.10269954028776, 48.25394040588234, 44.155033124047755, 0.0, 36.717654436997954, 0.0, 0.0, 0.0, 0.0, 188.3267350431782, 0.0, 0.0, 0.0, 0.0, 0.0, 0.0, 0.0, 14.743833411396007, 0.0, 0.0, 
0.0, 0.0, 0.0, 0.0, 0.0, 0.0, 0.0, 0.0, 0.0, 0.0, 0.0, 0.0, 0.0, 0.0, 0.0, 0.0, 0.0, 0.0, 0.0, 0.0, 0.0, 0.0, 0.0, 0.0, 0.0, 0.0, 0.0, 0.0, 0.0, 0.0, 
2.998940696370789, 0.0, 2.035554945685001, 0.0, 5.3164346310243635, 0.7717291363895263, 0.0, 7.369327754943206, 989.6129456082633, 0.0, 0.0, 0.6577758308455236, 1.407713323339478, 0.0, 5.336385647963449, 0.0, 0.0, 0.0, 0.0, 1.2271217182861336, 0.0, 0.0, 0.0, 0.0, 0.0, 0.0, 0.0, 58.980374395900014, 0.0, 2.195861997999226, 
153.37726423982411, 0.0, 446.0401684497963, 0.0, 168.38008279977927, 248.39077497450626, 0.0, 306.3293970861382, 141.50012430898659, 0.0, 81.34001656548088, 21.24720771399534, 198.50080812682097, 0.0, 84.36486218835306, 0.0, 0.0, 35.66259705408747, 0.0, 357.69873618111126, 0.0, 0.0, 0.0, 0.0, 0.0, 0.0, 0.0, 143.74099322925485, 0.0, 154.73381338980658, 
0.0, 0.0, 0.0, 0.0, 28.449949283859425, 3.1730341665791264, 0.0, 119.48613526906821, 50.32251992764448, 0.0, 0.0, 40.76678901402409, 28.085994408605846, 0.0, 0.0, 0.0, 0.0, 207.6348668652463, 0.0, 9.731187051482234, 0.0, 0.0, 0.0, 0.0, 0.0, 0.0, 0.0, 0.0, 0.0, 40.868500773820735, 
3.71167878992931, 0.0, 193.10746580921537, 0.0, 0.0, 0.0, 0.0, 0.0, 125.81495953763846, 0.0, 289.28656999050844, 0.0, 0.0, 0.0, 0.0, 0.0, 0.0, 0.0, 0.0, 47.69290448020735, 0.0, 0.0, 0.0, 0.0, 457.90228693185554, 0.0, 0.0, 24.621133243051364, 0.0, 638.3405328188447, 
177.58773423551355, 0.0, 35.24272399215804, 0.0, 0.0, 123.86808551370429, 0.0, 123.88675945888595, 0.0, 0.0, 0.0, 67.426367498021, 196.5658586906293, 0.0, 63.720202847235875, 0.0, 0.0, 4.173986389472127, 0.0, 32.23475548675253, 0.0, 0.0, 0.0, 0.0, 244.65807134677152, 0.0, 0.0, 0.0, 0.0, 0.0, 
