0.0, 0.0, 0.0, 0.0, 0.0, 0.0, 0.0, 0.0, 0.0, 0.0, 0.0, 0.0, 0.0, 0.0, 0.0, 0.0, 0.0, 0.0, 0.0, 0.0, 0.0, 0.0, 0.0, 0.0, 0.0, 0.0, 0.0, 0.0, 0.0, 0.0, 
0.0, 0.0, 0.0, 0.0, 0.0, 0.0, 0.0, 0.0, 95.66030279088504, 0.0, 94.71515546588515, 158.7984822115809, 122.21662200583965, 0.0, 0.0, 0.0, 0.0, 1.18352856811516E-5, 0.0, 181.3626280985828, 0.0, 0.0, 0.0, 0.0, 6.036545028731035E-6, 2.4597164508357544E-6, 0.0, 77.0526020168859, 0.0, 137.11053971274637, 
0.0, 0.0, 0.0, 0.0, 0.0, 0.0, 0.0, 0.0, 0.0, 0.0, 0.0, 0.0, 0.0, 0.0, 0.0, 0.0, 0.0, 0.0, 0.0, 0.0, 0.0, 0.0, 0.0, 0.0, 0.0, 0.0, 0.0, 0.0, 0.0, 0.0, 
0.0, 0.0, 0.0, 0.0, 0.0, 0.0, 0.0, 49.87493810654458, 3.009887471311859E-4, 0.0, 2.416529191770309, 0.03539154771197963, 29.810303766877315, 0.0, 0.0, 0.0, 0.0, 31.167850113100275, 0.0, 256.9440226449831, 0.0, 0.0, 0.0, 0.0, 0.0, 359.15304498722554, 0.0, 6.181872172374388E-6, 0.0, 5.955503659809314E-4, 
0.0, 0.0, 0.0, 0.0, 0.0, 0.0, 0.0, 59.98969355474331, 6.52930369186838E-4, 0.0, 15.892099874740437, 0.002171023333732562, 4.476508079172501E-4, 0.0, 4.206853232559953E-4, 0.0, 0.0, 1.455919471487285E-5, 0.0, 8.43204560359628E-4, 0.0, 0.0, 0.0, 0.0, 140.7844431070464, 6.049244154113349, 0.0, 0.0, 0.0, 1.5212194763049116E-4, 
0.0, 0.0, 0.0, 0.0, 0.0, 0.0, 0.0, 0.0, 0.0, 0.0, 0.0, 0.0, 0.0, 0.0, 0.0, 0.0, 0.0, 0.0, 0.0, 0.0, 0.0, 0.0, 0.0, 0.0, 0.0, 0.0, 0.0, 0.0, 0.0, 0.0, 
0.0, 0.0, 0.0, 0.0, 0.0, 0.0, 0.0, 553.0998354040577, 2.201212550207894E-4, 0.0, 92.41769756205225, 25.386977959254335, 91.29087397866414, 0.0, 107.16673994225603, 0.0, 0.0, 0.0, 0.0, 204.74440590833444, 0.0, 0.0, 0.0, 0.0, 569.287927110301, 131.26180595977343, 0.0, 152.73928509095933, 0.0, 3.917967604769546E-4, 
3.987678224483811E-5, 0.0, 1.1704085371693618E-5, 0.0, 0.0, 37.858490997609735, 0.0, 0.0, 156.56287476317453, 0.0, 232.740894334485, 106.94412250382946, 246.14772164119677, 0.0, 0.0, 0.0, 0.0, 5.210362280503749E-6, 0.0, 37.86552277886056, 0.0, 0.0, 0.0, 0.0, 1.2695197854445678E-5, 8.147283382917714E-6, 0.0, 2.1452304655264785E-5, 0.0, 486.39941934822633, 
472.422548559497, 0.0, 8.973826746021581E-6, 0.0, 0.0, 64.52536152902978, 0.0, 0.0, 0.0, 0.0, 0.0, 159.08382760822394, 124.95349856211443, 0.0, 3.0622194723810074, 0.0, 0.0, 1.7182613544627867E-6, 0.0, 2.39158613132821, 0.0, 0.0, 0.0, 0.0, 342.6082615732455, 174.2922620427073, 0.0, 2.0790965221533918E-4, 0.0, 0.0, 
376.5331113709798, 0.0, 1.3242301081281488E-5, 0.0, 1.918681124004771E-5, 254.47562616576928, 0.0, 69.0539319456171, 0.0, 0.0, 0.0, 109.83423313084587, 1017.9386912057333, 0.0, 399.42166333327197, 0.0, 0.0, 0.0, 0.0, 39.99873678502838, 0.0, 0.0, 0.0, 0.0, 183.13550325386086, 0.0, 0.0, 6.179143485266124E-5, 0.0, 0.0, 
0.0, 0.0, 0.0, 0.0, 0.0, 0.0, 0.0, 0.0, 0.0, 0.0, 0.0, 0.0, 0.0, 0.0, 0.0, 0.0, 0.0, 0.0, 0.0, 0.0, 0.0, 0.0, 0.0, 0.0, 0.0, 0.0, 0.0, 0.0, 0.0, 0.0, 
0.0, 0.0, 0.0, 0.0, 0.0, 0.0, 0.0, 0.0, 0.0, 0.0, 0.0, 0.0, 0.0, 0.0, 0.0, 0.0, 0.0, 0.0, 0.0, 0.0, 0.0, 0.0, 0.0, 0.0, 0.0, 0.0, 0.0, 0.0, 0.0, 0.0, 
0.0, 0.0, 0.0, 0.0, 0.0, 0.0, 0.0, 0.0, 0.0, 0.0, 0.0, 0.0, 0.0, 0.0, 0.0, 0.0, 0.0, 0.0, 0.0, 0.0, 0.0, 0.0, 0.0, 0.0, 0.0, 0.0, 0.0, 0.0, 0.0, 0.0, 
1.0257369410506118E-5, 0.0, 1.3861938006521992E-5, 0.0, 6.771177700578993E-6, 326.03748018184245, 0.0, 348.64786143285215, 0.0, 0.0, 720.3678237710293, 0.0, 0.0, 0.0, 0.0, 0.0, 0.0, 0.0, 0.0, 0.0, 0.0, 0.0, 0.0, 0.0, 133.14287626043762, 1.0577986833413614E-5, 0.0, 2.0678631694045946E-5, 0.0, 321.23851670189157, 
0.0, 0.0, 0.0, 0.0, 0.0, 0.0, 0.0, 0.0, 0.0, 0.0, 0.0, 0.0, 0.0, 0.0, 0.0, 0.0, 0.0, 0.0, 0.0, 0.0, 0.0, 0.0, 0.0, 0.0, 0.0, 0.0, 0.0, 0.0, 0.0, 0.0, 
3.272327066237275E-5, 0.0, 2.5842787748769174E-6, 0.0, 5.521935451975139E-6, 169.67168596526483, 0.0, 75.13720727846157, 0.0, 0.0, 75.39394643753586, 0.0, 0.0, 0.0, 0.0, 0.0, 0.0, 0.0, 0.0, 1.5955408238526594E-4, 0.0, 0.0, 0.0, 0.0, 0.29199181190243695, 3.9195089067486764E-5, 0.0, 4.1341813218237536E-6, 0.0, 331.77236289885957, 
0.0, 0.0, 0.0, 0.0, 0.0, 0.0, 0.0, 0.0, 0.0, 0.0, 0.0, 0.0, 0.0, 0.0, 0.0, 0.0, 0.0, 0.0, 0.0, 0.0, 0.0, 0.0, 0.0, 0.0, 0.0, 0.0, 0.0, 0.0, 0.0, 0.0, 
0.0, 0.0, 0.0, 0.0, 0.0, 0.0, 0.0, 0.0, 0.0, 0.0, 0.0, 0.0, 0.0, 0.0, 0.0, 0.0, 0.0, 0.0, 0.0, 0.0, 0.0, 0.0, 0.0, 0.0, 0.0, 0.0, 0.0, 0.0, 0.0, 0.0, 
0.0, 0.0, 0.0, 0.0, 0.0, 0.0, 0.0, 0.0, 0.0, 0.0, 0.0, 0.0, 0.0, 0.0, 0.0, 0.0, 0.0, 0.0, 0.0, 0.0, 0.0, 0.0, 0.0, 0.0, 0.0, 0.0, 0.0, 0.0, 0.0, 0.0, 
0.0, 0.0, 0.0, 0.0, 0.0, 0.0, 0.0, 0.0, 0.0, 0.0, 0.0, 0.0, 0.0, 0.0, 0.0, 0.0, 0.0, 0.0, 0.0, 0.0, 0.0, 0.0, 0.0, 0.0, 0.0, 0.0, 0.0, 0.0, 0.0, 0.0, 
1.1093792013469791E-5, 0.0, 0.0, 0.0, 0.0, 145.00162116841653, 0.0, 7.857052950835073E-5, 7.17146414335496, 0.0, 42.49839808902207, 0.04564922086995691, 0.0, 0.0, 0.0, 0.0, 0.0, 0.0, 0.0, 0.0, 0.0, 0.0, 0.0, 0.0, 317.2412442623992, 1.144257090662449E-5, 0.0, 0.0, 0.0, 0.09778570586302608, 
0.0, 0.0, 510.8621160507535, 0.0, 0.0, 87.85441302737419, 0.0, 76.94835275183618, 211.47115787081526, 0.0, 67.28380681380327, 0.0, 0.0, 0.0, 0.0, 0.0, 0.0, 0.0, 0.0, 0.0, 0.0, 0.0, 0.0, 0.0, 1.0523054574751545E-5, 8.260538464484099E-6, 0.0, 1.6371638726825635E-5, 0.0, 99.20969763842183, 
208.16178339151, 0.0, 0.0, 0.0, 0.0, 372.9448051549397, 0.0, 42.46903380489667, 0.0, 0.0, 50.17365661015616, 21.00024879893121, 0.0, 0.0, 0.0, 0.0, 0.0, 0.0, 0.0, 0.0, 0.0, 0.0, 0.0, 0.0, 947.4025140047802, 125.13106674821336, 0.0, 9.115393417926627E-6, 0.0, 88.4778336526787, 
26.601797352559526, 0.0, 396.3260106524818, 0.0, 232.98003223524535, 0.001149890053303674, 0.0, 207.95274850662477, 6.680001812897476E-6, 0.0, 6.157352992935035E-5, 9.721555682422546E-5, 6.313404725321855, 0.0, 8.051318414590492, 0.0, 0.0, 0.0, 0.0, 163.76518904373248, 0.0, 0.0, 0.0, 0.0, 0.0, 0.0, 0.0, 1.5521093801199998E-5, 0.0, 0.0, 
0.0, 0.0, 0.0, 0.0, 0.0, 0.0, 0.0, 0.0, 0.0, 0.0, 0.0, 0.0, 0.0, 0.0, 0.0, 0.0, 0.0, 0.0, 0.0, 0.0, 0.0, 0.0, 0.0, 0.0, 0.0, 0.0, 0.0, 0.0, 0.0, 0.0, 
1.2309578879142227E-6, 0.0, 3.960853281521182E-6, 0.0, 1.3048239093801022E-6, 5.341754960859819E-7, 0.0, 6.887690974135411E-7, 1113.3247554134234, 0.0, 0.0, 3.893406253381394E-6, 7.448699793186524E-7, 0.0, 3.7732709320733848E-6, 0.0, 0.0, 0.0, 0.0, 1.2645051783538962E-6, 0.0, 0.0, 0.0, 0.0, 0.0, 0.0, 0.0, 4.030845872380158E-6, 0.0, 1.570893670224875E-6, 
185.2741488434495, 0.0, 369.8482676026269, 0.0, 289.57287706320363, 173.4242289117156, 0.0, 122.9820617523185, 72.59577639839227, 0.0, 8.34933925696487, 5.474994831181275, 90.6138070043287, 0.0, 174.61184884487642, 0.0, 0.0, 28.670394203300834, 0.0, 353.1829502888273, 0.0, 0.0, 0.0, 0.0, 0.0, 0.0, 0.0, 233.15629556052215, 0.0, 343.1224526346341, 
0.0, 0.0, 0.0, 0.0, 7.699290130935675E-6, 3.6373557915369837E-6, 0.0, 78.3117493418034, 18.162787626179583, 0.0, 0.0, 120.50379309143692, 81.45239626851128, 0.0, 0.0, 0.0, 0.0, 206.25330861993785, 0.0, 9.67942997725004E-5, 0.0, 0.0, 0.0, 0.0, 0.0, 0.0, 0.0, 0.0, 0.0, 3.2924399916887845E-4, 
9.91700896704366E-6, 0.0, 294.46579125081155, 0.0, 0.0, 0.0, 0.0, 0.0, 216.46833618585475, 0.0, 94.54716937997765, 0.0, 0.0, 0.0, 0.0, 0.0, 0.0, 0.0, 0.0, 1.0673228784031834, 0.0, 0.0, 0.0, 0.0, 453.6314782151866, 0.0, 0.0, 3.135416999312752E-5, 0.0, 4.847719745937577E13, 
248.75046494049394, 0.0, 5.2229184935346765E-6, 0.0, 0.0, 264.38711795008936, 0.0, 74.41665512891991, 0.0, 0.0, 0.0, 66.611393605672, 240.28121773302763, 0.0, 135.45444894234555, 0.0, 0.0, 1.903102222677373E-5, 0.0, 5.390043364490594E-4, 0.0, 0.0, 0.0, 0.0, 352.5747954136246, 0.0, 0.0, 0.0, 0.0, 0.0, 
