0.0, 0.0, 0.0, 0.0, 0.0, 0.0, 0.0, 0.0, 0.0, 0.0, 0.0, 0.0, 0.0, 0.0, 0.0, 0.0, 0.0, 0.0, 0.0, 0.0, 0.0, 0.0, 0.0, 0.0, 0.0, 0.0, 0.0, 0.0, 0.0, 0.0, 
0.0, 0.0, 0.0, 0.0, 0.0, 0.0, 0.0, 50.69218481137766, 27.767385652763377, 0.0, 154.78090844287723, 30.73713998267541, 27.276547189632506, 0.0, 0.0, 0.0, 0.0, 12.063606217072365, 0.0, 179.11801290010126, 0.0, 0.0, 0.0, 0.0, 265.22254160507464, 22.908472927704427, 0.0, 63.48115565358836, 0.0, 6.69618985539061, 
0.0, 0.0, 0.0, 0.0, 0.0, 0.0, 0.0, 0.0, 0.0, 0.0, 0.0, 0.0, 0.0, 0.0, 0.0, 0.0, 0.0, 0.0, 0.0, 0.0, 0.0, 0.0, 0.0, 0.0, 0.0, 0.0, 0.0, 0.0, 0.0, 0.0, 
0.0, 0.0, 0.0, 0.0, 0.0, 0.0, 0.0, 7.705335541176195, 26.32956595793967, 0.0, 50.374043777235194, 8.847361884453676, 137.82024680936038, 0.0, 0.0, 0.0, 0.0, 38.87924968211476, 0.0, 129.71519547586564, 0.0, 0.0, 0.0, 0.0, 0.0, 240.56375787530766, 0.0, 58.48833535038567, 0.0, 65.32600665430272, 
0.0, 0.0, 0.0, 0.0, 0.0, 0.0, 0.0, 70.73397547295416, 52.19927143908015, 0.0, 21.912249736536882, 5.234964629150907, 28.022444555451777, 0.0, 42.65517436989019, 0.0, 0.0, 53.367760636282625, 0.0, 41.21889237331805, 0.0, 0.0, 0.0, 0.0, 37.83573291071726, 18.10585253189795, 0.0, 0.0, 0.0, 17.120066992954598, 
0.0, 0.0, 0.0, 0.0, 0.0, 0.0, 0.0, 0.0, 0.0, 0.0, 0.0, 0.0, 0.0, 0.0, 0.0, 0.0, 0.0, 0.0, 0.0, 0.0, 0.0, 0.0, 0.0, 0.0, 0.0, 0.0, 0.0, 0.0, 0.0, 0.0, 
0.0, 0.0, 0.0, 0.0, 0.0, 0.0, 0.0, 145.10454206147176, 3.4172470119723797, 0.0, 12.681871020502832, 152.71294888909264, 114.04960214784754, 0.0, 11.68952753774741, 0.0, 0.0, 0.0, 0.0, 87.52764145160097, 0.0, 0.0, 0.0, 0.0, 1031.003633759799, 265.44866689764456, 0.0, 6.737720313989892, 0.0, 129.70844421071803, 
49.07830746230596, 0.0, 116.86198305695584, 0.0, 0.0, 251.86339152117637, 0.0, 0.0, 380.21749536918645, 0.0, 19.514054993000297, 33.43760890211656, 215.68239016631946, 0.0, 0.0, 0.0, 0.0, 4.429228915252659, 0.0, 30.26374350274602, 0.0, 0.0, 0.0, 0.0, 50.42759157934057, 11.700501799048856, 0.0, 8.287283022645253, 0.0, 42.10368560316585, 
119.20094139866438, 0.0, 0.29282263750431414, 0.0, 0.0, 293.92561733023035, 0.0, 0.0, 0.0, 0.0, 0.0, 44.508120131480645, 79.34046694909924, 0.0, 47.25571564080244, 0.0, 0.0, 32.15780093896959, 0.0, 327.11952366738603, 0.0, 0.0, 0.0, 0.0, 327.0449222372447, 2.7353246232710795, 0.0, 3.0095472402885126, 0.0, 0.0, 
91.25116621309553, 0.0, 128.74735787010894, 0.0, 14.790508507163015, 235.29684407566188, 0.0, 210.89486341072666, 0.0, 0.0, 0.0, 46.5832638296661, 981.6398175948129, 0.0, 496.68220096519707, 0.0, 0.0, 0.0, 0.0, 81.54955235912963, 0.0, 0.0, 0.0, 0.0, 189.96816151103678, 0.0, 0.0, 3.263484499145597, 0.0, 0.0, 
0.0, 0.0, 0.0, 0.0, 0.0, 0.0, 0.0, 0.0, 0.0, 0.0, 0.0, 0.0, 0.0, 0.0, 0.0, 0.0, 0.0, 0.0, 0.0, 0.0, 0.0, 0.0, 0.0, 0.0, 0.0, 0.0, 0.0, 0.0, 0.0, 0.0, 
0.0, 0.0, 0.0, 0.0, 0.0, 0.0, 0.0, 0.0, 0.0, 0.0, 0.0, 0.0, 0.0, 0.0, 0.0, 0.0, 0.0, 0.0, 0.0, 0.0, 0.0, 0.0, 0.0, 0.0, 0.0, 0.0, 0.0, 0.0, 0.0, 0.0, 
0.0, 0.0, 0.0, 0.0, 0.0, 0.0, 0.0, 0.0, 0.0, 0.0, 0.0, 0.0, 0.0, 0.0, 0.0, 0.0, 0.0, 0.0, 0.0, 0.0, 0.0, 0.0, 0.0, 0.0, 0.0, 0.0, 0.0, 0.0, 0.0, 0.0, 
17.20159730853371, 0.0, 39.738869351718385, 0.0, 30.417651092501774, 279.4411887291071, 0.0, 52.70016007954015, 0.0, 0.0, 1019.9070060981219, 0.0, 0.0, 0.0, 0.0, 0.0, 0.0, 0.0, 0.0, 0.0, 0.0, 0.0, 0.0, 0.0, 7.157827198544919, 31.65011079120622, 0.0, 30.785865366865906, 0.0, 293.54145684400834, 
0.0, 0.0, 0.0, 0.0, 0.0, 0.0, 0.0, 0.0, 0.0, 0.0, 0.0, 0.0, 0.0, 0.0, 0.0, 0.0, 0.0, 0.0, 0.0, 0.0, 0.0, 0.0, 0.0, 0.0, 0.0, 0.0, 0.0, 0.0, 0.0, 0.0, 
3.755171133303481, 0.0, 76.95627213380817, 0.0, 20.214718606491196, 82.803331420299, 0.0, 215.77459798110704, 0.0, 0.0, 43.15069223192436, 0.0, 0.0, 0.0, 0.0, 0.0, 0.0, 0.0, 0.0, 5.40959653743095, 0.0, 0.0, 0.0, 0.0, 29.588548219167304, 130.4728396522198, 0.0, 26.198432614543556, 0.0, 89.73264380903568, 
0.0, 0.0, 0.0, 0.0, 0.0, 0.0, 0.0, 0.0, 0.0, 0.0, 0.0, 0.0, 0.0, 0.0, 0.0, 0.0, 0.0, 0.0, 0.0, 0.0, 0.0, 0.0, 0.0, 0.0, 0.0, 0.0, 0.0, 0.0, 0.0, 0.0, 
0.0, 0.0, 0.0, 0.0, 0.0, 0.0, 0.0, 0.0, 0.0, 0.0, 0.0, 0.0, 0.0, 0.0, 0.0, 0.0, 0.0, 0.0, 0.0, 0.0, 0.0, 0.0, 0.0, 0.0, 0.0, 0.0, 0.0, 0.0, 0.0, 0.0, 
0.0, 0.0, 0.0, 0.0, 0.0, 0.0, 0.0, 0.0, 0.0, 0.0, 0.0, 0.0, 0.0, 0.0, 0.0, 0.0, 0.0, 0.0, 0.0, 0.0, 0.0, 0.0, 0.0, 0.0, 0.0, 0.0, 0.0, 0.0, 0.0, 0.0, 
0.0, 0.0, 0.0, 0.0, 0.0, 0.0, 0.0, 0.0, 0.0, 0.0, 0.0, 0.0, 0.0, 0.0, 0.0, 0.0, 0.0, 0.0, 0.0, 0.0, 0.0, 0.0, 0.0, 0.0, 0.0, 0.0, 0.0, 0.0, 0.0, 0.0, 
27.967963979823097, 0.0, 0.0, 0.0, 0.0, 69.38900014483536, 0.0, 0.6549397670603252, 33.074828102613864, 0.0, 25.740460290721632, 6.079934071638093, 0.0, 0.0, 0.0, 0.0, 0.0, 0.0, 0.0, 0.0, 0.0, 0.0, 0.0, 0.0, 368.59287200816726, 8.463930045650264, 0.0, 0.0, 0.0, 14.318947114135893, 
0.0, 0.0, 470.17553530968075, 0.0, 0.0, 196.8668277778385, 0.0, 33.315504887792834, 40.150756553100905, 0.0, 1.8115901380202915, 0.0, 0.0, 0.0, 0.0, 0.0, 0.0, 0.0, 0.0, 0.0, 0.0, 0.0, 0.0, 0.0, 127.25048565476953, 55.47445979014554, 0.0, 7.3795610127688205, 0.0, 149.60073238835565, 
468.43383658399625, 0.0, 0.0, 0.0, 0.0, 148.96303460857308, 0.0, 1.0016902780685677, 0.0, 0.0, 46.18134450254181, 54.62013990517656, 0.0, 0.0, 0.0, 0.0, 0.0, 0.0, 0.0, 0.0, 0.0, 0.0, 0.0, 0.0, 611.6861798641014, 127.5808033148546, 0.0, 34.85480841034938, 0.0, 315.5141698841151, 
118.80113824863258, 0.0, 198.72656904782244, 0.0, 105.10874001342691, 92.06929429522337, 0.0, 47.649409503925874, 92.76367923943155, 0.0, 25.076333972411604, 135.1461731340523, 53.580303497917704, 0.0, 42.472030920125526, 0.0, 0.0, 0.0, 0.0, 105.51257604753057, 0.0, 0.0, 0.0, 0.0, 0.0, 0.0, 0.0, 27.572868422764742, 0.0, 0.0, 
0.0, 0.0, 0.0, 0.0, 0.0, 0.0, 0.0, 0.0, 0.0, 0.0, 0.0, 0.0, 0.0, 0.0, 0.0, 0.0, 0.0, 0.0, 0.0, 0.0, 0.0, 0.0, 0.0, 0.0, 0.0, 0.0, 0.0, 0.0, 0.0, 0.0, 
23.014409455964724, 0.0, 66.26360604969628, 0.0, 72.0585678920404, 27.787007180709477, 0.0, 17.004672016548927, 541.2544606406499, 0.0, 0.0, 41.79204830673905, 28.522851808089833, 0.0, 1.3074104136513998, 0.0, 0.0, 0.0, 0.0, 2.704510247720171, 0.0, 0.0, 0.0, 0.0, 0.0, 0.0, 0.0, 201.05188350953352, 0.0, 4.736897232772597, 
150.30437085580272, 0.0, 437.2305764291484, 0.0, 24.684642535473202, 182.64302568872054, 0.0, 748.5779955180948, 310.42728665000215, 0.0, 119.75270790619464, 52.774024844141955, 97.34145296522401, 0.0, 114.71221437659834, 0.0, 0.0, 124.97011834138705, 0.0, 63.91112636229229, 0.0, 0.0, 0.0, 0.0, 0.0, 0.0, 0.0, 25.928810639014475, 0.0, 45.822300499768595, 
0.0, 0.0, 0.0, 0.0, 40.297529825833514, 7.184772056963162, 0.0, 37.61466816907888, 15.240491635756525, 0.0, 0.0, 160.70367245054845, 85.35398124827515, 0.0, 0.0, 0.0, 0.0, 58.95752498900675, 0.0, 8.900857247808924, 0.0, 0.0, 0.0, 0.0, 0.0, 0.0, 0.0, 0.0, 0.0, 184.2947562650646, 
90.22581893592958, 0.0, 63.419565150107104, 0.0, 0.0, 0.0, 0.0, 0.0, 350.4636536116928, 0.0, 26.159252006829114, 0.0, 0.0, 0.0, 0.0, 0.0, 0.0, 0.0, 0.0, 34.86785529138242, 0.0, 0.0, 0.0, 0.0, 49.38832456015096, 0.0, 0.0, 42.95408941531315, 0.0, 579.4132376524474, 
353.0620908006479, 0.0, 25.973139512001975, 0.0, 0.0, 52.40071021611081, 0.0, 54.03358219231136, 0.0, 0.0, 0.0, 0.4633670477306284, 18.845274952135615, 0.0, 2.25747654664471, 0.0, 0.0, 72.94863582934768, 0.0, 39.332567820132724, 0.0, 0.0, 0.0, 0.0, 109.37751103216365, 0.0, 0.0, 0.0, 0.0, 0.0, 
