0.0, 0.0, 0.0, 0.0, 0.0, 0.0, 0.0, 0.0, 0.0, 0.0, 0.0, 0.0, 0.0, 0.0, 0.0, 0.0, 0.0, 0.0, 0.0, 0.0, 0.0, 0.0, 0.0, 0.0, 0.0, 0.0, 0.0, 0.0, 0.0, 0.0, 
0.0, 0.0, 0.0, 0.0, 0.0, 0.0, 0.0, 0.0, 0.0, 0.0, 0.0, 0.0, 0.0, 0.0, 0.0, 0.0, 0.0, 0.0, 0.0, 371.44221083334406, 0.0, 0.0, 0.0, 0.0, 0.0015228358584504454, 0.0013500394836189606, 0.0, 89.88953656926266, 0.0, 405.14758403253995, 
0.0, 0.0, 0.0, 0.0, 0.0, 0.0, 0.0, 0.0, 0.0, 0.0, 0.0, 0.0, 0.0, 0.0, 0.0, 0.0, 0.0, 0.0, 0.0, 0.0, 0.0, 0.0, 0.0, 0.0, 0.0, 0.0, 0.0, 0.0, 0.0, 0.0, 
0.0, 0.0, 0.0, 0.0, 0.0, 0.0, 0.0, 83.76513484162184, 0.008038802637837041, 0.0, 13.628693835483851, 0.022364453895663952, 0.02544038697978912, 0.0, 0.0, 0.0, 0.0, 45.81325444086411, 0.0, 391.7557431150969, 0.0, 0.0, 0.0, 0.0, 0.0, 198.15862687410447, 0.0, 3.298393240218105E-4, 0.0, 0.016364099131269818, 
0.0, 0.0, 0.0, 0.0, 0.0, 0.0, 0.0, 32.65846932275315, 0.011657729946107505, 0.0, 35.66429850989851, 0.0887939008939588, 42.335696608761, 0.0, 0.004276733633135662, 0.0, 0.0, 8.878411007325576E-4, 0.0, 0.02278396849960074, 0.0, 0.0, 0.0, 0.0, 116.16060761686609, 0.010704627084337314, 0.0, 0.0, 0.0, 0.0265442920523531, 
0.0, 0.0, 0.0, 0.0, 0.0, 0.0, 0.0, 0.0, 0.0, 0.0, 0.0, 0.0, 0.0, 0.0, 0.0, 0.0, 0.0, 0.0, 0.0, 0.0, 0.0, 0.0, 0.0, 0.0, 0.0, 0.0, 0.0, 0.0, 0.0, 0.0, 
0.0, 0.0, 0.0, 0.0, 0.0, 0.0, 0.0, 236.53503787094155, 0.0722009298458712, 0.0, 178.52041988105307, 43.24156115588085, 96.97150996318581, 0.0, 130.9456583451565, 0.0, 0.0, 0.0, 0.0, 71.323624440327, 0.0, 0.0, 0.0, 0.0, 812.9456695175633, 298.3304947585611, 0.0, 17.117718515168864, 0.0, 40.467681126765804, 
0.001200360519760701, 0.0, 0.0044886133752445375, 0.0, 0.0, 89.02497013163017, 0.0, 0.0, 10.883956656621743, 0.0, 329.5149166786444, 165.57488034024956, 267.3509060533432, 0.0, 0.0, 0.0, 0.0, 3.365910773165776E-4, 0.0, 4.14376051282465, 0.0, 0.0, 0.0, 0.0, 0.0013945414431190063, 0.002298006490598837, 0.0, 0.017358960678342392, 0.0, 438.00167945752463, 
281.1553440696647, 0.0, 0.0036016488691705518, 0.0, 0.0, 202.7050875066838, 0.0, 0.0, 0.0, 0.0, 0.0, 330.90250901393546, 129.47253742472535, 0.0, 0.011759010684317341, 0.0, 0.0, 2.0980801315379443E-4, 0.0, 5.18923645461233, 0.0, 0.0, 0.0, 0.0, 250.52277924903115, 262.16096411730825, 0.0, 139.16148294501193, 0.0, 0.0, 
85.52630977304912, 0.0, 0.003981118970033294, 0.0, 0.0017428554748412602, 6.642513388296186, 0.0, 244.48104773202306, 0.0, 0.0, 0.0, 0.015941276446495584, 1008.3990280317266, 0.0, 372.1421502099773, 0.0, 0.0, 0.0, 0.0, 0.016883438174665963, 0.0, 0.0, 0.0, 0.0, 738.8791748435858, 0.0, 0.0, 0.007502256257633207, 0.0, 0.0, 
0.0, 0.0, 0.0, 0.0, 0.0, 0.0, 0.0, 0.0, 0.0, 0.0, 0.0, 0.0, 0.0, 0.0, 0.0, 0.0, 0.0, 0.0, 0.0, 0.0, 0.0, 0.0, 0.0, 0.0, 0.0, 0.0, 0.0, 0.0, 0.0, 0.0, 
0.0, 0.0, 0.0, 0.0, 0.0, 0.0, 0.0, 0.0, 0.0, 0.0, 0.0, 0.0, 0.0, 0.0, 0.0, 0.0, 0.0, 0.0, 0.0, 0.0, 0.0, 0.0, 0.0, 0.0, 0.0, 0.0, 0.0, 0.0, 0.0, 0.0, 
0.0, 0.0, 0.0, 0.0, 0.0, 0.0, 0.0, 0.0, 0.0, 0.0, 0.0, 0.0, 0.0, 0.0, 0.0, 0.0, 0.0, 0.0, 0.0, 0.0, 0.0, 0.0, 0.0, 0.0, 0.0, 0.0, 0.0, 0.0, 0.0, 0.0, 
2.012227693602077E-5, 0.0, 0.0024214643587921205, 0.0, 0.0021839981782140225, 145.03499620793167, 0.0, 352.5247605928803, 0.0, 0.0, 181.9130424087319, 0.0, 0.0, 0.0, 0.0, 0.0, 0.0, 0.0, 0.0, 0.0, 0.0, 0.0, 0.0, 0.0, 173.78862006432925, 4.607186982039265E-4, 0.0, 0.0026963399780299837, 0.0, 996.6692180344598, 
0.0, 0.0, 0.0, 0.0, 0.0, 0.0, 0.0, 0.0, 0.0, 0.0, 0.0, 0.0, 0.0, 0.0, 0.0, 0.0, 0.0, 0.0, 0.0, 0.0, 0.0, 0.0, 0.0, 0.0, 0.0, 0.0, 0.0, 0.0, 0.0, 0.0, 
7.601862251336145E-4, 0.0, 4.803710619785709E-4, 0.0, 2.9225392217502826E-4, 299.0823584465623, 0.0, 123.78740906262692, 0.0, 0.0, 345.28179272576176, 0.0, 0.0, 0.0, 0.0, 0.0, 0.0, 0.0, 0.0, 0.09838136626510056, 0.0, 0.0, 0.0, 0.0, 0.0, 0.0, 0.0, 0.0, 0.0, 0.0, 
0.0, 0.0, 0.0, 0.0, 0.0, 0.0, 0.0, 0.0, 0.0, 0.0, 0.0, 0.0, 0.0, 0.0, 0.0, 0.0, 0.0, 0.0, 0.0, 0.0, 0.0, 0.0, 0.0, 0.0, 0.0, 0.0, 0.0, 0.0, 0.0, 0.0, 
0.0, 0.0, 0.0, 0.0, 0.0, 0.0, 0.0, 0.0, 0.0, 0.0, 0.0, 0.0, 0.0, 0.0, 0.0, 0.0, 0.0, 0.0, 0.0, 0.0, 0.0, 0.0, 0.0, 0.0, 0.0, 0.0, 0.0, 0.0, 0.0, 0.0, 
0.0, 0.0, 0.0, 0.0, 0.0, 0.0, 0.0, 0.0, 0.0, 0.0, 0.0, 0.0, 0.0, 0.0, 0.0, 0.0, 0.0, 0.0, 0.0, 0.0, 0.0, 0.0, 0.0, 0.0, 0.0, 0.0, 0.0, 0.0, 0.0, 0.0, 
0.0, 0.0, 0.0, 0.0, 0.0, 0.0, 0.0, 0.0, 0.0, 0.0, 0.0, 0.0, 0.0, 0.0, 0.0, 0.0, 0.0, 0.0, 0.0, 0.0, 0.0, 0.0, 0.0, 0.0, 0.0, 0.0, 0.0, 0.0, 0.0, 0.0, 
7.032902157772472E-4, 0.0, 0.0, 0.0, 0.0, 126.682655249981, 0.0, 0.005466817304203654, 0.041431666192805666, 0.0, 58.90238020332692, 26.150662358895463, 0.0, 0.0, 0.0, 0.0, 0.0, 0.0, 0.0, 0.0, 0.0, 0.0, 0.0, 0.0, 299.31837096126765, 3.9684633211098505E-4, 0.0, 0.0, 0.0, 0.09751751545073137, 
0.0, 0.0, 668.1582955662636, 0.0, 0.0, 58.97715151459691, 0.0, 169.57959122510965, 0.010010708829689244, 0.0, 0.003040201406064664, 0.0, 0.0, 0.0, 0.0, 0.0, 0.0, 0.0, 0.0, 0.0, 0.0, 0.0, 0.0, 0.0, 0.0016096405188126505, 4.694146943232494E-4, 0.0, 0.004193616036347854, 0.0, 157.42880232185527, 
824.5036560528813, 0.0, 0.0, 0.0, 0.0, 99.3334095258014, 0.0, 145.19911437965766, 0.0, 0.0, 57.797641018346795, 45.51408164259569, 0.0, 0.0, 0.0, 0.0, 0.0, 0.0, 0.0, 0.0, 0.0, 0.0, 0.0, 0.0, 419.562297595045, 35.761494621265555, 0.0, 0.001965620684790668, 0.0, 226.44351706780077, 
149.22404487837156, 0.0, 274.2668207613675, 0.0, 184.26054445281525, 149.3581306237438, 0.0, 26.802989713728113, 6.134631359696459E-4, 0.0, 0.007775774295639193, 0.054641758442255724, 8.465479777116787, 0.0, 12.110278762311802, 0.0, 0.0, 0.0, 0.0, 237.31210927119366, 0.0, 0.0, 0.0, 0.0, 0.0, 0.0, 0.0, 6.442904345820793E-4, 0.0, 0.0, 
0.0, 0.0, 0.0, 0.0, 0.0, 0.0, 0.0, 0.0, 0.0, 0.0, 0.0, 0.0, 0.0, 0.0, 0.0, 0.0, 0.0, 0.0, 0.0, 0.0, 0.0, 0.0, 0.0, 0.0, 0.0, 0.0, 0.0, 0.0, 0.0, 0.0, 
1.161866425425271E-4, 0.0, 8.54128320167298E-5, 0.0, 1.4277938882454615E-4, 1.3150533600306537E-4, 0.0, 1.9974520021381203E-4, 1117.9329321637438, 0.0, 0.0, 1.1119755209844849E-4, 3.1010112629887794E-5, 0.0, 6.548990436298894E-5, 0.0, 0.0, 0.0, 0.0, 7.126955272621461E-5, 0.0, 0.0, 0.0, 0.0, 0.0, 0.0, 0.0, 0.0024063546037451293, 0.0, 9.522466685497514E-5, 
54.51274384419054, 0.0, 343.28813371302755, 0.0, 229.39175635452875, 326.07743733441515, 0.0, 0.02375656760752043, 755.2324246643531, 0.0, 72.78288407793946, 0.006522091498193098, 75.71322823308695, 0.0, 225.77404154704186, 0.0, 0.0, 25.900952800625944, 0.0, 126.29659292302405, 0.0, 0.0, 0.0, 0.0, 0.0, 0.0, 0.0, 217.5684445466646, 0.0, 0.008461430968451467, 
0.0, 0.0, 0.0, 0.0, 7.119520622860748E-4, 1.015557567082439E-4, 0.0, 234.01469021851585, 0.014874414688180687, 0.0, 0.0, 40.57241729303698, 58.57839678819517, 0.0, 0.0, 0.0, 0.0, 198.46537015518277, 0.0, 0.03246307350694775, 0.0, 0.0, 0.0, 0.0, 0.0, 0.0, 0.0, 0.0, 0.0, 0.03088571113392122, 
0.0020566393587791243, 0.0, 288.1676403753472, 0.0, 0.0, 0.0, 0.0, 0.0, 8.507806460481476, 0.0, 219.89822445702526, 0.0, 0.0, 0.0, 0.0, 0.0, 0.0, 0.0, 0.0, 2.4458678479633957, 0.0, 0.0, 0.0, 0.0, 413.5086284613316, 0.0, 0.0, 0.0030491929575823654, 0.0, 1.438301691002092E11, 
121.55293222991537, 0.0, 0.003989560811946977, 0.0, 0.0, 393.09969258258633, 0.0, 107.22805971871956, 0.0, 0.0, 0.0, 121.93009186282806, 350.81567876775824, 0.0, 86.30416860584754, 0.0, 0.0, 9.574807423981149E-4, 0.0, 33.81908509541622, 0.0, 0.0, 0.0, 0.0, 213.92918224953107, 0.0, 0.0, 0.0, 0.0, 0.0, 
