0.0, 0.0, 0.0, 0.0, 0.0, 0.0, 0.0, 0.0, 0.0, 0.0, 0.0, 0.0, 0.0, 0.0, 0.0, 0.0, 0.0, 0.0, 0.0, 0.0, 0.0, 0.0, 0.0, 0.0, 0.0, 0.0, 0.0, 0.0, 0.0, 0.0, 
0.0, 0.0, 0.0, 0.0, 0.0, 0.0, 0.0, 5.282148080951584, 118.57629732984563, 0.0, 128.00814696575324, 32.628781920214834, 252.9697427928105, 0.0, 0.0, 0.0, 0.0, 23.508309292224084, 0.0, 178.24355705300042, 0.0, 0.0, 0.0, 0.0, 6.263492125870298, 9.946081321557195, 0.0, 55.33855552018352, 0.0, 34.76802778781022, 
0.0, 0.0, 0.0, 0.0, 0.0, 0.0, 0.0, 0.0, 0.0, 0.0, 0.0, 0.0, 0.0, 0.0, 0.0, 0.0, 0.0, 0.0, 0.0, 0.0, 0.0, 0.0, 0.0, 0.0, 0.0, 0.0, 0.0, 0.0, 0.0, 0.0, 
0.0, 0.0, 0.0, 0.0, 0.0, 0.0, 0.0, 70.25278577918981, 37.45798220975312, 0.0, 2.4617215019174594, 12.603929641143743, 35.19970977327501, 0.0, 0.0, 0.0, 0.0, 34.92324361639511, 0.0, 267.9745085385373, 0.0, 0.0, 0.0, 0.0, 0.0, 287.7487389181149, 0.0, 6.930289865332227, 0.0, 14.674725244907009, 
0.0, 0.0, 0.0, 0.0, 0.0, 0.0, 0.0, 14.256133145338735, 46.56430809524686, 0.0, 31.116818041384796, 14.322419902107718, 6.617147940317499, 0.0, 32.83731115543982, 0.0, 0.0, 3.9403846583473268, 0.0, 3.9504066105067044, 0.0, 0.0, 0.0, 0.0, 14.12873304749685, 23.91705206745798, 0.0, 0.0, 0.0, 18.971025515063236, 
0.0, 0.0, 0.0, 0.0, 0.0, 0.0, 0.0, 0.0, 0.0, 0.0, 0.0, 0.0, 0.0, 0.0, 0.0, 0.0, 0.0, 0.0, 0.0, 0.0, 0.0, 0.0, 0.0, 0.0, 0.0, 0.0, 0.0, 0.0, 0.0, 0.0, 
0.0, 0.0, 0.0, 0.0, 0.0, 0.0, 0.0, 224.13803004655657, 38.13029811122809, 0.0, 109.04625567036007, 87.74099376269515, 94.69681677270313, 0.0, 112.10287419003056, 0.0, 0.0, 0.0, 0.0, 84.36783392207445, 0.0, 0.0, 0.0, 0.0, 808.0380166173741, 211.33171769501755, 0.0, 43.83274733628807, 0.0, 69.63413323122901, 
14.48387785838683, 0.0, 5.406599484445521, 0.0, 0.0, 91.47703780196775, 0.0, 0.0, 306.91400657739484, 0.0, 113.31954660190051, 139.77542126537867, 232.41428206185788, 0.0, 0.0, 0.0, 0.0, 11.4330254272262, 0.0, 49.66969024999907, 0.0, 0.0, 0.0, 0.0, 17.037192300719926, 19.60551707936735, 0.0, 12.009819132617073, 0.0, 353.32891944622315, 
368.565160691307, 0.0, 4.129910660120433, 0.0, 0.0, 161.2318141930245, 0.0, 0.0, 0.0, 0.0, 0.0, 147.0008579700145, 83.41356142209895, 0.0, 19.05858101299784, 0.0, 0.0, 11.526602155425827, 0.0, 29.282865466145573, 0.0, 0.0, 0.0, 0.0, 388.7191728451352, 132.4858256447151, 0.0, 27.674133174408535, 0.0, 0.0, 
310.31190099376704, 0.0, 28.809700373379197, 0.0, 29.248518399591894, 203.04082611911218, 0.0, 73.48751993487615, 0.0, 0.0, 0.0, 66.519191090464, 1007.6461836071015, 0.0, 388.2502966937579, 0.0, 0.0, 0.0, 0.0, 14.432307007500283, 0.0, 0.0, 0.0, 0.0, 293.73226996023254, 0.0, 0.0, 25.1562410959624, 0.0, 0.0, 
0.0, 0.0, 0.0, 0.0, 0.0, 0.0, 0.0, 0.0, 0.0, 0.0, 0.0, 0.0, 0.0, 0.0, 0.0, 0.0, 0.0, 0.0, 0.0, 0.0, 0.0, 0.0, 0.0, 0.0, 0.0, 0.0, 0.0, 0.0, 0.0, 0.0, 
0.0, 0.0, 0.0, 0.0, 0.0, 0.0, 0.0, 0.0, 0.0, 0.0, 0.0, 0.0, 0.0, 0.0, 0.0, 0.0, 0.0, 0.0, 0.0, 0.0, 0.0, 0.0, 0.0, 0.0, 0.0, 0.0, 0.0, 0.0, 0.0, 0.0, 
0.0, 0.0, 0.0, 0.0, 0.0, 0.0, 0.0, 0.0, 0.0, 0.0, 0.0, 0.0, 0.0, 0.0, 0.0, 0.0, 0.0, 0.0, 0.0, 0.0, 0.0, 0.0, 0.0, 0.0, 0.0, 0.0, 0.0, 0.0, 0.0, 0.0, 
9.153708441443774, 0.0, 4.872403359433401, 0.0, 8.335398365014393, 288.19526439890336, 0.0, 448.98382739313126, 0.0, 0.0, 439.2967165628072, 0.0, 0.0, 0.0, 0.0, 0.0, 0.0, 0.0, 0.0, 0.0, 0.0, 0.0, 0.0, 0.0, 94.0096489531467, 4.069422052069912, 0.0, 20.2351609637606, 0.0, 497.9003088772815, 
0.0, 0.0, 0.0, 0.0, 0.0, 0.0, 0.0, 0.0, 0.0, 0.0, 0.0, 0.0, 0.0, 0.0, 0.0, 0.0, 0.0, 0.0, 0.0, 0.0, 0.0, 0.0, 0.0, 0.0, 0.0, 0.0, 0.0, 0.0, 0.0, 0.0, 
6.778576737559112, 0.0, 5.756980179358046, 0.0, 2.7526688914859836, 295.86931906829255, 0.0, 78.50206245742073, 0.0, 0.0, 121.4541976397783, 0.0, 0.0, 0.0, 0.0, 0.0, 0.0, 0.0, 0.0, 19.707004410573262, 0.0, 0.0, 0.0, 0.0, 38.77671986447981, 11.943148259294139, 0.0, 1.1638524838400026, 0.0, 104.32075044877593, 
0.0, 0.0, 0.0, 0.0, 0.0, 0.0, 0.0, 0.0, 0.0, 0.0, 0.0, 0.0, 0.0, 0.0, 0.0, 0.0, 0.0, 0.0, 0.0, 0.0, 0.0, 0.0, 0.0, 0.0, 0.0, 0.0, 0.0, 0.0, 0.0, 0.0, 
0.0, 0.0, 0.0, 0.0, 0.0, 0.0, 0.0, 0.0, 0.0, 0.0, 0.0, 0.0, 0.0, 0.0, 0.0, 0.0, 0.0, 0.0, 0.0, 0.0, 0.0, 0.0, 0.0, 0.0, 0.0, 0.0, 0.0, 0.0, 0.0, 0.0, 
0.0, 0.0, 0.0, 0.0, 0.0, 0.0, 0.0, 0.0, 0.0, 0.0, 0.0, 0.0, 0.0, 0.0, 0.0, 0.0, 0.0, 0.0, 0.0, 0.0, 0.0, 0.0, 0.0, 0.0, 0.0, 0.0, 0.0, 0.0, 0.0, 0.0, 
0.0, 0.0, 0.0, 0.0, 0.0, 0.0, 0.0, 0.0, 0.0, 0.0, 0.0, 0.0, 0.0, 0.0, 0.0, 0.0, 0.0, 0.0, 0.0, 0.0, 0.0, 0.0, 0.0, 0.0, 0.0, 0.0, 0.0, 0.0, 0.0, 0.0, 
16.964377183856268, 0.0, 0.0, 0.0, 0.0, 56.026543859853845, 0.0, 18.220369468998967, 16.142525827278593, 0.0, 76.06182843506517, 55.6496123073093, 0.0, 0.0, 0.0, 0.0, 0.0, 0.0, 0.0, 0.0, 0.0, 0.0, 0.0, 0.0, 187.00576613319146, 6.34784033925401, 0.0, 0.0, 0.0, 66.70697338627123, 
0.0, 0.0, 416.92574731102036, 0.0, 0.0, 88.15319629834379, 0.0, 53.178380446315984, 91.86583916706519, 0.0, 65.45628784415531, 0.0, 0.0, 0.0, 0.0, 0.0, 0.0, 0.0, 0.0, 0.0, 0.0, 0.0, 0.0, 0.0, 209.52511209176012, 4.722278114398293, 0.0, 20.103676557155413, 0.0, 140.41244402860167, 
461.692189337703, 0.0, 0.0, 0.0, 0.0, 196.68365836766878, 0.0, 117.33179653748076, 0.0, 0.0, 86.38642089771284, 32.034945885552645, 0.0, 0.0, 0.0, 0.0, 0.0, 0.0, 0.0, 0.0, 0.0, 0.0, 0.0, 0.0, 712.3239399824133, 125.90834581776593, 0.0, 26.67597383726622, 0.0, 110.83972219848708, 
105.11532014532233, 0.0, 384.6503138275173, 0.0, 185.787362986696, 19.1732467801579, 0.0, 99.54703579772868, 24.070289231630763, 0.0, 6.450140086963813, 31.064522875929473, 1.8227807405087546, 0.0, 84.41587765008799, 0.0, 0.0, 0.0, 0.0, 125.88157112930601, 0.0, 0.0, 0.0, 0.0, 0.0, 0.0, 0.0, 12.928975503478195, 0.0, 0.0, 
0.0, 0.0, 0.0, 0.0, 0.0, 0.0, 0.0, 0.0, 0.0, 0.0, 0.0, 0.0, 0.0, 0.0, 0.0, 0.0, 0.0, 0.0, 0.0, 0.0, 0.0, 0.0, 0.0, 0.0, 0.0, 0.0, 0.0, 0.0, 0.0, 0.0, 
1.4447152555280178, 0.0, 1.6043193552700794, 0.0, 1.3493009465000725, 4.492000486445809, 0.0, 0.9813493863564504, 1059.2283661421247, 0.0, 0.0, 0.5226432116978464, 2.2983865580359844, 0.0, 2.066979530339155, 0.0, 0.0, 0.0, 0.0, 3.7206619130562903, 0.0, 0.0, 0.0, 0.0, 0.0, 0.0, 0.0, 22.639488787397845, 0.0, 0.6199634404476619, 
139.66184549272896, 0.0, 474.0834769645118, 0.0, 87.1937280414104, 248.31701089536722, 0.0, 317.29346831205146, 27.74279010892318, 0.0, 85.63900923037748, 46.063654219046846, 81.86181181232607, 0.0, 99.05968952874863, 0.0, 0.0, 94.88253508588379, 0.0, 375.82186436570095, 0.0, 0.0, 0.0, 0.0, 0.0, 0.0, 0.0, 165.16672514533633, 0.0, 209.14135900297853, 
0.0, 0.0, 0.0, 0.0, 3.740694401642218, 3.9660519731956865, 0.0, 91.70014857612507, 54.20270414219264, 0.0, 0.0, 44.44300628326833, 56.71474851505565, 0.0, 0.0, 0.0, 0.0, 189.19608390292382, 0.0, 43.75634230730649, 0.0, 0.0, 0.0, 0.0, 0.0, 0.0, 0.0, 0.0, 0.0, 46.02053196212566, 
17.682740105514878, 0.0, 204.26186402422516, 0.0, 0.0, 0.0, 0.0, 0.0, 66.66752775317127, 0.0, 242.82931006966493, 0.0, 0.0, 0.0, 0.0, 0.0, 0.0, 0.0, 0.0, 11.702148607422977, 0.0, 0.0, 0.0, 0.0, 388.84544193370016, 0.0, 0.0, 3.66931409227341, 0.0, 1032.9390712878744, 
117.92662911462098, 0.0, 16.73229558303776, 0.0, 0.0, 250.9901833076865, 0.0, 137.64486632890657, 0.0, 0.0, 0.0, 69.83506074103255, 173.80969176436864, 0.0, 67.95798594654258, 0.0, 0.0, 21.796262570632496, 0.0, 44.21669059215164, 0.0, 0.0, 0.0, 0.0, 226.64474078915006, 0.0, 0.0, 0.0, 0.0, 0.0, 
