0.0, 0.0, 0.0, 0.0, 0.0, 0.0, 0.0, 0.0, 0.0, 0.0, 0.0, 0.0, 0.0, 0.0, 0.0, 0.0, 0.0, 0.0, 0.0, 0.0, 0.0, 0.0, 0.0, 0.0, 0.0, 0.0, 0.0, 0.0, 0.0, 0.0, 
0.0, 0.0, 0.0, 0.0, 0.0, 0.0, 0.0, 1.797449590426253E-13, 146.23987478757937, 0.0, 64.86097168806691, 106.83938969135849, 121.31039697317927, 0.0, 0.0, 0.0, 0.0, 56.79884911461149, 0.0, 225.38589944949334, 0.0, 0.0, 0.0, 0.0, 39.81927577461319, 5.1269705111293274E-14, 0.0, 80.47389466709514, 0.0, 78.28915326954831, 
0.0, 0.0, 0.0, 0.0, 0.0, 0.0, 0.0, 0.0, 0.0, 0.0, 0.0, 0.0, 0.0, 0.0, 0.0, 0.0, 0.0, 0.0, 0.0, 0.0, 0.0, 0.0, 0.0, 0.0, 0.0, 0.0, 0.0, 0.0, 0.0, 0.0, 
0.0, 0.0, 0.0, 0.0, 0.0, 0.0, 0.0, 28.30406506499873, 7.257827058348898, 0.0, 57.68867686098026, 0.1427812399304781, 49.59943582727942, 0.0, 0.0, 0.0, 0.0, 109.5365802605388, 0.0, 268.1248369583543, 0.0, 0.0, 0.0, 0.0, 0.0, 214.77747314241472, 0.0, 1.0634518603266714, 0.0, 24.501738895603612, 
0.0, 0.0, 0.0, 0.0, 0.0, 0.0, 0.0, 15.49419475316741, 9.663921916285611, 0.0, 3.2191034124755142, 7.081311393414055, 8.231579055869368, 0.0, 2.7376951005544328, 0.0, 0.0, 2.0771888718982904E-13, 0.0, 4.367986867453757, 0.0, 0.0, 0.0, 0.0, 81.46712853843646, 89.53793336652507, 0.0, 0.0, 0.0, 2.37499107284504, 
0.0, 0.0, 0.0, 0.0, 0.0, 0.0, 0.0, 0.0, 0.0, 0.0, 0.0, 0.0, 0.0, 0.0, 0.0, 0.0, 0.0, 0.0, 0.0, 0.0, 0.0, 0.0, 0.0, 0.0, 0.0, 0.0, 0.0, 0.0, 0.0, 0.0, 
0.0, 0.0, 0.0, 0.0, 0.0, 0.0, 0.0, 299.06558363576437, 80.12631795030407, 0.0, 14.987297287250486, 65.08077622326306, 110.769911279636, 0.0, 50.06781603834156, 0.0, 0.0, 0.0, 0.0, 107.22717536576855, 0.0, 0.0, 0.0, 0.0, 900.0588280443156, 214.08915276722513, 0.0, 37.365853602308164, 0.0, 47.16128496725771, 
1.5363049169475398E-13, 0.0, 4.633452737532387, 0.0, 0.0, 123.14244069017293, 0.0, 0.0, 122.89446772190479, 0.0, 270.4730166077252, 76.59726969940269, 75.73762394754507, 0.0, 0.0, 0.0, 0.0, 1.447940507305589E-13, 0.0, 3.2728391348763006E-12, 0.0, 0.0, 0.0, 0.0, 66.19526236236703, 2.7289648377350956E-13, 0.0, 15.707652919700154, 0.0, 548.6188128932386, 
350.2190736990079, 0.0, 3.3358041538599794, 0.0, 0.0, 264.97598385521525, 0.0, 0.0, 0.0, 0.0, 0.0, 152.24794972292946, 77.06969767741049, 0.0, 51.43551989989444, 0.0, 0.0, 2.6091122102282138E-8, 0.0, 31.699965459494766, 0.0, 0.0, 0.0, 0.0, 441.2257230201707, 150.24165527231713, 0.0, 27.4745991622582, 0.0, 0.0, 
303.4662738079877, 0.0, 2.37509695227936E-12, 0.0, 27.334238449410925, 155.44320089826826, 0.0, 166.1427499520307, 0.0, 0.0, 0.0, 41.760958848674946, 1016.2793633012603, 0.0, 492.2036278657361, 0.0, 0.0, 0.0, 0.0, 26.757710950189715, 0.0, 0.0, 0.0, 0.0, 212.96017964882506, 0.0, 0.0, 8.016273742406629, 0.0, 0.0, 
0.0, 0.0, 0.0, 0.0, 0.0, 0.0, 0.0, 0.0, 0.0, 0.0, 0.0, 0.0, 0.0, 0.0, 0.0, 0.0, 0.0, 0.0, 0.0, 0.0, 0.0, 0.0, 0.0, 0.0, 0.0, 0.0, 0.0, 0.0, 0.0, 0.0, 
0.0, 0.0, 0.0, 0.0, 0.0, 0.0, 0.0, 0.0, 0.0, 0.0, 0.0, 0.0, 0.0, 0.0, 0.0, 0.0, 0.0, 0.0, 0.0, 0.0, 0.0, 0.0, 0.0, 0.0, 0.0, 0.0, 0.0, 0.0, 0.0, 0.0, 
0.0, 0.0, 0.0, 0.0, 0.0, 0.0, 0.0, 0.0, 0.0, 0.0, 0.0, 0.0, 0.0, 0.0, 0.0, 0.0, 0.0, 0.0, 0.0, 0.0, 0.0, 0.0, 0.0, 0.0, 0.0, 0.0, 0.0, 0.0, 0.0, 0.0, 
41.28776866609554, 0.0, 2.768493221877792E-12, 0.0, 22.545657091211716, 531.5813304983736, 0.0, 596.8490341000316, 0.0, 0.0, 486.96756716159575, 0.0, 0.0, 0.0, 0.0, 0.0, 0.0, 0.0, 0.0, 0.0, 0.0, 0.0, 0.0, 0.0, 128.79025067714844, 6.149871257867488E-13, 0.0, 1.7390849409547719E-12, 0.0, 40.98172585772438, 
0.0, 0.0, 0.0, 0.0, 0.0, 0.0, 0.0, 0.0, 0.0, 0.0, 0.0, 0.0, 0.0, 0.0, 0.0, 0.0, 0.0, 0.0, 0.0, 0.0, 0.0, 0.0, 0.0, 0.0, 0.0, 0.0, 0.0, 0.0, 0.0, 0.0, 
0.0012634460555818795, 0.0, 8.00697702779216E-14, 0.0, 3.4087378571222933E-8, 191.39164845114905, 0.0, 47.99437370050521, 0.0, 0.0, 94.00243827821757, 0.0, 0.0, 0.0, 0.0, 0.0, 0.0, 0.0, 0.0, 2.0600035736879854E-11, 0.0, 0.0, 0.0, 0.0, 68.42920377497484, 1.4023124701789652E-13, 0.0, 4.708130532926039E-13, 0.0, 118.43556657078726, 
0.0, 0.0, 0.0, 0.0, 0.0, 0.0, 0.0, 0.0, 0.0, 0.0, 0.0, 0.0, 0.0, 0.0, 0.0, 0.0, 0.0, 0.0, 0.0, 0.0, 0.0, 0.0, 0.0, 0.0, 0.0, 0.0, 0.0, 0.0, 0.0, 0.0, 
0.0, 0.0, 0.0, 0.0, 0.0, 0.0, 0.0, 0.0, 0.0, 0.0, 0.0, 0.0, 0.0, 0.0, 0.0, 0.0, 0.0, 0.0, 0.0, 0.0, 0.0, 0.0, 0.0, 0.0, 0.0, 0.0, 0.0, 0.0, 0.0, 0.0, 
0.0, 0.0, 0.0, 0.0, 0.0, 0.0, 0.0, 0.0, 0.0, 0.0, 0.0, 0.0, 0.0, 0.0, 0.0, 0.0, 0.0, 0.0, 0.0, 0.0, 0.0, 0.0, 0.0, 0.0, 0.0, 0.0, 0.0, 0.0, 0.0, 0.0, 
0.0, 0.0, 0.0, 0.0, 0.0, 0.0, 0.0, 0.0, 0.0, 0.0, 0.0, 0.0, 0.0, 0.0, 0.0, 0.0, 0.0, 0.0, 0.0, 0.0, 0.0, 0.0, 0.0, 0.0, 0.0, 0.0, 0.0, 0.0, 0.0, 0.0, 
2.4142867867874356E-13, 0.0, 0.0, 0.0, 0.0, 114.45172907429065, 0.0, 7.64105690720969, 41.88471372149717, 0.0, 42.0341400515825, 65.49742059451702, 0.0, 0.0, 0.0, 0.0, 0.0, 0.0, 0.0, 0.0, 0.0, 0.0, 0.0, 0.0, 190.81545057072694, 3.607083288230389E-14, 0.0, 0.0, 0.0, 48.67096065845725, 
0.0, 0.0, 572.5616062112953, 0.0, 0.0, 116.27713531001709, 0.0, 37.25445183340811, 35.300843272496536, 0.0, 58.8072809767751, 0.0, 0.0, 0.0, 0.0, 0.0, 0.0, 0.0, 0.0, 0.0, 0.0, 0.0, 0.0, 0.0, 240.32415208435364, 4.08630931280017E-14, 0.0, 4.248566540406011, 0.0, 12.551523597134699, 
422.98891347838384, 0.0, 0.0, 0.0, 0.0, 133.26658509876052, 0.0, 79.72152629318505, 0.0, 0.0, 41.30487691414217, 55.35339779877862, 0.0, 0.0, 0.0, 0.0, 0.0, 0.0, 0.0, 0.0, 0.0, 0.0, 0.0, 0.0, 679.1324489618415, 117.8230650941697, 0.0, 65.9891710263121, 0.0, 261.646877035074, 
32.19480664383499, 0.0, 177.47902680232116, 0.0, 155.9543999584945, 1.1262390326637584, 0.0, 111.24015130622887, 71.62171639363041, 0.0, 77.06741782198272, 26.031050466145267, 186.4999964678934, 0.0, 32.33491747159349, 0.0, 0.0, 0.0, 0.0, 194.46264559426052, 0.0, 0.0, 0.0, 0.0, 0.0, 0.0, 0.0, 1.4824703676193483, 0.0, 0.0, 
0.0, 0.0, 0.0, 0.0, 0.0, 0.0, 0.0, 0.0, 0.0, 0.0, 0.0, 0.0, 0.0, 0.0, 0.0, 0.0, 0.0, 0.0, 0.0, 0.0, 0.0, 0.0, 0.0, 0.0, 0.0, 0.0, 0.0, 0.0, 0.0, 0.0, 
2.761896451109541, 0.0, 3.485668145361997E-14, 0.0, 0.42186497804911555, 1.739675109760258E-14, 0.0, 1.280576386526578E-13, 605.7580503169855, 0.0, 0.0, 1.373700397130808E-13, 3.427717081744719E-14, 0.0, 6.456967489157762E-14, 0.0, 0.0, 0.0, 0.0, 1.5963145063800717E-13, 0.0, 0.0, 0.0, 0.0, 0.0, 0.0, 0.0, 189.00074276627046, 0.0, 9.770389903384472E-14, 
168.58312104048252, 0.0, 443.8299915089047, 0.0, 54.890620225762405, 198.18688617143448, 0.0, 218.25460147229288, 479.2855467275682, 0.0, 67.49524041551827, 76.16994306790455, 238.58013223948208, 0.0, 89.77185165918421, 0.0, 0.0, 55.35106140683281, 0.0, 314.5605313244026, 0.0, 0.0, 0.0, 0.0, 0.0, 0.0, 0.0, 92.10245402447917, 0.0, 48.688555341256546, 
0.0, 0.0, 0.0, 0.0, 4.179414192323902E-14, 1.636359857981061E-11, 0.0, 89.36282027591412, 180.68014444580197, 0.0, 0.0, 31.5632312605994, 83.6634035717985, 0.0, 0.0, 0.0, 0.0, 112.98696088773065, 0.0, 10.377741165394198, 0.0, 0.0, 0.0, 0.0, 0.0, 0.0, 0.0, 0.0, 0.0, 29.219905797147554, 
14.62925286645825, 0.0, 333.84154726964084, 0.0, 0.0, 0.0, 0.0, 0.0, 111.28657623475301, 0.0, 217.09197257296012, 0.0, 0.0, 0.0, 0.0, 0.0, 0.0, 0.0, 0.0, 33.060432069545854, 0.0, 0.0, 0.0, 0.0, 173.87282890649286, 0.0, 0.0, 6.400652162149137, 0.0, 18102.299213932412, 
148.11634181094325, 0.0, 17.02282511558392, 0.0, 0.0, 68.53092148041632, 0.0, 63.6754035583451, 0.0, 0.0, 0.0, 69.63452378679123, 82.32641566158388, 0.0, 105.79680211721336, 0.0, 0.0, 34.140944226696234, 0.0, 23.368056461549877, 0.0, 0.0, 0.0, 0.0, 207.89961332657185, 0.0, 0.0, 0.0, 0.0, 0.0, 
