0.0, 0.0, 0.0, 0.0, 0.0, 0.0, 0.0, 0.0, 0.0, 0.0, 0.0, 0.0, 0.0, 0.0, 0.0, 0.0, 0.0, 0.0, 0.0, 0.0, 0.0, 0.0, 0.0, 0.0, 0.0, 0.0, 0.0, 0.0, 0.0, 0.0, 
0.0, 0.0, 0.0, 0.0, 0.0, 0.0, 0.0, 2.6660511406882357, 26.400808428193717, 0.0, 120.48739710684417, 26.49337592708144, 135.34384612795975, 0.0, 0.0, 0.0, 0.0, 18.248756991890996, 0.0, 236.11472058673823, 0.0, 0.0, 0.0, 0.0, 1.9525623330002724, 1.0775616005440432, 0.0, 53.488931007887125, 0.0, 216.0573700545149, 
0.0, 0.0, 0.0, 0.0, 0.0, 0.0, 0.0, 0.0, 0.0, 0.0, 0.0, 0.0, 0.0, 0.0, 0.0, 0.0, 0.0, 0.0, 0.0, 0.0, 0.0, 0.0, 0.0, 0.0, 0.0, 0.0, 0.0, 0.0, 0.0, 0.0, 
0.0, 0.0, 0.0, 0.0, 0.0, 0.0, 0.0, 18.234957285620126, 47.395122420827484, 0.0, 29.868664292996982, 23.37312664105619, 32.29937781386985, 0.0, 0.0, 0.0, 0.0, 85.29548028158118, 0.0, 225.41140891114617, 0.0, 0.0, 0.0, 0.0, 0.0, 281.54340918638945, 0.0, 9.033714539159241, 0.0, 35.608179134337405, 
0.0, 0.0, 0.0, 0.0, 0.0, 0.0, 0.0, 11.765575658051112, 30.73469326908021, 0.0, 22.50410487134006, 33.50030804795849, 46.58037885858427, 0.0, 34.327499367776106, 0.0, 0.0, 8.883028497471907, 0.0, 20.843420798085404, 0.0, 0.0, 0.0, 0.0, 24.973823699540226, 24.69919043080508, 0.0, 0.0, 0.0, 18.34398978304168, 
0.0, 0.0, 0.0, 0.0, 0.0, 0.0, 0.0, 0.0, 0.0, 0.0, 0.0, 0.0, 0.0, 0.0, 0.0, 0.0, 0.0, 0.0, 0.0, 0.0, 0.0, 0.0, 0.0, 0.0, 0.0, 0.0, 0.0, 0.0, 0.0, 0.0, 
0.0, 0.0, 0.0, 0.0, 0.0, 0.0, 0.0, 246.1356766123818, 63.870962794436466, 0.0, 79.34238291137883, 49.65700885035469, 134.3609871604223, 0.0, 126.02337781561984, 0.0, 0.0, 0.0, 0.0, 94.21071759335919, 0.0, 0.0, 0.0, 0.0, 807.2696148054208, 203.1312259766322, 0.0, 30.18302540557849, 0.0, 77.43422426323123, 
5.050853643463397, 0.0, 1.0692030230423613, 0.0, 0.0, 60.646303139995865, 0.0, 0.0, 179.2512465810108, 0.0, 144.89086834680685, 70.6363635272641, 278.59372894561017, 0.0, 0.0, 0.0, 0.0, 17.99206232496885, 0.0, 21.97250975428167, 0.0, 0.0, 0.0, 0.0, 4.085584768234793, 7.7017903802374255, 0.0, 24.540582455171737, 0.0, 468.34577971319084, 
349.2459607156194, 0.0, 9.638950962306641, 0.0, 0.0, 202.64229634873752, 0.0, 0.0, 0.0, 0.0, 0.0, 117.13059452108013, 77.91759454690492, 0.0, 36.85514741818961, 0.0, 0.0, 1.4403089884562257, 0.0, 7.611957323097865, 0.0, 0.0, 0.0, 0.0, 468.162216650249, 116.00453532837307, 0.0, 12.075989548414718, 0.0, 0.0, 
289.0027095762605, 0.0, 9.601741493712412, 0.0, 3.671068976167051, 280.98211251399835, 0.0, 110.18412407527167, 0.0, 0.0, 0.0, 133.89673786957042, 1046.5063216850242, 0.0, 375.60555395893806, 0.0, 0.0, 0.0, 0.0, 31.62483902944712, 0.0, 0.0, 0.0, 0.0, 213.78674555129672, 0.0, 0.0, 32.09543884963409, 0.0, 0.0, 
0.0, 0.0, 0.0, 0.0, 0.0, 0.0, 0.0, 0.0, 0.0, 0.0, 0.0, 0.0, 0.0, 0.0, 0.0, 0.0, 0.0, 0.0, 0.0, 0.0, 0.0, 0.0, 0.0, 0.0, 0.0, 0.0, 0.0, 0.0, 0.0, 0.0, 
0.0, 0.0, 0.0, 0.0, 0.0, 0.0, 0.0, 0.0, 0.0, 0.0, 0.0, 0.0, 0.0, 0.0, 0.0, 0.0, 0.0, 0.0, 0.0, 0.0, 0.0, 0.0, 0.0, 0.0, 0.0, 0.0, 0.0, 0.0, 0.0, 0.0, 
0.0, 0.0, 0.0, 0.0, 0.0, 0.0, 0.0, 0.0, 0.0, 0.0, 0.0, 0.0, 0.0, 0.0, 0.0, 0.0, 0.0, 0.0, 0.0, 0.0, 0.0, 0.0, 0.0, 0.0, 0.0, 0.0, 0.0, 0.0, 0.0, 0.0, 
13.42080745502887, 0.0, 5.928331884649916, 0.0, 19.643457167825098, 363.88583092582536, 0.0, 517.6522305186986, 0.0, 0.0, 437.4915680695698, 0.0, 0.0, 0.0, 0.0, 0.0, 0.0, 0.0, 0.0, 0.0, 0.0, 0.0, 0.0, 0.0, 59.895296350619724, 3.3101112180823167, 0.0, 9.981516972066991, 0.0, 452.7029898054634, 
0.0, 0.0, 0.0, 0.0, 0.0, 0.0, 0.0, 0.0, 0.0, 0.0, 0.0, 0.0, 0.0, 0.0, 0.0, 0.0, 0.0, 0.0, 0.0, 0.0, 0.0, 0.0, 0.0, 0.0, 0.0, 0.0, 0.0, 0.0, 0.0, 0.0, 
5.130380114440374, 0.0, 10.571990183515195, 0.0, 2.689278816142266, 230.00439635646714, 0.0, 11.08824786629149, 0.0, 0.0, 148.98564004727274, 0.0, 0.0, 0.0, 0.0, 0.0, 0.0, 0.0, 0.0, 15.259753124751052, 0.0, 0.0, 0.0, 0.0, 54.82541838308586, 0.10406238054395116, 0.0, 3.0572497837048678, 0.0, 129.57322953978155, 
0.0, 0.0, 0.0, 0.0, 0.0, 0.0, 0.0, 0.0, 0.0, 0.0, 0.0, 0.0, 0.0, 0.0, 0.0, 0.0, 0.0, 0.0, 0.0, 0.0, 0.0, 0.0, 0.0, 0.0, 0.0, 0.0, 0.0, 0.0, 0.0, 0.0, 
0.0, 0.0, 0.0, 0.0, 0.0, 0.0, 0.0, 0.0, 0.0, 0.0, 0.0, 0.0, 0.0, 0.0, 0.0, 0.0, 0.0, 0.0, 0.0, 0.0, 0.0, 0.0, 0.0, 0.0, 0.0, 0.0, 0.0, 0.0, 0.0, 0.0, 
0.0, 0.0, 0.0, 0.0, 0.0, 0.0, 0.0, 0.0, 0.0, 0.0, 0.0, 0.0, 0.0, 0.0, 0.0, 0.0, 0.0, 0.0, 0.0, 0.0, 0.0, 0.0, 0.0, 0.0, 0.0, 0.0, 0.0, 0.0, 0.0, 0.0, 
0.0, 0.0, 0.0, 0.0, 0.0, 0.0, 0.0, 0.0, 0.0, 0.0, 0.0, 0.0, 0.0, 0.0, 0.0, 0.0, 0.0, 0.0, 0.0, 0.0, 0.0, 0.0, 0.0, 0.0, 0.0, 0.0, 0.0, 0.0, 0.0, 0.0, 
5.460250884054493, 0.0, 0.0, 0.0, 0.0, 84.23617874348868, 0.0, 54.97501571761051, 37.2133826872866, 0.0, 31.48097845685868, 47.13162393320726, 0.0, 0.0, 0.0, 0.0, 0.0, 0.0, 0.0, 0.0, 0.0, 0.0, 0.0, 0.0, 197.83709252833438, 12.04222258174905, 0.0, 0.0, 0.0, 49.69895242402073, 
0.0, 0.0, 437.4341357716556, 0.0, 0.0, 103.19451407111538, 0.0, 146.70808146737753, 55.308262989163815, 0.0, 36.85293957118327, 0.0, 0.0, 0.0, 0.0, 0.0, 0.0, 0.0, 0.0, 0.0, 0.0, 0.0, 0.0, 0.0, 203.97987941411222, 4.847873641406599, 0.0, 18.784116125027644, 0.0, 60.651132799518464, 
402.43964731034697, 0.0, 0.0, 0.0, 0.0, 225.19395357503853, 0.0, 20.450909299315654, 0.0, 0.0, 75.6158854915001, 39.6081951558033, 0.0, 0.0, 0.0, 0.0, 0.0, 0.0, 0.0, 0.0, 0.0, 0.0, 0.0, 0.0, 753.5234058766875, 94.68160365623545, 0.0, 21.823267307408504, 0.0, 246.05558718482868, 
36.0132803241702, 0.0, 346.86514789964275, 0.0, 200.86403634401483, 14.410134596931686, 0.0, 108.70465200943914, 15.678671081242088, 0.0, 13.868710784515674, 27.445119085511127, 62.11304871711046, 0.0, 26.477915514542268, 0.0, 0.0, 0.0, 0.0, 152.74596889264453, 0.0, 0.0, 0.0, 0.0, 0.0, 0.0, 0.0, 10.89854859897732, 0.0, 0.0, 
0.0, 0.0, 0.0, 0.0, 0.0, 0.0, 0.0, 0.0, 0.0, 0.0, 0.0, 0.0, 0.0, 0.0, 0.0, 0.0, 0.0, 0.0, 0.0, 0.0, 0.0, 0.0, 0.0, 0.0, 0.0, 0.0, 0.0, 0.0, 0.0, 0.0, 
1.496788311045772, 0.0, 1.7624073659877182, 0.0, 1.8325568970777422, 0.9936565670463002, 0.0, 0.027935172539353292, 1010.9501332854035, 0.0, 0.0, 2.886266975149251, 0.6314671514303727, 0.0, 1.0838638780621535, 0.0, 0.0, 0.0, 0.0, 0.6129608377129465, 0.0, 0.0, 0.0, 0.0, 0.0, 0.0, 0.0, 59.69686717248103, 0.0, 2.4632369611267704, 
178.89374630900676, 0.0, 469.8582052538, 0.0, 114.73226352592347, 175.09653946526748, 0.0, 371.56048041009933, 156.80933078501093, 0.0, 124.1200232161774, 13.229838684904077, 70.31194251635631, 0.0, 155.09359127592447, 0.0, 0.0, 38.80707429171879, 0.0, 335.98431239980556, 0.0, 0.0, 0.0, 0.0, 0.0, 0.0, 0.0, 165.0702879790709, 0.0, 63.34523625216626, 
0.0, 0.0, 0.0, 0.0, 7.634414659139664, 11.960555179435607, 0.0, 89.81726698763862, 40.62983830060743, 0.0, 0.0, 111.21683307002435, 65.2800123369277, 0.0, 0.0, 0.0, 0.0, 171.69936136271693, 0.0, 25.312982742425906, 0.0, 0.0, 0.0, 0.0, 0.0, 0.0, 0.0, 0.0, 0.0, 17.8833007311195, 
8.427658295969994, 0.0, 237.35497795633282, 0.0, 0.0, 0.0, 0.0, 0.0, 262.32384687698845, 0.0, 194.66313538521396, 0.0, 0.0, 0.0, 0.0, 0.0, 0.0, 0.0, 0.0, 26.971260477543954, 0.0, 0.0, 0.0, 0.0, 429.91018828294074, 0.0, 0.0, 6.203822758760405, 0.0, 1045.6587992205964, 
286.8691344260284, 0.0, 2.5409623717546204, 0.0, 0.0, 140.43522301535154, 0.0, 38.18475093345923, 0.0, 0.0, 0.0, 91.51606638237695, 174.34683336415284, 0.0, 88.12096077036782, 0.0, 0.0, 15.910895682355367, 0.0, 42.771485996095194, 0.0, 0.0, 0.0, 0.0, 204.0155556301725, 0.0, 0.0, 0.0, 0.0, 0.0, 
