0.0, 0.0, 0.0, 0.0, 0.0, 0.0, 0.0, 0.0, 0.0, 0.0, 0.0, 0.0, 0.0, 0.0, 0.0, 0.0, 0.0, 0.0, 0.0, 0.0, 0.0, 0.0, 0.0, 0.0, 0.0, 0.0, 0.0, 0.0, 0.0, 0.0, 
0.0, 0.0, 0.0, 0.0, 0.0, 0.0, 0.0, 4.0309894622033244E-20, 1.845562180918182E-22, 0.0, 112.05828680977406, 237.26193081763984, 214.61242383167203, 0.0, 0.0, 0.0, 0.0, 1.9700492405004103E-26, 0.0, 96.60371860303668, 0.0, 0.0, 0.0, 0.0, 1.3316381912641345E-26, 9.6330664901961E-18, 0.0, 214.23453610444452, 0.0, 6.4588378425347704E-18, 
0.0, 0.0, 0.0, 0.0, 0.0, 0.0, 0.0, 0.0, 0.0, 0.0, 0.0, 0.0, 0.0, 0.0, 0.0, 0.0, 0.0, 0.0, 0.0, 0.0, 0.0, 0.0, 0.0, 0.0, 0.0, 0.0, 0.0, 0.0, 0.0, 0.0, 
0.0, 0.0, 0.0, 0.0, 0.0, 0.0, 0.0, 49.05826273550588, 4.3078597450528266E-19, 0.0, 6.537009953855734E-21, 3.954907367632981E-24, 45.26166461712649, 0.0, 0.0, 0.0, 0.0, 9.69755510785508, 0.0, 360.10510134547724, 0.0, 0.0, 0.0, 0.0, 0.0, 273.87805595470854, 0.0, 4.955243634008026E-22, 0.0, 1.980239340082521E-18, 
0.0, 0.0, 0.0, 0.0, 0.0, 0.0, 0.0, 27.972201314729887, 1.143245290654884E-19, 0.0, 1.7370147153213868E-30, 2.015816088559273E-25, 2.746395830258298E-17, 0.0, 1.574277230324779E-25, 0.0, 0.0, 1.0542927936217436E-22, 0.0, 1.0147731043752944E-20, 0.0, 0.0, 0.0, 0.0, 6.232019547586174E-26, 190.95230467476378, 0.0, 0.0, 0.0, 4.6321066301233446E-17, 
0.0, 0.0, 0.0, 0.0, 0.0, 0.0, 0.0, 0.0, 0.0, 0.0, 0.0, 0.0, 0.0, 0.0, 0.0, 0.0, 0.0, 0.0, 0.0, 0.0, 0.0, 0.0, 0.0, 0.0, 0.0, 0.0, 0.0, 0.0, 0.0, 0.0, 
0.0, 0.0, 0.0, 0.0, 0.0, 0.0, 0.0, 9.57121057851675E-15, 277.44845297502286, 0.0, 5.3381589953211244E-17, 1.1993556767161918E-17, 1.6175277489137569E-19, 0.0, 1.2649979387325643E-22, 0.0, 0.0, 0.0, 0.0, 202.10306142412068, 0.0, 0.0, 0.0, 0.0, 1425.6913125523595, 24.776722041962234, 0.0, 3.0158839637697687E-26, 0.0, 1.5547231362608616E-28, 
2.593595222558077E-23, 0.0, 2.1036937038052755E-29, 0.0, 0.0, 413.45084074245347, 0.0, 0.0, 139.28105888443028, 0.0, 1.7282983220711078E-23, 283.4533560232667, 466.6752398704672, 0.0, 0.0, 0.0, 0.0, 2.1618901096794954E-18, 0.0, 1.835397162841041E-16, 0.0, 0.0, 0.0, 0.0, 2.6986192968935664E-29, 2.1151985206734596E-26, 0.0, 4.663615800069706E-31, 0.0, 1.0752481643724915E-23, 
2.757443632572053E-5, 0.0, 1.742866030185188E-4, 0.0, 0.0, 2.188174315079988E-28, 0.0, 0.0, 0.0, 0.0, 0.0, 255.7115247257064, 123.37119985611973, 0.0, 1.0096479485683877E-30, 0.0, 0.0, 4.9608202162338427E-26, 0.0, 1.3755118317672158E-23, 0.0, 0.0, 0.0, 0.0, 371.9794823984759, 1.215057304984087E-19, 0.0, 122.08824651577082, 0.0, 0.0, 
406.595223846386, 0.0, 4.573650916757069E-26, 0.0, 6.82916940349465E-17, 129.5180864894212, 0.0, 7.593152651087545E-15, 0.0, 0.0, 0.0, 6.615488209575159E-21, 927.5763312189728, 0.0, 580.3990848696246, 0.0, 0.0, 0.0, 0.0, 2.538563686230532E-21, 0.0, 0.0, 0.0, 0.0, 491.79659152842623, 0.0, 0.0, 3.592390034286099E-32, 0.0, 0.0, 
0.0, 0.0, 0.0, 0.0, 0.0, 0.0, 0.0, 0.0, 0.0, 0.0, 0.0, 0.0, 0.0, 0.0, 0.0, 0.0, 0.0, 0.0, 0.0, 0.0, 0.0, 0.0, 0.0, 0.0, 0.0, 0.0, 0.0, 0.0, 0.0, 0.0, 
0.0, 0.0, 0.0, 0.0, 0.0, 0.0, 0.0, 0.0, 0.0, 0.0, 0.0, 0.0, 0.0, 0.0, 0.0, 0.0, 0.0, 0.0, 0.0, 0.0, 0.0, 0.0, 0.0, 0.0, 0.0, 0.0, 0.0, 0.0, 0.0, 0.0, 
0.0, 0.0, 0.0, 0.0, 0.0, 0.0, 0.0, 0.0, 0.0, 0.0, 0.0, 0.0, 0.0, 0.0, 0.0, 0.0, 0.0, 0.0, 0.0, 0.0, 0.0, 0.0, 0.0, 0.0, 0.0, 0.0, 0.0, 0.0, 0.0, 0.0, 
3.670593148407371E-33, 0.0, 15.951797181727779, 0.0, 116.29920697667083, 398.9223245453879, 0.0, 473.1147639449559, 0.0, 0.0, 458.3165249201769, 0.0, 0.0, 0.0, 0.0, 0.0, 0.0, 0.0, 0.0, 0.0, 0.0, 0.0, 0.0, 0.0, 335.3402041273184, 2.300076853929328E-22, 0.0, 45.44129417477369, 0.0, 1.4888489624046217E-20, 
0.0, 0.0, 0.0, 0.0, 0.0, 0.0, 0.0, 0.0, 0.0, 0.0, 0.0, 0.0, 0.0, 0.0, 0.0, 0.0, 0.0, 0.0, 0.0, 0.0, 0.0, 0.0, 0.0, 0.0, 0.0, 0.0, 0.0, 0.0, 0.0, 0.0, 
1.0242800722211113E-20, 0.0, 2.9604241007753764E-25, 0.0, 3.6076595878037014E-24, 7.91569330193923E-19, 0.0, 1.7166806037597973E-32, 0.0, 0.0, 40.112539479994574, 0.0, 0.0, 0.0, 0.0, 0.0, 0.0, 0.0, 0.0, 4.678503170579454E-27, 0.0, 0.0, 0.0, 0.0, 160.1795954904665, 4.1646856135311726E-23, 0.0, 3.984277472203365E-24, 0.0, 400.2491770646057, 
0.0, 0.0, 0.0, 0.0, 0.0, 0.0, 0.0, 0.0, 0.0, 0.0, 0.0, 0.0, 0.0, 0.0, 0.0, 0.0, 0.0, 0.0, 0.0, 0.0, 0.0, 0.0, 0.0, 0.0, 0.0, 0.0, 0.0, 0.0, 0.0, 0.0, 
0.0, 0.0, 0.0, 0.0, 0.0, 0.0, 0.0, 0.0, 0.0, 0.0, 0.0, 0.0, 0.0, 0.0, 0.0, 0.0, 0.0, 0.0, 0.0, 0.0, 0.0, 0.0, 0.0, 0.0, 0.0, 0.0, 0.0, 0.0, 0.0, 0.0, 
0.0, 0.0, 0.0, 0.0, 0.0, 0.0, 0.0, 0.0, 0.0, 0.0, 0.0, 0.0, 0.0, 0.0, 0.0, 0.0, 0.0, 0.0, 0.0, 0.0, 0.0, 0.0, 0.0, 0.0, 0.0, 0.0, 0.0, 0.0, 0.0, 0.0, 
0.0, 0.0, 0.0, 0.0, 0.0, 0.0, 0.0, 0.0, 0.0, 0.0, 0.0, 0.0, 0.0, 0.0, 0.0, 0.0, 0.0, 0.0, 0.0, 0.0, 0.0, 0.0, 0.0, 0.0, 0.0, 0.0, 0.0, 0.0, 0.0, 0.0, 
1.1781002019285835E-23, 0.0, 0.0, 0.0, 0.0, 4.6653034013567255E-28, 0.0, 3.550957942785267E-22, 28.86057360960047, 0.0, 245.62385519449964, 7.265107790346449E-27, 0.0, 0.0, 0.0, 0.0, 0.0, 0.0, 0.0, 0.0, 0.0, 0.0, 0.0, 0.0, 58.21334949937251, 3.1940414142592943E-31, 0.0, 0.0, 0.0, 184.520867242167, 
0.0, 0.0, 579.9117618904835, 0.0, 0.0, 217.9765961442106, 0.0, 61.54324961160926, 2.5708176773908618E-25, 0.0, 14.754362372205229, 0.0, 0.0, 0.0, 0.0, 0.0, 0.0, 0.0, 0.0, 0.0, 0.0, 0.0, 0.0, 0.0, 136.02727219942867, 7.545956051488641E-20, 0.0, 8.387707863399712E-15, 0.0, 58.398805973110285, 
826.6326134115434, 0.0, 0.0, 0.0, 0.0, 84.04561829307987, 0.0, 3.1874712352458516E-26, 0.0, 0.0, 627.8758567823972, 2.089328870983728E-28, 0.0, 0.0, 0.0, 0.0, 0.0, 0.0, 0.0, 0.0, 0.0, 0.0, 0.0, 0.0, 3.8182775886096716E-7, 320.5040790282502, 0.0, 2.0272582695868E-15, 0.0, 4.317355889607012E-28, 
109.40277091629505, 0.0, 248.99884843417001, 0.0, 312.1181241320261, 201.99240885718544, 0.0, 121.6903607718728, 2.4405830974130117E-20, 0.0, 2.931745602081238E-39, 6.374752204580205E-24, 14.419548737481666, 0.0, 2.117842704632568E-23, 0.0, 0.0, 0.0, 0.0, 3.1728721583986924E-21, 0.0, 0.0, 0.0, 0.0, 0.0, 0.0, 0.0, 3.99198025177038E-16, 0.0, 0.0, 
0.0, 0.0, 0.0, 0.0, 0.0, 0.0, 0.0, 0.0, 0.0, 0.0, 0.0, 0.0, 0.0, 0.0, 0.0, 0.0, 0.0, 0.0, 0.0, 0.0, 0.0, 0.0, 0.0, 0.0, 0.0, 0.0, 0.0, 0.0, 0.0, 0.0, 
1.0987001649825725E-20, 0.0, 1.1034853046759481E-21, 0.0, 8.650111695490474E-25, 2.7163986428153275E-25, 0.0, 2.217337293099441E-20, 1110.019935624079, 0.0, 0.0, 1.6520660863505957E-33, 3.018226186212766E-22, 0.0, 2.7033269397940295E-35, 0.0, 0.0, 0.0, 0.0, 2.6904219459348315E-22, 0.0, 0.0, 0.0, 0.0, 0.0, 0.0, 0.0, 1.731355561052481E-8, 0.0, 2.7333690205791474E-26, 
174.93921495216134, 0.0, 579.1452684320078, 0.0, 3.92014378649786E-22, 249.18614621855667, 0.0, 727.5218289146687, 3.2468663882838263E-25, 0.0, 7.261929242903302E-20, 1.0543767690412335E-23, 1.7655303157931512E-21, 0.0, 101.6710973412263, 0.0, 0.0, 9.948011258144595E-20, 0.0, 574.1912389069943, 0.0, 0.0, 0.0, 0.0, 0.0, 0.0, 0.0, 69.31014922226628, 0.0, 5.963459973403114E-21, 
0.0, 0.0, 0.0, 0.0, 9.90346384776171E-28, 3.5591815935805726E-22, 0.0, 306.6150791166693, 9.67013692333019E-24, 0.0, 0.0, 5.0743652302961574E-26, 30.085970233542966, 0.0, 0.0, 0.0, 0.0, 178.45904090323927, 0.0, 9.467716763074627E-26, 0.0, 0.0, 0.0, 0.0, 0.0, 0.0, 0.0, 0.0, 0.0, 8.271066808023945E-22, 
2.3881477974977702E-26, 0.0, 144.21149025847618, 0.0, 0.0, 0.0, 0.0, 0.0, 331.50225025531495, 0.0, 3.2711938670412474E-28, 0.0, 0.0, 0.0, 0.0, 0.0, 0.0, 0.0, 0.0, 3.7217543154628974E-19, 0.0, 0.0, 0.0, 0.0, 339.053310796341, 0.0, 0.0, 5.526672566681824E-20, 0.0, 9.056621170694346E-16, 
1.6812507433672828E-20, 0.0, 1.737526618362298E-21, 0.0, 0.0, 203.5623760437821, 0.0, 1.9117166720684338E-25, 0.0, 0.0, 0.0, 7.386939639907423E-27, 108.13018969026494, 0.0, 104.39424660222305, 0.0, 0.0, 1.833264843179523E-24, 0.0, 1.5402626441764797E-22, 0.0, 0.0, 0.0, 0.0, 1.2039640272118213E-14, 0.0, 0.0, 0.0, 0.0, 0.0, 
