0.0, 0.0, 0.0, 0.0, 0.0, 0.0, 0.0, 0.0, 0.0, 0.0, 0.0, 0.0, 0.0, 0.0, 0.0, 0.0, 0.0, 0.0, 0.0, 0.0, 0.0, 0.0, 0.0, 0.0, 0.0, 0.0, 0.0, 0.0, 0.0, 0.0, 
0.0, 0.0, 0.0, 0.0, 0.0, 0.0, 0.0, 1.0942637699096473E-7, 141.0773948671328, 0.0, 138.99611307373945, 46.511078760766885, 116.18406351047125, 0.0, 0.0, 0.0, 0.0, 35.240972106867666, 0.0, 268.9955724467686, 0.0, 0.0, 0.0, 0.0, 1.1799458350841209E-7, 3.9726270748170995E-8, 0.0, 74.44601064160996, 0.0, 83.7696292290886, 
0.0, 0.0, 0.0, 0.0, 0.0, 0.0, 0.0, 0.0, 0.0, 0.0, 0.0, 0.0, 0.0, 0.0, 0.0, 0.0, 0.0, 0.0, 0.0, 0.0, 0.0, 0.0, 0.0, 0.0, 0.0, 0.0, 0.0, 0.0, 0.0, 0.0, 
0.0, 0.0, 0.0, 0.0, 0.0, 0.0, 0.0, 51.027483184122126, 9.35273419326006, 0.0, 18.31977480406576, 13.760474791801625, 15.529370441416868, 0.0, 0.0, 0.0, 0.0, 47.37779434372847, 0.0, 311.29629824714743, 0.0, 0.0, 0.0, 0.0, 0.0, 269.22550996519965, 0.0, 2.796124905538631E-8, 0.0, 4.602360993034828, 
0.0, 0.0, 0.0, 0.0, 0.0, 0.0, 0.0, 28.93572861766233, 23.265573050622958, 0.0, 13.72036965473498, 12.180062992411434, 18.512523204461665, 0.0, 1.8598682269852955, 0.0, 0.0, 4.194635264002309E-8, 0.0, 28.668744914803337, 0.0, 0.0, 0.0, 0.0, 60.54485420005293, 29.990144812168737, 0.0, 0.0, 0.0, 6.616787540696849, 
0.0, 0.0, 0.0, 0.0, 0.0, 0.0, 0.0, 0.0, 0.0, 0.0, 0.0, 0.0, 0.0, 0.0, 0.0, 0.0, 0.0, 0.0, 0.0, 0.0, 0.0, 0.0, 0.0, 0.0, 0.0, 0.0, 0.0, 0.0, 0.0, 0.0, 
0.0, 0.0, 0.0, 0.0, 0.0, 0.0, 0.0, 226.86883950886272, 192.1698125748052, 0.0, 29.892591146674146, 76.62278286226359, 116.47456018786626, 0.0, 212.124026361392, 0.0, 0.0, 0.0, 0.0, 106.42451444907239, 0.0, 0.0, 0.0, 0.0, 670.9264462035237, 209.48928712815717, 0.0, 43.13855259322358, 0.0, 41.87179495175273, 
1.8637265411837567E-7, 0.0, 4.5843793460268167E-7, 0.0, 0.0, 57.201044906093344, 0.0, 0.0, 276.393071298539, 0.0, 162.253697516947, 116.39952185626018, 265.28092061254534, 0.0, 0.0, 0.0, 0.0, 8.785663475947939E-8, 0.0, 16.2999266158, 0.0, 0.0, 0.0, 0.0, 1.928817508950191E-7, 3.0129934446673996E-7, 0.0, 29.919620446257053, 0.0, 380.2520679139656, 
352.0601152117847, 0.0, 3.786707543539525E-7, 0.0, 0.0, 349.0613643212751, 0.0, 0.0, 0.0, 0.0, 0.0, 92.64080892884218, 58.82003917494774, 0.0, 68.37633719323023, 0.0, 0.0, 2.4629771920069018E-8, 0.0, 20.629672506029802, 0.0, 0.0, 0.0, 0.0, 320.45498189503115, 106.6851095316989, 0.0, 35.79260748860428, 0.0, 0.0, 
282.9112793855267, 0.0, 5.78522492164404E-7, 0.0, 32.30286529927911, 78.91773456099824, 0.0, 55.18873264218068, 0.0, 0.0, 0.0, 52.7547949299545, 1017.8156716061105, 0.0, 299.9895782881454, 0.0, 0.0, 0.0, 0.0, 1.9073855602432612, 0.0, 0.0, 0.0, 0.0, 628.0249574235086, 0.0, 0.0, 0.12969245049214806, 0.0, 0.0, 
0.0, 0.0, 0.0, 0.0, 0.0, 0.0, 0.0, 0.0, 0.0, 0.0, 0.0, 0.0, 0.0, 0.0, 0.0, 0.0, 0.0, 0.0, 0.0, 0.0, 0.0, 0.0, 0.0, 0.0, 0.0, 0.0, 0.0, 0.0, 0.0, 0.0, 
0.0, 0.0, 0.0, 0.0, 0.0, 0.0, 0.0, 0.0, 0.0, 0.0, 0.0, 0.0, 0.0, 0.0, 0.0, 0.0, 0.0, 0.0, 0.0, 0.0, 0.0, 0.0, 0.0, 0.0, 0.0, 0.0, 0.0, 0.0, 0.0, 0.0, 
0.0, 0.0, 0.0, 0.0, 0.0, 0.0, 0.0, 0.0, 0.0, 0.0, 0.0, 0.0, 0.0, 0.0, 0.0, 0.0, 0.0, 0.0, 0.0, 0.0, 0.0, 0.0, 0.0, 0.0, 0.0, 0.0, 0.0, 0.0, 0.0, 0.0, 
6.94821849933276E-8, 0.0, 7.199672625501511E-7, 0.0, 9.62293109051906, 366.73281045829765, 0.0, 428.6251623462587, 0.0, 0.0, 620.1520148608749, 0.0, 0.0, 0.0, 0.0, 0.0, 0.0, 0.0, 0.0, 0.0, 0.0, 0.0, 0.0, 0.0, 53.08507096092968, 1.1951706925594398E-7, 0.0, 5.446297038841804E-7, 0.0, 370.78140408313914, 
0.0, 0.0, 0.0, 0.0, 0.0, 0.0, 0.0, 0.0, 0.0, 0.0, 0.0, 0.0, 0.0, 0.0, 0.0, 0.0, 0.0, 0.0, 0.0, 0.0, 0.0, 0.0, 0.0, 0.0, 0.0, 0.0, 0.0, 0.0, 0.0, 0.0, 
9.505819357823738E-8, 0.0, 3.743029121610295E-8, 0.0, 3.8347473003399025E-8, 110.20634073316783, 0.0, 70.90025750888886, 0.0, 0.0, 159.81994470479606, 0.0, 0.0, 0.0, 0.0, 0.0, 0.0, 0.0, 0.0, 2.308290777718973E-6, 0.0, 0.0, 0.0, 0.0, 48.594239864526806, 1.1242899444641772E-7, 0.0, 7.630686143801234E-8, 0.0, 237.09492262182945, 
0.0, 0.0, 0.0, 0.0, 0.0, 0.0, 0.0, 0.0, 0.0, 0.0, 0.0, 0.0, 0.0, 0.0, 0.0, 0.0, 0.0, 0.0, 0.0, 0.0, 0.0, 0.0, 0.0, 0.0, 0.0, 0.0, 0.0, 0.0, 0.0, 0.0, 
0.0, 0.0, 0.0, 0.0, 0.0, 0.0, 0.0, 0.0, 0.0, 0.0, 0.0, 0.0, 0.0, 0.0, 0.0, 0.0, 0.0, 0.0, 0.0, 0.0, 0.0, 0.0, 0.0, 0.0, 0.0, 0.0, 0.0, 0.0, 0.0, 0.0, 
0.0, 0.0, 0.0, 0.0, 0.0, 0.0, 0.0, 0.0, 0.0, 0.0, 0.0, 0.0, 0.0, 0.0, 0.0, 0.0, 0.0, 0.0, 0.0, 0.0, 0.0, 0.0, 0.0, 0.0, 0.0, 0.0, 0.0, 0.0, 0.0, 0.0, 
0.0, 0.0, 0.0, 0.0, 0.0, 0.0, 0.0, 0.0, 0.0, 0.0, 0.0, 0.0, 0.0, 0.0, 0.0, 0.0, 0.0, 0.0, 0.0, 0.0, 0.0, 0.0, 0.0, 0.0, 0.0, 0.0, 0.0, 0.0, 0.0, 0.0, 
4.152905791784957E-8, 0.0, 0.0, 0.0, 0.0, 109.61586629427721, 0.0, 7.352343010448902E-7, 39.98220486894995, 0.0, 29.60283319182243, 50.56179955626608, 0.0, 0.0, 0.0, 0.0, 0.0, 0.0, 0.0, 0.0, 0.0, 0.0, 0.0, 0.0, 226.848589252823, 3.2392592818087615E-8, 0.0, 0.0, 0.0, 54.38619403697071, 
0.0, 0.0, 559.7366822252801, 0.0, 0.0, 141.0701579505219, 0.0, 100.62768694146024, 68.40273010157141, 0.0, 46.0603700556985, 0.0, 0.0, 0.0, 0.0, 0.0, 0.0, 0.0, 0.0, 0.0, 0.0, 0.0, 0.0, 0.0, 114.5120497245513, 1.2134129600906515E-8, 0.0, 3.394907957970179E-8, 0.0, 36.813779677676806, 
495.25048850436673, 0.0, 0.0, 0.0, 0.0, 266.61503688087106, 0.0, 44.89609680980791, 0.0, 0.0, 79.84269675448859, 39.50654029725476, 0.0, 0.0, 0.0, 0.0, 0.0, 0.0, 0.0, 0.0, 0.0, 0.0, 0.0, 0.0, 590.7713255400187, 157.70024727848315, 0.0, 3.889742332357781E-8, 0.0, 185.4239588352679, 
1.1132484434823317E-7, 0.0, 359.2282801672942, 0.0, 185.275073885152, 9.662014590282764E-7, 0.0, 251.80824432760033, 9.884801438696744E-7, 0.0, 1.5263818084608725E-6, 2.1531645725798387E-6, 73.40293194020464, 0.0, 11.010552386475464, 0.0, 0.0, 0.0, 0.0, 176.2827500051845, 0.0, 0.0, 0.0, 0.0, 0.0, 0.0, 0.0, 6.802318283708026E-8, 0.0, 0.0, 
0.0, 0.0, 0.0, 0.0, 0.0, 0.0, 0.0, 0.0, 0.0, 0.0, 0.0, 0.0, 0.0, 0.0, 0.0, 0.0, 0.0, 0.0, 0.0, 0.0, 0.0, 0.0, 0.0, 0.0, 0.0, 0.0, 0.0, 0.0, 0.0, 0.0, 
1.6112690619839187E-8, 0.0, 5.410025237916347E-9, 0.0, 1.2309669034849175E-8, 5.372136978816686E-9, 0.0, 1.0114662866516412E-8, 663.3745132623557, 0.0, 0.0, 5.511525604111875E-8, 4.6320296818103545E-8, 0.0, 1.3684505288370226E-9, 0.0, 0.0, 0.0, 0.0, 2.2595972820327994E-8, 0.0, 0.0, 0.0, 0.0, 0.0, 0.0, 0.0, 252.7816921858413, 0.0, 1.1276775804264965E-8, 
176.26682128749363, 0.0, 381.0225891024615, 0.0, 106.38953591252387, 244.86674889758757, 0.0, 307.15642143889323, 282.47951825189574, 0.0, 83.75562024634914, 97.8158843137514, 86.1112649464404, 0.0, 120.41188295742117, 0.0, 0.0, 85.43776662449424, 0.0, 284.15303432376186, 0.0, 0.0, 0.0, 0.0, 0.0, 0.0, 0.0, 99.53371146490954, 0.0, 165.0159403923912, 
0.0, 0.0, 0.0, 0.0, 2.5081733837519074E-9, 3.9672819131839215E-8, 0.0, 125.47589539727488, 29.920717344684302, 0.0, 0.0, 41.31912078699937, 56.91735744872554, 0.0, 0.0, 0.0, 0.0, 202.99132843625128, 0.0, 2.35493935992527, 0.0, 0.0, 0.0, 0.0, 0.0, 0.0, 0.0, 0.0, 0.0, 79.90348842303429, 
1.9825304609518353E-7, 0.0, 270.7272230065062, 0.0, 0.0, 0.0, 0.0, 0.0, 165.58444913757182, 0.0, 113.58030587358516, 0.0, 0.0, 0.0, 0.0, 0.0, 0.0, 0.0, 0.0, 1.7050273630739121, 0.0, 0.0, 0.0, 0.0, 429.79982147783545, 0.0, 0.0, 4.563712910647235E-8, 0.0, 1230980.8857982508, 
185.7168295861538, 0.0, 4.652568914536506E-7, 0.0, 0.0, 177.15095518160408, 0.0, 69.48543953039916, 0.0, 0.0, 0.0, 133.92944478469195, 227.3358730970096, 0.0, 115.36605265619457, 0.0, 0.0, 3.0346186900126086E-7, 0.0, 26.88612498542212, 0.0, 0.0, 0.0, 0.0, 296.07924017201674, 0.0, 0.0, 0.0, 0.0, 0.0, 
