0.0, 0.0, 0.0, 0.0, 0.0, 0.0, 0.0, 0.0, 0.0, 0.0, 0.0, 0.0, 0.0, 0.0, 0.0, 0.0, 0.0, 0.0, 0.0, 0.0, 0.0, 0.0, 0.0, 0.0, 0.0, 0.0, 0.0, 0.0, 0.0, 0.0, 
0.0, 0.0, 0.0, 0.0, 0.0, 0.0, 0.0, 1.3918951321252193E-5, 76.58265230975462, 0.0, 114.23464711125831, 47.04037101736087, 125.10810758534944, 0.0, 0.0, 0.0, 0.0, 6.683240994336168E-6, 0.0, 279.74942458423357, 0.0, 0.0, 0.0, 0.0, 1.5036716531235571E-5, 6.22829768181409E-6, 0.0, 72.47920703672368, 0.0, 174.2974381519534, 
0.0, 0.0, 0.0, 0.0, 0.0, 0.0, 0.0, 0.0, 0.0, 0.0, 0.0, 0.0, 0.0, 0.0, 0.0, 0.0, 0.0, 0.0, 0.0, 0.0, 0.0, 0.0, 0.0, 0.0, 0.0, 0.0, 0.0, 0.0, 0.0, 0.0, 
0.0, 0.0, 0.0, 0.0, 0.0, 0.0, 0.0, 48.94400280340439, 4.566678932055539, 0.0, 26.456293906253137, 20.60032883023707, 10.27924251889611, 0.0, 0.0, 0.0, 0.0, 68.3146798343771, 0.0, 229.2949926331363, 0.0, 0.0, 0.0, 0.0, 0.0, 324.9191320390281, 0.0, 7.976559900105698E-7, 0.0, 7.70162192658237, 
0.0, 0.0, 0.0, 0.0, 0.0, 0.0, 0.0, 18.960627609977376, 2.8039155390239205, 0.0, 12.406650013934993, 21.872592792247055, 19.525702698485535, 0.0, 0.9275405822473431, 0.0, 0.0, 8.223392980531187E-6, 0.0, 15.320606626226425, 0.0, 0.0, 0.0, 0.0, 103.29167567427503, 21.57448153396869, 0.0, 0.0, 0.0, 5.821659560313703, 
0.0, 0.0, 0.0, 0.0, 0.0, 0.0, 0.0, 0.0, 0.0, 0.0, 0.0, 0.0, 0.0, 0.0, 0.0, 0.0, 0.0, 0.0, 0.0, 0.0, 0.0, 0.0, 0.0, 0.0, 0.0, 0.0, 0.0, 0.0, 0.0, 0.0, 
0.0, 0.0, 0.0, 0.0, 0.0, 0.0, 0.0, 232.3587643850697, 86.13489503480714, 0.0, 132.13602361585137, 61.60673562290589, 56.92203140114101, 0.0, 80.90228564273693, 0.0, 0.0, 0.0, 0.0, 176.35696331695186, 0.0, 0.0, 0.0, 0.0, 821.0820052469285, 158.41002158380184, 0.0, 35.049853724116375, 0.0, 85.06959315875129, 
8.004092941150529E-6, 0.0, 2.2781092374119368E-5, 0.0, 0.0, 106.82346388113413, 0.0, 0.0, 238.91368074625734, 0.0, 170.04184412499652, 129.19135950019827, 305.06312889189167, 0.0, 0.0, 0.0, 0.0, 9.920611139515716E-6, 0.0, 15.202141484034062, 0.0, 0.0, 0.0, 0.0, 5.657791264347264E-5, 3.297661653492062E-5, 0.0, 36.20294955447074, 0.0, 302.5599080767407, 
447.0615486155168, 0.0, 2.352829661014483E-5, 0.0, 0.0, 332.9633799948566, 0.0, 0.0, 0.0, 0.0, 0.0, 36.43959219365843, 79.91744800976757, 0.0, 47.11155865774724, 0.0, 0.0, 6.339157017984658E-6, 0.0, 29.995020677104062, 0.0, 0.0, 0.0, 0.0, 360.1652304863523, 94.67538093423288, 0.0, 47.92976913793217, 0.0, 0.0, 
214.3155050141378, 0.0, 1.711632861408383E-5, 0.0, 24.261394567006878, 202.62818415846976, 0.0, 163.15690234775286, 0.0, 0.0, 0.0, 119.3068563159027, 1017.7692582030355, 0.0, 396.94004549399034, 0.0, 0.0, 0.0, 0.0, 0.018491376574583527, 0.0, 0.0, 0.0, 0.0, 302.004052299548, 0.0, 0.0, 9.569021695362732, 0.0, 0.0, 
0.0, 0.0, 0.0, 0.0, 0.0, 0.0, 0.0, 0.0, 0.0, 0.0, 0.0, 0.0, 0.0, 0.0, 0.0, 0.0, 0.0, 0.0, 0.0, 0.0, 0.0, 0.0, 0.0, 0.0, 0.0, 0.0, 0.0, 0.0, 0.0, 0.0, 
0.0, 0.0, 0.0, 0.0, 0.0, 0.0, 0.0, 0.0, 0.0, 0.0, 0.0, 0.0, 0.0, 0.0, 0.0, 0.0, 0.0, 0.0, 0.0, 0.0, 0.0, 0.0, 0.0, 0.0, 0.0, 0.0, 0.0, 0.0, 0.0, 0.0, 
0.0, 0.0, 0.0, 0.0, 0.0, 0.0, 0.0, 0.0, 0.0, 0.0, 0.0, 0.0, 0.0, 0.0, 0.0, 0.0, 0.0, 0.0, 0.0, 0.0, 0.0, 0.0, 0.0, 0.0, 0.0, 0.0, 0.0, 0.0, 0.0, 0.0, 
2.0695808305337794E-5, 0.0, 1.3478248936940355E-5, 0.0, 6.458902712737104, 318.78064835292025, 0.0, 343.65154416055367, 0.0, 0.0, 328.73245953802376, 0.0, 0.0, 0.0, 0.0, 0.0, 0.0, 0.0, 0.0, 0.0, 0.0, 0.0, 0.0, 0.0, 91.02752305199611, 1.8027656765309965E-8, 0.0, 8.199055924820614E-6, 0.0, 760.4227024659705, 
0.0, 0.0, 0.0, 0.0, 0.0, 0.0, 0.0, 0.0, 0.0, 0.0, 0.0, 0.0, 0.0, 0.0, 0.0, 0.0, 0.0, 0.0, 0.0, 0.0, 0.0, 0.0, 0.0, 0.0, 0.0, 0.0, 0.0, 0.0, 0.0, 0.0, 
1.3571333360335544E-5, 0.0, 2.3630628638174913E-6, 0.0, 3.870782230487176E-6, 206.14441119223434, 0.0, 53.000255293675394, 0.0, 0.0, 126.68901723266384, 0.0, 0.0, 0.0, 0.0, 0.0, 0.0, 0.0, 0.0, 3.398357162770257E-4, 0.0, 0.0, 0.0, 0.0, 80.94622999032629, 1.0317749463345921E-5, 0.0, 4.802516460598614E-6, 0.0, 191.12381157996307, 
0.0, 0.0, 0.0, 0.0, 0.0, 0.0, 0.0, 0.0, 0.0, 0.0, 0.0, 0.0, 0.0, 0.0, 0.0, 0.0, 0.0, 0.0, 0.0, 0.0, 0.0, 0.0, 0.0, 0.0, 0.0, 0.0, 0.0, 0.0, 0.0, 0.0, 
0.0, 0.0, 0.0, 0.0, 0.0, 0.0, 0.0, 0.0, 0.0, 0.0, 0.0, 0.0, 0.0, 0.0, 0.0, 0.0, 0.0, 0.0, 0.0, 0.0, 0.0, 0.0, 0.0, 0.0, 0.0, 0.0, 0.0, 0.0, 0.0, 0.0, 
0.0, 0.0, 0.0, 0.0, 0.0, 0.0, 0.0, 0.0, 0.0, 0.0, 0.0, 0.0, 0.0, 0.0, 0.0, 0.0, 0.0, 0.0, 0.0, 0.0, 0.0, 0.0, 0.0, 0.0, 0.0, 0.0, 0.0, 0.0, 0.0, 0.0, 
0.0, 0.0, 0.0, 0.0, 0.0, 0.0, 0.0, 0.0, 0.0, 0.0, 0.0, 0.0, 0.0, 0.0, 0.0, 0.0, 0.0, 0.0, 0.0, 0.0, 0.0, 0.0, 0.0, 0.0, 0.0, 0.0, 0.0, 0.0, 0.0, 0.0, 
1.9880822875156397E-5, 0.0, 0.0, 0.0, 0.0, 67.35832317375223, 0.0, 7.620684914407355E-5, 32.38149193727847, 0.0, 90.14817609451906, 64.16628868302766, 0.0, 0.0, 0.0, 0.0, 0.0, 0.0, 0.0, 0.0, 0.0, 0.0, 0.0, 0.0, 166.26329576787558, 9.210808502394594E-6, 0.0, 0.0, 0.0, 90.73294962910583, 
0.0, 0.0, 561.0089221112355, 0.0, 0.0, 79.99699774171755, 0.0, 119.85007238626912, 83.73131353662541, 0.0, 26.954667628992734, 0.0, 0.0, 0.0, 0.0, 0.0, 0.0, 0.0, 0.0, 0.0, 0.0, 0.0, 0.0, 0.0, 146.1363476962294, 1.1166192524283131E-5, 0.0, 2.6023433949474755E-6, 0.0, 62.020642713599365, 
413.93006546756413, 0.0, 0.0, 0.0, 0.0, 300.3080004997116, 0.0, 91.07696987647441, 0.0, 0.0, 13.375831162347623, 31.493433676463365, 0.0, 0.0, 0.0, 0.0, 0.0, 0.0, 0.0, 0.0, 0.0, 0.0, 0.0, 0.0, 672.7900788237602, 179.02456574304114, 0.0, 4.167539866779729E-6, 0.0, 164.51068273081586, 
23.119470340244195, 0.0, 379.54612864266187, 0.0, 144.63790912349094, 0.018801574595789156, 0.0, 156.91340915739, 0.004916680413271022, 0.0, 0.0031887075304167954, 0.002860564434189577, 104.07619691007704, 0.0, 68.91741283310944, 0.0, 0.0, 0.0, 0.0, 177.18951320106075, 0.0, 0.0, 0.0, 0.0, 0.0, 0.0, 0.0, 1.10449250373523E-5, 0.0, 0.0, 
0.0, 0.0, 0.0, 0.0, 0.0, 0.0, 0.0, 0.0, 0.0, 0.0, 0.0, 0.0, 0.0, 0.0, 0.0, 0.0, 0.0, 0.0, 0.0, 0.0, 0.0, 0.0, 0.0, 0.0, 0.0, 0.0, 0.0, 0.0, 0.0, 0.0, 
7.705369801432913E-7, 0.0, 1.2179295587038167E-6, 0.0, 1.8446890736308244E-6, 4.6198105606503093E-7, 0.0, 8.829314566553236E-7, 890.7961897286649, 0.0, 0.0, 4.1719528092236153E-7, 6.658247134794224E-7, 0.0, 1.1637074006362834E-6, 0.0, 0.0, 0.0, 0.0, 2.7518086953455093E-6, 0.0, 0.0, 0.0, 0.0, 0.0, 0.0, 0.0, 120.24761575443031, 0.0, 2.3715122300049058E-6, 
154.51609517735972, 0.0, 352.7689233957853, 0.0, 232.15800365930838, 217.85707497627075, 0.0, 294.11795358523307, 307.61279755369065, 0.0, 49.20164196574256, 62.226173113918364, 70.99552901304558, 0.0, 155.41993455264566, 0.0, 0.0, 47.39911675568319, 0.0, 303.30353879393647, 0.0, 0.0, 0.0, 0.0, 0.0, 0.0, 0.0, 170.6687100660012, 0.0, 64.33853621427797, 
0.0, 0.0, 0.0, 0.0, 2.7565960838354856E-6, 3.2570102561786213E-6, 0.0, 130.74214714539403, 27.079738069128634, 0.0, 0.0, 61.921576176397046, 59.44530739714876, 0.0, 0.0, 0.0, 0.0, 201.93072658621014, 0.0, 2.760232720066843, 0.0, 0.0, 0.0, 0.0, 0.0, 0.0, 0.0, 0.0, 0.0, 39.3436687268952, 
1.115460914463345E-5, 0.0, 281.7427627956235, 0.0, 0.0, 0.0, 0.0, 0.0, 141.33726838141058, 0.0, 405.62987395302196, 0.0, 0.0, 0.0, 0.0, 0.0, 0.0, 0.0, 0.0, 0.01956295333412552, 0.0, 0.0, 0.0, 0.0, 435.94173836993406, 0.0, 0.0, 4.988576416019996E-6, 0.0, 1.3894407442572215E8, 
244.6310943280845, 0.0, 2.6843127782205322E-5, 0.0, 0.0, 71.95847355528622, 0.0, 108.24225886258948, 0.0, 0.0, 0.0, 118.15556740953802, 205.77178632018848, 0.0, 81.6580584839824, 0.0, 0.0, 1.8986768670057683E-5, 0.0, 17.701048838868516, 0.0, 0.0, 0.0, 0.0, 253.7875605131937, 0.0, 0.0, 0.0, 0.0, 0.0, 
