0.0, 0.0, 0.0, 0.0, 0.0, 0.0, 0.0, 0.0, 0.0, 0.0, 0.0, 0.0, 0.0, 0.0, 0.0, 0.0, 0.0, 0.0, 0.0, 0.0, 0.0, 0.0, 0.0, 0.0, 0.0, 0.0, 0.0, 0.0, 0.0, 0.0, 
0.0, 0.0, 0.0, 0.0, 0.0, 0.0, 0.0, 0.0, 329.5384768992187, 0.0, 118.5363863895522, 35.89282264262667, 168.98055460115202, 0.0, 0.0, 0.0, 0.0, 0.006811278885972571, 0.0, 116.71031504314024, 0.0, 0.0, 0.0, 0.0, 0.0163592088090437, 0.00261720631410667, 0.0, 105.02226906140491, 0.0, 0.08228412376785645, 
0.0, 0.0, 0.0, 0.0, 0.0, 0.0, 0.0, 0.0, 0.0, 0.0, 0.0, 0.0, 0.0, 0.0, 0.0, 0.0, 0.0, 0.0, 0.0, 0.0, 0.0, 0.0, 0.0, 0.0, 0.0, 0.0, 0.0, 0.0, 0.0, 0.0, 
0.0, 0.0, 0.0, 0.0, 0.0, 0.0, 0.0, 95.4906725902207, 0.053196615038028146, 0.0, 0.36024367431884796, 0.05256058755603258, 21.91388787794632, 0.0, 0.0, 0.0, 0.0, 57.1531688893387, 0.0, 169.07128928341493, 0.0, 0.0, 0.0, 0.0, 0.0, 392.89580108883916, 0.0, 0.008574291632788946, 0.0, 0.01787357473684024, 
0.0, 0.0, 0.0, 0.0, 0.0, 0.0, 0.0, 179.2405158812776, 0.13395224696014335, 0.0, 32.213657382033695, 0.9361581470491213, 16.09726663270454, 0.0, 0.0, 0.0, 0.0, 0.0, 0.0, 0.0, 0.0, 0.0, 0.0, 0.0, 0.0, 0.0, 0.0, 0.0, 0.0, 0.0, 
0.0, 0.0, 0.0, 0.0, 0.0, 0.0, 0.0, 0.0, 0.0, 0.0, 0.0, 0.0, 0.0, 0.0, 0.0, 0.0, 0.0, 0.0, 0.0, 0.0, 0.0, 0.0, 0.0, 0.0, 0.0, 0.0, 0.0, 0.0, 0.0, 0.0, 
0.0, 0.0, 0.0, 0.0, 0.0, 0.0, 0.0, 230.96875875010014, 0.32928622362117893, 0.0, 97.81983985769224, 55.59274048290792, 127.94276883696776, 0.0, 9.773373271342775, 0.0, 0.0, 0.0, 0.0, 55.77051134951496, 0.0, 0.0, 0.0, 0.0, 1139.3829192721673, 106.29572652759465, 0.0, 109.88399180773213, 0.0, 0.11621821609203523, 
0.025645212988157067, 0.0, 0.00298593076506712, 0.0, 0.0, 365.25714250484117, 0.0, 0.0, 79.12863204181357, 0.0, 192.39553417090147, 112.18318809682641, 204.95939428216047, 0.0, 0.0, 0.0, 0.0, 0.013197585186518692, 0.0, 241.0681761778916, 0.0, 0.0, 0.0, 0.0, 52.044484482312036, 0.024325899715427927, 0.0, 5.564669402401796, 0.0, 51.79268902584327, 
394.746364237693, 0.0, 0.018154877207686534, 0.0, 0.0, 160.12349007441276, 0.0, 0.0, 0.0, 0.0, 0.0, 146.40883543604426, 70.6680685684943, 0.0, 67.1229594870223, 0.0, 0.0, 0.006943908424159467, 0.0, 32.00845217842727, 0.0, 0.0, 0.0, 0.0, 545.7922502831269, 210.22019767282342, 0.0, 22.00415752683326, 0.0, 0.0, 
257.0041441253851, 0.0, 6.488256992483293E-4, 0.0, 0.002426446109812605, 0.07801574385309144, 0.0, 519.626715034254, 0.0, 0.0, 0.0, 187.33050231293387, 1015.7172790667222, 0.0, 474.4267719206379, 0.0, 0.0, 0.0, 0.0, 0.0, 0.0, 0.0, 0.0, 0.0, 0.0, 0.0, 0.0, 0.0, 0.0, 0.0, 
0.0, 0.0, 0.0, 0.0, 0.0, 0.0, 0.0, 0.0, 0.0, 0.0, 0.0, 0.0, 0.0, 0.0, 0.0, 0.0, 0.0, 0.0, 0.0, 0.0, 0.0, 0.0, 0.0, 0.0, 0.0, 0.0, 0.0, 0.0, 0.0, 0.0, 
0.0, 0.0, 0.0, 0.0, 0.0, 0.0, 0.0, 0.0, 0.0, 0.0, 0.0, 0.0, 0.0, 0.0, 0.0, 0.0, 0.0, 0.0, 0.0, 0.0, 0.0, 0.0, 0.0, 0.0, 0.0, 0.0, 0.0, 0.0, 0.0, 0.0, 
0.0, 0.0, 0.0, 0.0, 0.0, 0.0, 0.0, 0.0, 0.0, 0.0, 0.0, 0.0, 0.0, 0.0, 0.0, 0.0, 0.0, 0.0, 0.0, 0.0, 0.0, 0.0, 0.0, 0.0, 0.0, 0.0, 0.0, 0.0, 0.0, 0.0, 
0.0, 0.0, 0.0, 0.0, 0.0, 573.4283081902392, 0.0, 357.0201119866985, 0.0, 0.0, 430.23970578090785, 0.0, 0.0, 0.0, 0.0, 0.0, 0.0, 0.0, 0.0, 0.0, 0.0, 0.0, 0.0, 0.0, 495.8382216499366, 0.01751526979899482, 0.0, 0.014481868071755772, 0.0, 0.06237192057319921, 
0.0, 0.0, 0.0, 0.0, 0.0, 0.0, 0.0, 0.0, 0.0, 0.0, 0.0, 0.0, 0.0, 0.0, 0.0, 0.0, 0.0, 0.0, 0.0, 0.0, 0.0, 0.0, 0.0, 0.0, 0.0, 0.0, 0.0, 0.0, 0.0, 0.0, 
0.0292206905603383, 0.0, 0.0013644928209124263, 0.0, 0.005177957583565055, 207.31234668902266, 0.0, 10.943789024401713, 0.0, 0.0, 276.0107809638557, 0.0, 0.0, 0.0, 0.0, 0.0, 0.0, 0.0, 0.0, 0.0, 0.0, 0.0, 0.0, 0.0, 0.0, 0.0, 0.0, 0.0, 0.0, 0.0, 
0.0, 0.0, 0.0, 0.0, 0.0, 0.0, 0.0, 0.0, 0.0, 0.0, 0.0, 0.0, 0.0, 0.0, 0.0, 0.0, 0.0, 0.0, 0.0, 0.0, 0.0, 0.0, 0.0, 0.0, 0.0, 0.0, 0.0, 0.0, 0.0, 0.0, 
0.0, 0.0, 0.0, 0.0, 0.0, 0.0, 0.0, 0.0, 0.0, 0.0, 0.0, 0.0, 0.0, 0.0, 0.0, 0.0, 0.0, 0.0, 0.0, 0.0, 0.0, 0.0, 0.0, 0.0, 0.0, 0.0, 0.0, 0.0, 0.0, 0.0, 
0.0, 0.0, 0.0, 0.0, 0.0, 0.0, 0.0, 0.0, 0.0, 0.0, 0.0, 0.0, 0.0, 0.0, 0.0, 0.0, 0.0, 0.0, 0.0, 0.0, 0.0, 0.0, 0.0, 0.0, 0.0, 0.0, 0.0, 0.0, 0.0, 0.0, 
0.0, 0.0, 0.0, 0.0, 0.0, 0.0, 0.0, 0.0, 0.0, 0.0, 0.0, 0.0, 0.0, 0.0, 0.0, 0.0, 0.0, 0.0, 0.0, 0.0, 0.0, 0.0, 0.0, 0.0, 0.0, 0.0, 0.0, 0.0, 0.0, 0.0, 
0.017781651727952916, 0.0, 0.0, 0.0, 0.0, 106.50393578375231, 0.0, 0.09505972149960285, 50.70915682500455, 0.0, 178.87484421449184, 0.1241836701403144, 0.0, 0.0, 0.0, 0.0, 0.0, 0.0, 0.0, 0.0, 0.0, 0.0, 0.0, 0.0, 193.6181130099463, 0.007412526986314162, 0.0, 0.0, 0.0, 0.087464595727842, 
0.0, 0.0, 357.2827228624533, 0.0, 0.0, 152.41702877099118, 0.0, 52.34872177273227, 95.0235071333871, 0.0, 34.14269480703913, 0.0, 0.0, 0.0, 0.0, 0.0, 0.0, 0.0, 0.0, 0.0, 0.0, 0.0, 0.0, 0.0, 354.1320204787691, 0.007353153639009784, 0.0, 0.22523619763915145, 0.0, 35.49558489569755, 
574.3397279636199, 0.0, 0.0, 0.0, 0.0, 142.51062218323747, 0.0, 41.726536394905544, 0.0, 0.0, 38.41009032909638, 98.08687569077952, 0.0, 0.0, 0.0, 0.0, 0.0, 0.0, 0.0, 0.0, 0.0, 0.0, 0.0, 0.0, 627.4590243418429, 97.84859032211875, 0.0, 0.039297426831010354, 0.0, 252.0555636112568, 
22.55760388705819, 0.0, 331.12587617941915, 0.0, 159.48037128345698, 62.47184211564392, 0.0, 29.45465288873417, 0.018884800053301704, 0.0, 34.0462397343227, 0.010560706746595002, 210.37879757851388, 0.0, 58.96483579190267, 0.0, 0.0, 0.0, 0.0, 157.97613986337592, 0.0, 0.0, 0.0, 0.0, 0.0, 0.0, 0.0, 0.01968582767672828, 0.0, 0.0, 
0.0, 0.0, 0.0, 0.0, 0.0, 0.0, 0.0, 0.0, 0.0, 0.0, 0.0, 0.0, 0.0, 0.0, 0.0, 0.0, 0.0, 0.0, 0.0, 0.0, 0.0, 0.0, 0.0, 0.0, 0.0, 0.0, 0.0, 0.0, 0.0, 0.0, 
3.244738936979591E-4, 0.0, 0.0012734626404222002, 0.0, 2.639091208095461E-4, 1.7912443164133779E-4, 0.0, 5.540749979771893E-4, 1089.4534401413107, 0.0, 0.0, 0.0017486748465318455, 6.516650902352073E-4, 0.0, 0.0, 0.0, 0.0, 0.0, 0.0, 2.0198426276660944E-4, 0.0, 0.0, 0.0, 0.0, 0.0, 0.0, 0.0, 4.738935286112749, 0.0, 4.1253833527918115E-4, 
217.1576216270805, 0.0, 330.4085475650282, 0.0, 354.6113250878828, 120.51163648426683, 0.0, 135.82581073786466, 238.14712822312086, 0.0, 51.211217616880745, 93.64568910770858, 104.55372977966395, 0.0, 211.0975866580653, 0.0, 0.0, 0.08353453621672967, 0.0, 417.18753891639636, 0.0, 0.0, 0.0, 0.0, 0.0, 0.0, 0.0, 200.54430053866602, 0.0, 0.05294113138541368, 
0.0, 0.0, 0.0, 0.0, 0.001959570504097761, 0.011082201896599867, 0.0, 96.69849788998458, 1.3721241029343714, 0.0, 0.0, 41.03231555347705, 102.00593607492459, 0.0, 0.0, 0.0, 0.0, 217.77085553454967, 0.0, 43.71996564980786, 0.0, 0.0, 0.0, 0.0, 0.0, 0.0, 0.0, 0.0, 0.0, 0.06616274676635327, 
40.964579638135866, 0.0, 560.791168415241, 0.0, 0.0, 0.0, 0.0, 0.0, 0.0, 0.0, 0.0, 0.0, 0.0, 0.0, 0.0, 0.0, 0.0, 0.0, 0.0, 0.0, 0.0, 0.0, 0.0, 0.0, 0.0, 0.0, 0.0, 0.0, 0.0, 0.0, 
0.0, 0.0, 0.0, 0.0, 0.0, 0.0, 0.0, 0.0, 0.0, 0.0, 0.0, 0.0, 0.0, 0.0, 0.0, 0.0, 0.0, 0.0, 0.0, 0.0, 0.0, 0.0, 0.0, 0.0, 0.0, 0.0, 0.0, 0.0, 0.0, 0.0, 
