0.0, 0.0, 0.0, 0.0, 0.0, 0.0, 0.0, 0.0, 0.0, 0.0, 0.0, 0.0, 0.0, 0.0, 0.0, 0.0, 0.0, 0.0, 0.0, 0.0, 0.0, 0.0, 0.0, 0.0, 0.0, 0.0, 0.0, 0.0, 0.0, 0.0, 
0.0, 0.0, 0.0, 0.0, 0.0, 0.0, 0.0, 9.303959359388308, 94.94427333361308, 0.0, 44.95968006346604, 73.0770262795914, 154.25419972067144, 0.0, 0.0, 0.0, 0.0, 15.65725834028178, 0.0, 260.62574130790887, 0.0, 0.0, 0.0, 0.0, 3.8515969897385185, 12.536522156446608, 0.0, 45.222715101184754, 0.0, 144.85222676007928, 
0.0, 0.0, 0.0, 0.0, 0.0, 0.0, 0.0, 0.0, 0.0, 0.0, 0.0, 0.0, 0.0, 0.0, 0.0, 0.0, 0.0, 0.0, 0.0, 0.0, 0.0, 0.0, 0.0, 0.0, 0.0, 0.0, 0.0, 0.0, 0.0, 0.0, 
0.0, 0.0, 0.0, 0.0, 0.0, 0.0, 0.0, 55.01331020169414, 18.331481498223027, 0.0, 29.121273554374685, 25.591989779292597, 29.728703182234078, 0.0, 0.0, 0.0, 0.0, 61.3749737641493, 0.0, 263.6246215189082, 0.0, 0.0, 0.0, 0.0, 0.0, 269.8428875894916, 0.0, 8.401496695921852, 0.0, 22.547067630977473, 
0.0, 0.0, 0.0, 0.0, 0.0, 0.0, 0.0, 14.972669286862486, 10.488995536183312, 0.0, 45.05079283319839, 32.896099545510495, 6.8907052642676465, 0.0, 6.693837947343823, 0.0, 0.0, 7.559315999895153, 0.0, 11.767594607750198, 0.0, 0.0, 0.0, 0.0, 50.32423746192184, 14.931822534637869, 0.0, 0.0, 0.0, 28.761167280327157, 
0.0, 0.0, 0.0, 0.0, 0.0, 0.0, 0.0, 0.0, 0.0, 0.0, 0.0, 0.0, 0.0, 0.0, 0.0, 0.0, 0.0, 0.0, 0.0, 0.0, 0.0, 0.0, 0.0, 0.0, 0.0, 0.0, 0.0, 0.0, 0.0, 0.0, 
0.0, 0.0, 0.0, 0.0, 0.0, 0.0, 0.0, 181.3514489416068, 126.43686960280928, 0.0, 122.4417529039717, 92.82116861488882, 167.8338196790574, 0.0, 90.35051199346404, 0.0, 0.0, 0.0, 0.0, 115.44959876956001, 0.0, 0.0, 0.0, 0.0, 749.8370708005058, 205.98554196568466, 0.0, 25.23245872659788, 0.0, 93.98400376384885, 
5.1242181739154375, 0.0, 13.881689679492641, 0.0, 0.0, 40.56965711783076, 0.0, 0.0, 216.49057507068557, 0.0, 122.49213511500265, 80.46350246919803, 325.86138505845435, 0.0, 0.0, 0.0, 0.0, 2.4981556799096505, 0.0, 32.30295393936539, 0.0, 0.0, 0.0, 0.0, 1.3448569842339468, 3.085750575008211, 0.0, 32.66028368329824, 0.0, 402.18664576753713, 
394.6812694300423, 0.0, 18.298805140241285, 0.0, 0.0, 344.95414370924266, 0.0, 0.0, 0.0, 0.0, 0.0, 68.25721454911111, 91.53969338488888, 0.0, 65.81804466160838, 0.0, 0.0, 12.66730184808764, 0.0, 10.470747710940978, 0.0, 0.0, 0.0, 0.0, 350.5268018085514, 107.34257531463572, 0.0, 34.61377257476342, 0.0, 0.0, 
227.62447448463303, 0.0, 5.517996699575087, 0.0, 33.84012092881518, 176.48918248966572, 0.0, 75.68863346648445, 0.0, 0.0, 0.0, 59.65143792178776, 1034.5909830600228, 0.0, 388.9169339767142, 0.0, 0.0, 0.0, 0.0, 17.005223292499473, 0.0, 0.0, 0.0, 0.0, 381.12678841476253, 0.0, 0.0, 15.001192403174755, 0.0, 0.0, 
0.0, 0.0, 0.0, 0.0, 0.0, 0.0, 0.0, 0.0, 0.0, 0.0, 0.0, 0.0, 0.0, 0.0, 0.0, 0.0, 0.0, 0.0, 0.0, 0.0, 0.0, 0.0, 0.0, 0.0, 0.0, 0.0, 0.0, 0.0, 0.0, 0.0, 
0.0, 0.0, 0.0, 0.0, 0.0, 0.0, 0.0, 0.0, 0.0, 0.0, 0.0, 0.0, 0.0, 0.0, 0.0, 0.0, 0.0, 0.0, 0.0, 0.0, 0.0, 0.0, 0.0, 0.0, 0.0, 0.0, 0.0, 0.0, 0.0, 0.0, 
0.0, 0.0, 0.0, 0.0, 0.0, 0.0, 0.0, 0.0, 0.0, 0.0, 0.0, 0.0, 0.0, 0.0, 0.0, 0.0, 0.0, 0.0, 0.0, 0.0, 0.0, 0.0, 0.0, 0.0, 0.0, 0.0, 0.0, 0.0, 0.0, 0.0, 
3.5071775223907795, 0.0, 26.34461624613872, 0.0, 12.63624897232775, 372.8539604396658, 0.0, 606.2884222609248, 0.0, 0.0, 143.9514479728722, 0.0, 0.0, 0.0, 0.0, 0.0, 0.0, 0.0, 0.0, 0.0, 0.0, 0.0, 0.0, 0.0, 49.63179010224954, 0.2442424829837032, 0.0, 6.430243898525847, 0.0, 640.7263410415534, 
0.0, 0.0, 0.0, 0.0, 0.0, 0.0, 0.0, 0.0, 0.0, 0.0, 0.0, 0.0, 0.0, 0.0, 0.0, 0.0, 0.0, 0.0, 0.0, 0.0, 0.0, 0.0, 0.0, 0.0, 0.0, 0.0, 0.0, 0.0, 0.0, 0.0, 
8.527719746454297, 0.0, 1.539801772457746, 0.0, 2.632272222072899, 180.2480610763761, 0.0, 76.82400703884821, 0.0, 0.0, 189.5368055797398, 0.0, 0.0, 0.0, 0.0, 0.0, 0.0, 0.0, 0.0, 13.783645579600535, 0.0, 0.0, 0.0, 0.0, 48.611248117627554, 6.449427651121317, 0.0, 3.862635933300548, 0.0, 92.54566238231483, 
0.0, 0.0, 0.0, 0.0, 0.0, 0.0, 0.0, 0.0, 0.0, 0.0, 0.0, 0.0, 0.0, 0.0, 0.0, 0.0, 0.0, 0.0, 0.0, 0.0, 0.0, 0.0, 0.0, 0.0, 0.0, 0.0, 0.0, 0.0, 0.0, 0.0, 
0.0, 0.0, 0.0, 0.0, 0.0, 0.0, 0.0, 0.0, 0.0, 0.0, 0.0, 0.0, 0.0, 0.0, 0.0, 0.0, 0.0, 0.0, 0.0, 0.0, 0.0, 0.0, 0.0, 0.0, 0.0, 0.0, 0.0, 0.0, 0.0, 0.0, 
0.0, 0.0, 0.0, 0.0, 0.0, 0.0, 0.0, 0.0, 0.0, 0.0, 0.0, 0.0, 0.0, 0.0, 0.0, 0.0, 0.0, 0.0, 0.0, 0.0, 0.0, 0.0, 0.0, 0.0, 0.0, 0.0, 0.0, 0.0, 0.0, 0.0, 
0.0, 0.0, 0.0, 0.0, 0.0, 0.0, 0.0, 0.0, 0.0, 0.0, 0.0, 0.0, 0.0, 0.0, 0.0, 0.0, 0.0, 0.0, 0.0, 0.0, 0.0, 0.0, 0.0, 0.0, 0.0, 0.0, 0.0, 0.0, 0.0, 0.0, 
10.191778162342665, 0.0, 0.0, 0.0, 0.0, 135.1592271448659, 0.0, 8.794875341539864, 38.10130561759618, 0.0, 68.11453839552009, 39.73110246370669, 0.0, 0.0, 0.0, 0.0, 0.0, 0.0, 0.0, 0.0, 0.0, 0.0, 0.0, 0.0, 142.22634047210323, 7.4799954771701, 0.0, 0.0, 0.0, 56.24327083083288, 
0.0, 0.0, 537.6107382985416, 0.0, 0.0, 150.97337940643084, 0.0, 51.54772756282069, 84.9269306812994, 0.0, 11.066408376998623, 0.0, 0.0, 0.0, 0.0, 0.0, 0.0, 0.0, 0.0, 0.0, 0.0, 0.0, 0.0, 0.0, 149.94866697408924, 9.86795255109678, 0.0, 18.97846379995115, 0.0, 60.76945061566339, 
469.6380085424534, 0.0, 0.0, 0.0, 0.0, 210.0980027124058, 0.0, 31.079683078120752, 0.0, 0.0, 84.02730367065872, 52.344539876995896, 0.0, 0.0, 0.0, 0.0, 0.0, 0.0, 0.0, 0.0, 0.0, 0.0, 0.0, 0.0, 648.4017905563431, 145.69486801795742, 0.0, 38.9292037633321, 0.0, 182.42104762402465, 
57.94149373007292, 0.0, 244.2860777941359, 0.0, 262.1795018209271, 19.086364097076643, 0.0, 123.63942587700352, 6.2445534145252175, 0.0, 16.95319931250643, 19.02493139344037, 13.043945697046023, 0.0, 28.037904255752483, 0.0, 0.0, 0.0, 0.0, 230.6828939309404, 0.0, 0.0, 0.0, 0.0, 0.0, 0.0, 0.0, 6.2795442491526945, 0.0, 0.0, 
0.0, 0.0, 0.0, 0.0, 0.0, 0.0, 0.0, 0.0, 0.0, 0.0, 0.0, 0.0, 0.0, 0.0, 0.0, 0.0, 0.0, 0.0, 0.0, 0.0, 0.0, 0.0, 0.0, 0.0, 0.0, 0.0, 0.0, 0.0, 0.0, 0.0, 
0.7934110501137277, 0.0, 0.1449054748609975, 0.0, 0.5983961526052319, 0.09956030531288057, 0.0, 1.2091520124283295, 1083.4073474568982, 0.0, 0.0, 2.407050761795509, 1.5789208142546691, 0.0, 1.3058337222283771, 0.0, 0.0, 0.0, 0.0, 1.5120796269344932, 0.0, 0.0, 0.0, 0.0, 0.0, 0.0, 0.0, 7.55050530592645, 0.0, 1.3083542745130485, 
144.17945196270222, 0.0, 529.3295914108534, 0.0, 85.62795204532705, 207.96736191521202, 0.0, 317.1690450423516, 40.35728834172337, 0.0, 89.57550383337065, 47.70032095163103, 105.42561287709655, 0.0, 148.83785931459516, 0.0, 0.0, 96.18880287940833, 0.0, 283.49545589394637, 0.0, 0.0, 0.0, 0.0, 0.0, 0.0, 0.0, 194.73997533700458, 0.0, 196.59099428759072, 
0.0, 0.0, 0.0, 0.0, 5.2487724878027, 6.768142772992255, 0.0, 112.4788206947448, 58.872448083853804, 0.0, 0.0, 55.97973946864087, 42.35680010122315, 0.0, 0.0, 0.0, 0.0, 185.12926527107692, 0.0, 14.687291025735883, 0.0, 0.0, 0.0, 0.0, 0.0, 0.0, 0.0, 0.0, 0.0, 50.60398778494044, 
1.9258618225349893, 0.0, 216.01769663449582, 0.0, 0.0, 0.0, 0.0, 0.0, 65.0662232678416, 0.0, 534.0891252675755, 0.0, 0.0, 0.0, 0.0, 0.0, 0.0, 0.0, 0.0, 15.680437465517919, 0.0, 0.0, 0.0, 0.0, 433.34125140534076, 0.0, 0.0, 11.52945576595302, 0.0, 1456.713000149725, 
202.03356220096035, 0.0, 9.954215573562106, 0.0, 0.0, 101.03714159558066, 0.0, 151.93183719558849, 0.0, 0.0, 0.0, 119.7188276013202, 115.44973085666166, 0.0, 77.31333810076978, 0.0, 0.0, 6.04966388053818, 0.0, 12.826871141353196, 0.0, 0.0, 0.0, 0.0, 341.58201823962736, 0.0, 0.0, 0.0, 0.0, 0.0, 
