0.0, 0.0, 0.0, 0.0, 0.0, 0.0, 0.0, 0.0, 0.0, 0.0, 0.0, 0.0, 0.0, 0.0, 0.0, 0.0, 0.0, 0.0, 0.0, 0.0, 0.0, 0.0, 0.0, 0.0, 0.0, 0.0, 0.0, 0.0, 0.0, 0.0, 
0.0, 0.0, 0.0, 0.0, 0.0, 0.0, 0.0, 2.406522884726257E-10, 142.66875349766627, 0.0, 106.956670115034, 49.17512469201399, 99.01949502590227, 0.0, 0.0, 0.0, 0.0, 38.222278705496294, 0.0, 226.52632413045953, 0.0, 0.0, 0.0, 0.0, 47.48046842466394, 7.395239199021485E-11, 0.0, 115.10606560069947, 0.0, 102.51536784912318, 
0.0, 0.0, 0.0, 0.0, 0.0, 0.0, 0.0, 0.0, 0.0, 0.0, 0.0, 0.0, 0.0, 0.0, 0.0, 0.0, 0.0, 0.0, 0.0, 0.0, 0.0, 0.0, 0.0, 0.0, 0.0, 0.0, 0.0, 0.0, 0.0, 0.0, 
0.0, 0.0, 0.0, 0.0, 0.0, 0.0, 0.0, 61.63461297675479, 23.417720853744918, 0.0, 15.434927670707687, 9.154226536012109, 18.771062587854377, 0.0, 0.0, 0.0, 0.0, 95.25708687504972, 0.0, 231.29673348405785, 0.0, 0.0, 0.0, 0.0, 0.0, 297.8874707834869, 0.0, 1.8050355290957554E-10, 0.0, 1.9380751562198024, 
0.0, 0.0, 0.0, 0.0, 0.0, 0.0, 0.0, 36.152966043086124, 23.067165859155978, 0.0, 16.632926661219823, 2.91408716739366, 13.57042632066207, 0.0, 14.875632009711333, 0.0, 0.0, 1.1776580092991487E-10, 0.0, 18.01765429921182, 0.0, 0.0, 0.0, 0.0, 72.02811225552057, 18.35447378706645, 0.0, 0.0, 0.0, 9.39782638540903, 
0.0, 0.0, 0.0, 0.0, 0.0, 0.0, 0.0, 0.0, 0.0, 0.0, 0.0, 0.0, 0.0, 0.0, 0.0, 0.0, 0.0, 0.0, 0.0, 0.0, 0.0, 0.0, 0.0, 0.0, 0.0, 0.0, 0.0, 0.0, 0.0, 0.0, 
0.0, 0.0, 0.0, 0.0, 0.0, 0.0, 0.0, 297.6289274288048, 189.05581566713445, 0.0, 45.75388635578155, 38.64559268794171, 102.74994216909832, 0.0, 190.38996534393925, 0.0, 0.0, 0.0, 0.0, 92.14581255857479, 0.0, 0.0, 0.0, 0.0, 710.9493166408055, 199.258516892202, 0.0, 21.70960069034509, 0.0, 37.71250916373747, 
3.784255495703288E-10, 0.0, 1.63008298423763E-10, 0.0, 0.0, 74.03787353405032, 0.0, 0.0, 398.6174695572509, 0.0, 157.63974668631215, 116.97703049684141, 222.56816372243463, 0.0, 0.0, 0.0, 0.0, 8.956766780552881E-11, 0.0, 49.50273230041105, 0.0, 0.0, 0.0, 0.0, 9.298620518905823, 3.425989696366624E-10, 0.0, 16.53771568054404, 0.0, 258.82050889797017, 
285.14831450675206, 0.0, 2.081574033039527E-10, 0.0, 0.0, 273.96396816085326, 0.0, 0.0, 0.0, 0.0, 0.0, 91.33766091580593, 82.79324426661258, 0.0, 44.505646233107086, 0.0, 0.0, 5.917860438938614E-11, 0.0, 3.825900987041372E-8, 0.0, 0.0, 0.0, 0.0, 299.6773416534082, 151.0798492222687, 0.0, 48.05768706759696, 0.0, 0.0, 
249.96368231857258, 0.0, 6.545780743134811E-10, 0.0, 12.853266517671797, 161.2155461046474, 0.0, 87.49141922833209, 0.0, 0.0, 0.0, 84.48319598394549, 1018.566903947358, 0.0, 319.3154233655752, 0.0, 0.0, 0.0, 0.0, 16.475207551595012, 0.0, 0.0, 0.0, 0.0, 496.9101260789653, 0.0, 0.0, 1.9306245477347077, 0.0, 0.0, 
0.0, 0.0, 0.0, 0.0, 0.0, 0.0, 0.0, 0.0, 0.0, 0.0, 0.0, 0.0, 0.0, 0.0, 0.0, 0.0, 0.0, 0.0, 0.0, 0.0, 0.0, 0.0, 0.0, 0.0, 0.0, 0.0, 0.0, 0.0, 0.0, 0.0, 
0.0, 0.0, 0.0, 0.0, 0.0, 0.0, 0.0, 0.0, 0.0, 0.0, 0.0, 0.0, 0.0, 0.0, 0.0, 0.0, 0.0, 0.0, 0.0, 0.0, 0.0, 0.0, 0.0, 0.0, 0.0, 0.0, 0.0, 0.0, 0.0, 0.0, 
0.0, 0.0, 0.0, 0.0, 0.0, 0.0, 0.0, 0.0, 0.0, 0.0, 0.0, 0.0, 0.0, 0.0, 0.0, 0.0, 0.0, 0.0, 0.0, 0.0, 0.0, 0.0, 0.0, 0.0, 0.0, 0.0, 0.0, 0.0, 0.0, 0.0, 
2.343224402057672E-10, 0.0, 2.9969976861313546E-10, 0.0, 13.185099923150315, 425.9695390519065, 0.0, 255.85344238189148, 0.0, 0.0, 348.7818294349745, 0.0, 0.0, 0.0, 0.0, 0.0, 0.0, 0.0, 0.0, 0.0, 0.0, 0.0, 0.0, 0.0, 75.76908416864929, 1.6865237515982441E-10, 0.0, 6.518427792834612E-10, 0.0, 729.440916356431, 
0.0, 0.0, 0.0, 0.0, 0.0, 0.0, 0.0, 0.0, 0.0, 0.0, 0.0, 0.0, 0.0, 0.0, 0.0, 0.0, 0.0, 0.0, 0.0, 0.0, 0.0, 0.0, 0.0, 0.0, 0.0, 0.0, 0.0, 0.0, 0.0, 0.0, 
2.1915944532565008E-10, 0.0, 8.765085582847369E-11, 0.0, 9.590558869986998E-11, 169.1542184573457, 0.0, 10.61594496985965, 0.0, 0.0, 154.38403857301316, 0.0, 0.0, 0.0, 0.0, 0.0, 0.0, 0.0, 0.0, 20.805923262780325, 0.0, 0.0, 0.0, 0.0, 67.8926289187075, 1.0135459031067406E-10, 0.0, 2.1755539446234907E-10, 0.0, 165.5581890209933, 
0.0, 0.0, 0.0, 0.0, 0.0, 0.0, 0.0, 0.0, 0.0, 0.0, 0.0, 0.0, 0.0, 0.0, 0.0, 0.0, 0.0, 0.0, 0.0, 0.0, 0.0, 0.0, 0.0, 0.0, 0.0, 0.0, 0.0, 0.0, 0.0, 0.0, 
0.0, 0.0, 0.0, 0.0, 0.0, 0.0, 0.0, 0.0, 0.0, 0.0, 0.0, 0.0, 0.0, 0.0, 0.0, 0.0, 0.0, 0.0, 0.0, 0.0, 0.0, 0.0, 0.0, 0.0, 0.0, 0.0, 0.0, 0.0, 0.0, 0.0, 
0.0, 0.0, 0.0, 0.0, 0.0, 0.0, 0.0, 0.0, 0.0, 0.0, 0.0, 0.0, 0.0, 0.0, 0.0, 0.0, 0.0, 0.0, 0.0, 0.0, 0.0, 0.0, 0.0, 0.0, 0.0, 0.0, 0.0, 0.0, 0.0, 0.0, 
0.0, 0.0, 0.0, 0.0, 0.0, 0.0, 0.0, 0.0, 0.0, 0.0, 0.0, 0.0, 0.0, 0.0, 0.0, 0.0, 0.0, 0.0, 0.0, 0.0, 0.0, 0.0, 0.0, 0.0, 0.0, 0.0, 0.0, 0.0, 0.0, 0.0, 
2.0659035472316898E-10, 0.0, 0.0, 0.0, 0.0, 112.46456848095451, 0.0, 1.3963346864492529E-9, 80.54010759695784, 0.0, 48.336210295217256, 52.13553914966167, 0.0, 0.0, 0.0, 0.0, 0.0, 0.0, 0.0, 0.0, 0.0, 0.0, 0.0, 0.0, 163.26830450554795, 5.593364655036762E-10, 0.0, 0.0, 0.0, 54.25528633696024, 
0.0, 0.0, 456.4338768019046, 0.0, 0.0, 113.5972156547353, 0.0, 87.61273533977581, 33.662228866829196, 0.0, 30.32307448620238, 0.0, 0.0, 0.0, 0.0, 0.0, 0.0, 0.0, 0.0, 0.0, 0.0, 0.0, 0.0, 0.0, 261.51249587382, 2.0201890005347754E-10, 0.0, 2.4851548360706836E-10, 0.0, 93.17741831341269, 
520.2750354517802, 0.0, 0.0, 0.0, 0.0, 217.9154486747296, 0.0, 50.82451313136171, 0.0, 0.0, 85.15533728226339, 56.96030348007464, 0.0, 0.0, 0.0, 0.0, 0.0, 0.0, 0.0, 0.0, 0.0, 0.0, 0.0, 0.0, 634.4072979944037, 99.05371499479793, 0.0, 0.0958708289027344, 0.0, 202.58594648820073, 
10.355755497566271, 0.0, 269.52669252439733, 0.0, 195.5537039804146, 1.6719542770510763E-9, 0.0, 238.8412791106139, 2.452874968977303E-9, 0.0, 32.296447304808375, 9.72561365975711E-10, 106.4885781734761, 0.0, 56.10423921295946, 0.0, 0.0, 0.0, 0.0, 179.20561528017544, 0.0, 0.0, 0.0, 0.0, 0.0, 0.0, 0.0, 5.957288278032528E-10, 0.0, 0.0, 
0.0, 0.0, 0.0, 0.0, 0.0, 0.0, 0.0, 0.0, 0.0, 0.0, 0.0, 0.0, 0.0, 0.0, 0.0, 0.0, 0.0, 0.0, 0.0, 0.0, 0.0, 0.0, 0.0, 0.0, 0.0, 0.0, 0.0, 0.0, 0.0, 0.0, 
1.5025382348773928E-10, 0.0, 5.5845404320733236E-11, 0.0, 4.377441468375286E-10, 1.9334327363178884E-10, 0.0, 9.38308851082688, 426.9849690210511, 0.0, 0.0, 5.838439879158589, 22.91396704890641, 0.0, 6.590847149448601E-10, 0.0, 0.0, 0.0, 0.0, 9.611965993848515E-10, 0.0, 0.0, 0.0, 0.0, 0.0, 0.0, 0.0, 281.59150924162725, 0.0, 2.3174281032642234, 
171.1104214124788, 0.0, 404.518425620285, 0.0, 67.11705871261371, 179.5699739463459, 0.0, 374.37069226753937, 308.0895095771901, 0.0, 154.98301173960107, 107.40286499799458, 190.11578247830028, 0.0, 115.24485446060932, 0.0, 0.0, 8.63284880353328E-11, 0.0, 336.72134553026547, 0.0, 0.0, 0.0, 0.0, 0.0, 0.0, 0.0, 63.46580370203704, 0.0, 93.57857344737083, 
0.0, 0.0, 0.0, 0.0, 2.2950964097809823E-10, 3.669499526171911E-11, 0.0, 164.15288062630157, 50.43629402809502, 0.0, 0.0, 21.738004537533755, 46.41540177030851, 0.0, 0.0, 0.0, 0.0, 209.00990478005704, 0.0, 7.141157366840732, 0.0, 0.0, 0.0, 0.0, 0.0, 0.0, 0.0, 0.0, 0.0, 46.368389063783155, 
1.3177462234039436E-9, 0.0, 439.7450355926805, 0.0, 0.0, 0.0, 0.0, 0.0, 215.4599668062689, 0.0, 299.3219058605284, 0.0, 0.0, 0.0, 0.0, 0.0, 0.0, 0.0, 0.0, 22.330356414484786, 0.0, 0.0, 0.0, 0.0, 327.2998860885319, 0.0, 0.0, 2.291112339456174E-10, 0.0, 45241.035281520424, 
247.3064126090102, 0.0, 1.1069859219758217E-9, 0.0, 0.0, 168.3331812973843, 0.0, 86.43767274448254, 0.0, 0.0, 0.0, 137.23784290655283, 126.96492550460674, 0.0, 83.31597002128622, 0.0, 0.0, 1.465676173802491E-9, 0.0, 38.52135239573227, 0.0, 0.0, 0.0, 0.0, 267.6333725668925, 0.0, 0.0, 0.0, 0.0, 0.0, 
