0.0, 0.0, 0.0, 0.0, 0.0, 0.0, 0.0, 0.0, 0.0, 0.0, 0.0, 0.0, 0.0, 0.0, 0.0, 0.0, 0.0, 0.0, 0.0, 0.0, 0.0, 0.0, 0.0, 0.0, 0.0, 0.0, 0.0, 0.0, 0.0, 0.0, 
0.0, 0.0, 0.0, 0.0, 0.0, 0.0, 0.0, 5.822505597972542E-27, 148.95295784705618, 0.0, 2.3588819957185327E-14, 136.97136130707025, 73.09458860929593, 0.0, 0.0, 0.0, 0.0, 1.559688943343645E-26, 0.0, 23.023167474131572, 0.0, 0.0, 0.0, 0.0, 2.0244980754425597E-21, 1.3165606217385627E-23, 0.0, 201.11173822126892, 0.0, 287.55738856536493, 
0.0, 0.0, 0.0, 0.0, 0.0, 0.0, 0.0, 0.0, 0.0, 0.0, 0.0, 0.0, 0.0, 0.0, 0.0, 0.0, 0.0, 0.0, 0.0, 0.0, 0.0, 0.0, 0.0, 0.0, 0.0, 0.0, 0.0, 0.0, 0.0, 0.0, 
0.0, 0.0, 0.0, 0.0, 0.0, 0.0, 0.0, 99.82340202075744, 2.822259845736512E-26, 0.0, 5.571694543904183E-23, 9.934052985297923E-24, 1.1432185835266435E-27, 0.0, 0.0, 0.0, 0.0, 1.1525790901169475E-16, 0.0, 503.9685827473626, 0.0, 0.0, 0.0, 0.0, 0.0, 136.09014990343957, 0.0, 3.9889370356283406E-15, 0.0, 4.782883370128521E-16, 
0.0, 0.0, 0.0, 0.0, 0.0, 0.0, 0.0, 152.1416713589661, 74.58050540804838, 0.0, 3.463384447845974E-23, 3.093147244777726E-18, 7.546907493800725E-18, 0.0, 5.492231126798926E-16, 0.0, 0.0, 1.1701069220422115E-24, 0.0, 5.758489761482845E-21, 0.0, 0.0, 0.0, 0.0, 1.1219708318710698E-24, 8.381601059665453E-30, 0.0, 0.0, 0.0, 5.27461154794943E-29, 
0.0, 0.0, 0.0, 0.0, 0.0, 0.0, 0.0, 0.0, 0.0, 0.0, 0.0, 0.0, 0.0, 0.0, 0.0, 0.0, 0.0, 0.0, 0.0, 0.0, 0.0, 0.0, 0.0, 0.0, 0.0, 0.0, 0.0, 0.0, 0.0, 0.0, 
0.0, 0.0, 0.0, 0.0, 0.0, 0.0, 0.0, 256.7463835994003, 8.776381880962826E-17, 0.0, 118.73535261922216, 2.3311403134256164E-11, 1.5710030546859852E-18, 0.0, 506.7710613603132, 0.0, 0.0, 0.0, 0.0, 4.0683957731683494E-18, 0.0, 0.0, 0.0, 0.0, 534.3793651000957, 364.50983974197, 0.0, 151.34644808843908, 0.0, 2.096986263431581E-20, 
1.1576148771362698E-20, 0.0, 2.392847040066038E-17, 0.0, 0.0, 92.22316199953656, 0.0, 0.0, 8.165241700778387E-25, 0.0, 212.07658329607895, 297.92483920000797, 471.23424991514827, 0.0, 0.0, 0.0, 0.0, 1.2035382956045766E-17, 0.0, 1.584784502812567E-25, 0.0, 0.0, 0.0, 0.0, 232.7464636093199, 1.7070327334270798E-19, 0.0, 4.1934692917097667E-16, 0.0, 3.5101174629015447E-19, 
171.1721519709931, 0.0, 3.283829279006554E-16, 0.0, 0.0, 284.81850795410503, 0.0, 0.0, 0.0, 0.0, 0.0, 3.378510786279836E-24, 55.84927967075836, 0.0, 76.01776495846306, 0.0, 0.0, 4.269650812611158E-20, 0.0, 1.3798433640867315E-15, 0.0, 0.0, 0.0, 0.0, 145.1340378626388, 159.17667236847632, 0.0, 2.834826081764595E-25, 0.0, 0.0, 
9.197319236784633E-20, 0.0, 2.536881234095089E-25, 0.0, 3.618192280942621E-20, 9.654853345166615E-22, 0.0, 3.562647187317887E-20, 0.0, 0.0, 0.0, 1.955361922981018E-23, 997.1260024966132, 0.0, 46.29390277135876, 0.0, 0.0, 0.0, 0.0, 2.9862377016073022E-21, 0.0, 0.0, 0.0, 0.0, 1429.2682461669285, 0.0, 0.0, 3.4600727606202722E-18, 0.0, 0.0, 
0.0, 0.0, 0.0, 0.0, 0.0, 0.0, 0.0, 0.0, 0.0, 0.0, 0.0, 0.0, 0.0, 0.0, 0.0, 0.0, 0.0, 0.0, 0.0, 0.0, 0.0, 0.0, 0.0, 0.0, 0.0, 0.0, 0.0, 0.0, 0.0, 0.0, 
0.0, 0.0, 0.0, 0.0, 0.0, 0.0, 0.0, 0.0, 0.0, 0.0, 0.0, 0.0, 0.0, 0.0, 0.0, 0.0, 0.0, 0.0, 0.0, 0.0, 0.0, 0.0, 0.0, 0.0, 0.0, 0.0, 0.0, 0.0, 0.0, 0.0, 
0.0, 0.0, 0.0, 0.0, 0.0, 0.0, 0.0, 0.0, 0.0, 0.0, 0.0, 0.0, 0.0, 0.0, 0.0, 0.0, 0.0, 0.0, 0.0, 0.0, 0.0, 0.0, 0.0, 0.0, 0.0, 0.0, 0.0, 0.0, 0.0, 0.0, 
2.594826435574256E-19, 0.0, 4.0428891583163415E-21, 0.0, 1.205578131153533E-23, 649.8741027580877, 0.0, 567.4347691937777, 0.0, 0.0, 637.1337531896859, 0.0, 0.0, 0.0, 0.0, 0.0, 0.0, 0.0, 0.0, 0.0, 0.0, 0.0, 0.0, 0.0, 2.6259157463267434E-22, 1.2792270031211068E-18, 0.0, 8.876898203129809E-25, 0.0, 1.3219327192343922E-15, 
0.0, 0.0, 0.0, 0.0, 0.0, 0.0, 0.0, 0.0, 0.0, 0.0, 0.0, 0.0, 0.0, 0.0, 0.0, 0.0, 0.0, 0.0, 0.0, 0.0, 0.0, 0.0, 0.0, 0.0, 0.0, 0.0, 0.0, 0.0, 0.0, 0.0, 
1.5947693660194437E-19, 0.0, 9.008682958156876E-21, 0.0, 2.085630381309539E-25, 142.46199838768246, 0.0, 231.75682772287405, 0.0, 0.0, 44.725474106881975, 0.0, 0.0, 0.0, 0.0, 0.0, 0.0, 0.0, 0.0, 2.4366894116389163E-19, 0.0, 0.0, 0.0, 0.0, 1.1048241084210808E-20, 6.188784672436424E-20, 0.0, 6.6552818734560725E-25, 0.0, 24.70196008466599, 
0.0, 0.0, 0.0, 0.0, 0.0, 0.0, 0.0, 0.0, 0.0, 0.0, 0.0, 0.0, 0.0, 0.0, 0.0, 0.0, 0.0, 0.0, 0.0, 0.0, 0.0, 0.0, 0.0, 0.0, 0.0, 0.0, 0.0, 0.0, 0.0, 0.0, 
0.0, 0.0, 0.0, 0.0, 0.0, 0.0, 0.0, 0.0, 0.0, 0.0, 0.0, 0.0, 0.0, 0.0, 0.0, 0.0, 0.0, 0.0, 0.0, 0.0, 0.0, 0.0, 0.0, 0.0, 0.0, 0.0, 0.0, 0.0, 0.0, 0.0, 
0.0, 0.0, 0.0, 0.0, 0.0, 0.0, 0.0, 0.0, 0.0, 0.0, 0.0, 0.0, 0.0, 0.0, 0.0, 0.0, 0.0, 0.0, 0.0, 0.0, 0.0, 0.0, 0.0, 0.0, 0.0, 0.0, 0.0, 0.0, 0.0, 0.0, 
0.0, 0.0, 0.0, 0.0, 0.0, 0.0, 0.0, 0.0, 0.0, 0.0, 0.0, 0.0, 0.0, 0.0, 0.0, 0.0, 0.0, 0.0, 0.0, 0.0, 0.0, 0.0, 0.0, 0.0, 0.0, 0.0, 0.0, 0.0, 0.0, 0.0, 
2.0302547966789226E-28, 0.0, 0.0, 0.0, 0.0, 163.25320649911544, 0.0, 7.96514991794575E-23, 75.8573637749999, 0.0, 1.6445003066459783E-23, 3.3448458569650606E-19, 0.0, 0.0, 0.0, 0.0, 0.0, 0.0, 0.0, 0.0, 0.0, 0.0, 0.0, 0.0, 277.74587990581017, 1.4181468730577743E-20, 0.0, 0.0, 0.0, 1.8200885848970495E-19, 
0.0, 0.0, 823.1808023012459, 0.0, 0.0, 92.90679580790261, 0.0, 53.00091428279437, 1.3844272943046255E-4, 0.0, 9.371558861281235E-15, 0.0, 0.0, 0.0, 0.0, 0.0, 0.0, 0.0, 0.0, 0.0, 0.0, 0.0, 0.0, 0.0, 40.04796511677484, 1.1715448804876315E-25, 0.0, 3.1929637881708495E-25, 0.0, 46.2509550701529, 
931.8281081943113, 0.0, 0.0, 0.0, 0.0, 118.4280945330787, 0.0, 2.926874912346173E-22, 0.0, 0.0, 1.4942613294389992E-20, 5.824540655233482E-22, 0.0, 0.0, 0.0, 0.0, 0.0, 0.0, 0.0, 0.0, 0.0, 0.0, 0.0, 0.0, 187.11707634840906, 137.46412486608997, 0.0, 2.844550419976003E-20, 0.0, 485.69473238722475, 
23.219314703946413, 0.0, 132.08924792320192, 0.0, 173.85380311017016, 36.75271478773064, 0.0, 126.76883924255442, 113.8412026949281, 0.0, 81.98059632993566, 173.48017795467385, 93.70522231257782, 0.0, 8.203769793099276, 0.0, 0.0, 0.0, 0.0, 76.64040754344816, 0.0, 0.0, 0.0, 0.0, 0.0, 0.0, 0.0, 2.536936267291371E-19, 0.0, 0.0, 
0.0, 0.0, 0.0, 0.0, 0.0, 0.0, 0.0, 0.0, 0.0, 0.0, 0.0, 0.0, 0.0, 0.0, 0.0, 0.0, 0.0, 0.0, 0.0, 0.0, 0.0, 0.0, 0.0, 0.0, 0.0, 0.0, 0.0, 0.0, 0.0, 0.0, 
1.2212968075396019E-29, 0.0, 1.1364382621252504E-23, 0.0, 3.5422634095890515E-22, 7.828214031894997E-19, 0.0, 4.304877756649138E-28, 1094.0825895317403, 0.0, 0.0, 3.2258745000608033E-23, 1.5943839947842417E-22, 0.0, 1.1350873293205534E-21, 0.0, 0.0, 0.0, 0.0, 1.3481511943293704E-20, 0.0, 0.0, 0.0, 0.0, 0.0, 0.0, 0.0, 1.7017427010687751, 0.0, 1.2260891843056777E-24, 
206.4445719489206, 0.0, 335.52859041263144, 0.0, 298.3625488503893, 202.41116105016417, 0.0, 165.29764125441628, 7.486732268362706E-15, 0.0, 3.732643093175067E-19, 159.50653435178177, 282.28139459620985, 0.0, 172.03685483234364, 0.0, 0.0, 1.3294587798595145E-18, 0.0, 542.6369977476128, 0.0, 0.0, 0.0, 0.0, 0.0, 0.0, 0.0, 101.69375047725838, 0.0, 2.1620286446051902E-23, 
0.0, 0.0, 0.0, 0.0, 1.2720563645471447E-22, 3.8090404882510717E-22, 0.0, 87.78370822854652, 216.52167757171932, 0.0, 0.0, 7.815224639065713E-20, 4.8810898544269294E-17, 0.0, 0.0, 0.0, 0.0, 202.55495453290692, 0.0, 2.6187475401599727E-24, 0.0, 0.0, 0.0, 0.0, 0.0, 0.0, 0.0, 0.0, 0.0, 2.583907583947727E-17, 
7.87337931041758E-22, 0.0, 290.6160949636806, 0.0, 0.0, 0.0, 0.0, 0.0, 163.83272567497892, 0.0, 399.7517495718696, 0.0, 0.0, 0.0, 0.0, 0.0, 0.0, 0.0, 0.0, 84.85135717618712, 0.0, 0.0, 0.0, 0.0, 456.6303515451247, 0.0, 0.0, 1.3275306959335584E-16, 0.0, 5.382854673888429E-23, 
182.9692862689892, 0.0, 2.6012041994164864E-20, 0.0, 0.0, 107.11581722413779, 0.0, 12.664603713147102, 0.0, 0.0, 0.0, 3.698159669655677E-21, 48.28367008943865, 0.0, 10.166322850118409, 0.0, 0.0, 3.1720822768020228E-21, 0.0, 2.0508482367527536E-17, 0.0, 0.0, 0.0, 0.0, 109.30935968426336, 0.0, 0.0, 0.0, 0.0, 0.0, 
