0.0, 0.0, 0.0, 0.0, 0.0, 0.0, 0.0, 0.0, 0.0, 0.0, 0.0, 0.0, 0.0, 0.0, 0.0, 0.0, 0.0, 0.0, 0.0, 0.0, 0.0, 0.0, 0.0, 0.0, 0.0, 0.0, 0.0, 0.0, 0.0, 0.0, 
0.0, 0.0, 0.0, 0.0, 0.0, 0.0, 0.0, 13.087412251953813, 145.98650419619668, 0.0, 102.91874668808974, 100.79994145936608, 28.467641675442287, 0.0, 0.0, 0.0, 0.0, 25.211138124570255, 0.0, 98.8358801566274, 0.0, 0.0, 0.0, 0.0, 62.93643861809112, 7.533329854525222, 0.0, 47.706867547395326, 0.0, 200.1824149018567, 
0.0, 0.0, 0.0, 0.0, 0.0, 0.0, 0.0, 0.0, 0.0, 0.0, 0.0, 0.0, 0.0, 0.0, 0.0, 0.0, 0.0, 0.0, 0.0, 0.0, 0.0, 0.0, 0.0, 0.0, 0.0, 0.0, 0.0, 0.0, 0.0, 0.0, 
0.0, 0.0, 0.0, 0.0, 0.0, 0.0, 0.0, 18.854584763226676, 37.920719748909555, 0.0, 26.862760148963062, 22.000276331202674, 38.017829481765276, 0.0, 0.0, 0.0, 0.0, 63.56927295202396, 0.0, 146.24440218953455, 0.0, 0.0, 0.0, 0.0, 0.0, 324.47516134746127, 0.0, 22.911389411313735, 0.0, 39.517617043950665, 
0.0, 0.0, 0.0, 0.0, 0.0, 0.0, 0.0, 6.893418729223225, 63.58664908568635, 0.0, 26.00924471504395, 8.876462782008286, 66.34780565050427, 0.0, 15.87633375589881, 0.0, 0.0, 0.949177178302111, 0.0, 5.874602692670419, 0.0, 0.0, 0.0, 0.0, 65.60342006143634, 10.879228353361153, 0.0, 0.0, 0.0, 38.658388036877426, 
0.0, 0.0, 0.0, 0.0, 0.0, 0.0, 0.0, 0.0, 0.0, 0.0, 0.0, 0.0, 0.0, 0.0, 0.0, 0.0, 0.0, 0.0, 0.0, 0.0, 0.0, 0.0, 0.0, 0.0, 0.0, 0.0, 0.0, 0.0, 0.0, 0.0, 
0.0, 0.0, 0.0, 0.0, 0.0, 0.0, 0.0, 195.82025614549926, 186.53611790070974, 0.0, 14.614154517939081, 55.563093062711815, 143.2961054484621, 0.0, 100.85905659650956, 0.0, 0.0, 0.0, 0.0, 160.94415047561282, 0.0, 0.0, 0.0, 0.0, 881.2370170008145, 124.63947736243792, 0.0, 49.85951846565181, 0.0, 75.8054022462064, 
12.969117400145908, 0.0, 8.536306747003003, 0.0, 0.0, 99.2437544607803, 0.0, 0.0, 65.25881252961001, 0.0, 108.68127367780018, 83.22246357207305, 244.14767118207865, 0.0, 0.0, 0.0, 0.0, 29.97077276370331, 0.0, 77.443486943252, 0.0, 0.0, 0.0, 0.0, 23.23445373087557, 25.946790358945677, 0.0, 28.168720770627203, 0.0, 550.148394393525, 
466.5781066287044, 0.0, 81.99437612472956, 0.0, 0.0, 361.9412055572448, 0.0, 0.0, 0.0, 0.0, 0.0, 72.4149415387249, 60.55571797168718, 0.0, 52.70476396466564, 0.0, 0.0, 42.85911114058456, 0.0, 34.54951471284747, 0.0, 0.0, 0.0, 0.0, 405.96173735214296, 154.73397323796863, 0.0, 8.752184736406248, 0.0, 0.0, 
132.2788998128318, 0.0, 54.25186765601237, 0.0, 10.819600663048282, 220.63330056072274, 0.0, 273.71811437881576, 0.0, 0.0, 0.0, 165.66189381996722, 1024.272713806131, 0.0, 405.7149221852564, 0.0, 0.0, 0.0, 0.0, 28.461622232747413, 0.0, 0.0, 0.0, 0.0, 76.18516292929411, 0.0, 0.0, 6.415278810672131, 0.0, 0.0, 
0.0, 0.0, 0.0, 0.0, 0.0, 0.0, 0.0, 0.0, 0.0, 0.0, 0.0, 0.0, 0.0, 0.0, 0.0, 0.0, 0.0, 0.0, 0.0, 0.0, 0.0, 0.0, 0.0, 0.0, 0.0, 0.0, 0.0, 0.0, 0.0, 0.0, 
0.0, 0.0, 0.0, 0.0, 0.0, 0.0, 0.0, 0.0, 0.0, 0.0, 0.0, 0.0, 0.0, 0.0, 0.0, 0.0, 0.0, 0.0, 0.0, 0.0, 0.0, 0.0, 0.0, 0.0, 0.0, 0.0, 0.0, 0.0, 0.0, 0.0, 
0.0, 0.0, 0.0, 0.0, 0.0, 0.0, 0.0, 0.0, 0.0, 0.0, 0.0, 0.0, 0.0, 0.0, 0.0, 0.0, 0.0, 0.0, 0.0, 0.0, 0.0, 0.0, 0.0, 0.0, 0.0, 0.0, 0.0, 0.0, 0.0, 0.0, 
20.088638932632733, 0.0, 22.45456812933248, 0.0, 4.981404445268254, 157.3924715382302, 0.0, 378.7476977775311, 0.0, 0.0, 375.90345092736777, 0.0, 0.0, 0.0, 0.0, 0.0, 0.0, 0.0, 0.0, 0.0, 0.0, 0.0, 0.0, 0.0, 39.95844479622059, 25.878688941903885, 0.0, 24.659651940120437, 0.0, 832.0285263043045, 
0.0, 0.0, 0.0, 0.0, 0.0, 0.0, 0.0, 0.0, 0.0, 0.0, 0.0, 0.0, 0.0, 0.0, 0.0, 0.0, 0.0, 0.0, 0.0, 0.0, 0.0, 0.0, 0.0, 0.0, 0.0, 0.0, 0.0, 0.0, 0.0, 0.0, 
23.017070995556683, 0.0, 4.430996599009578, 0.0, 12.054017290796846, 243.42863260440248, 0.0, 168.01413743996812, 0.0, 0.0, 34.61036118797297, 0.0, 0.0, 0.0, 0.0, 0.0, 0.0, 0.0, 0.0, 1.3903296571662027, 0.0, 0.0, 0.0, 0.0, 28.159858698678704, 19.408285056661374, 0.0, 1.4726387660114097, 0.0, 175.3750624848987, 
0.0, 0.0, 0.0, 0.0, 0.0, 0.0, 0.0, 0.0, 0.0, 0.0, 0.0, 0.0, 0.0, 0.0, 0.0, 0.0, 0.0, 0.0, 0.0, 0.0, 0.0, 0.0, 0.0, 0.0, 0.0, 0.0, 0.0, 0.0, 0.0, 0.0, 
0.0, 0.0, 0.0, 0.0, 0.0, 0.0, 0.0, 0.0, 0.0, 0.0, 0.0, 0.0, 0.0, 0.0, 0.0, 0.0, 0.0, 0.0, 0.0, 0.0, 0.0, 0.0, 0.0, 0.0, 0.0, 0.0, 0.0, 0.0, 0.0, 0.0, 
0.0, 0.0, 0.0, 0.0, 0.0, 0.0, 0.0, 0.0, 0.0, 0.0, 0.0, 0.0, 0.0, 0.0, 0.0, 0.0, 0.0, 0.0, 0.0, 0.0, 0.0, 0.0, 0.0, 0.0, 0.0, 0.0, 0.0, 0.0, 0.0, 0.0, 
0.0, 0.0, 0.0, 0.0, 0.0, 0.0, 0.0, 0.0, 0.0, 0.0, 0.0, 0.0, 0.0, 0.0, 0.0, 0.0, 0.0, 0.0, 0.0, 0.0, 0.0, 0.0, 0.0, 0.0, 0.0, 0.0, 0.0, 0.0, 0.0, 0.0, 
38.72049544269066, 0.0, 0.0, 0.0, 0.0, 85.10257606941971, 0.0, 8.053895104352204, 17.125241965869044, 0.0, 49.33970781383107, 78.86321420197811, 0.0, 0.0, 0.0, 0.0, 0.0, 0.0, 0.0, 0.0, 0.0, 0.0, 0.0, 0.0, 119.44769602427606, 42.93708483476201, 0.0, 0.0, 0.0, 45.61736005812835, 
0.0, 0.0, 492.58812746392977, 0.0, 0.0, 146.51595588171742, 0.0, 20.93245668533436, 37.718776526388616, 0.0, 43.15869301899226, 0.0, 0.0, 0.0, 0.0, 0.0, 0.0, 0.0, 0.0, 0.0, 0.0, 0.0, 0.0, 0.0, 242.14852600564615, 5.597561593240151, 0.0, 5.984781824865917, 0.0, 41.621545206883596, 
395.73643947692455, 0.0, 0.0, 0.0, 0.0, 195.81181035800742, 0.0, 90.95624261111273, 0.0, 0.0, 87.36057261860273, 67.90992513244652, 0.0, 0.0, 0.0, 0.0, 0.0, 0.0, 0.0, 0.0, 0.0, 0.0, 0.0, 0.0, 755.864603489512, 86.65938939630121, 0.0, 43.78433886525756, 0.0, 74.36875923685847, 
69.21486988350082, 0.0, 264.01349627041526, 0.0, 159.7573071051331, 52.39188508125833, 0.0, 46.71261269633896, 8.88073670817877, 0.0, 114.02974278569738, 6.937580463956117, 95.31209287466942, 0.0, 82.28583688576505, 0.0, 0.0, 0.0, 0.0, 112.07337141515958, 0.0, 0.0, 0.0, 0.0, 0.0, 0.0, 0.0, 14.668007628849152, 0.0, 0.0, 
0.0, 0.0, 0.0, 0.0, 0.0, 0.0, 0.0, 0.0, 0.0, 0.0, 0.0, 0.0, 0.0, 0.0, 0.0, 0.0, 0.0, 0.0, 0.0, 0.0, 0.0, 0.0, 0.0, 0.0, 0.0, 0.0, 0.0, 0.0, 0.0, 0.0, 
0.06773156645408018, 0.0, 4.825358724289176, 0.0, 4.608747195336659, 4.18477757040221, 0.0, 11.69992105308491, 1017.715783653477, 0.0, 0.0, 4.019097598047033, 1.1598341221526987, 0.0, 5.599059927628865, 0.0, 0.0, 0.0, 0.0, 16.553577101773975, 0.0, 0.0, 0.0, 0.0, 0.0, 0.0, 0.0, 19.84859653001999, 0.0, 3.019836222044929, 
198.05703508547094, 0.0, 449.28059975656976, 0.0, 121.40064725235041, 317.02484060094594, 0.0, 212.48877949403936, 11.356801629066027, 0.0, 258.1960264016422, 29.054165651874264, 117.62224897723327, 0.0, 66.28504415907193, 0.0, 0.0, 100.28916226579801, 0.0, 444.08707947295255, 0.0, 0.0, 0.0, 0.0, 0.0, 0.0, 0.0, 156.18986991907082, 0.0, 142.87021405425727, 
0.0, 0.0, 0.0, 0.0, 14.925541585069766, 18.89493268445083, 0.0, 90.22188849356414, 83.05430422964987, 0.0, 0.0, 68.68462163893592, 96.83866957009823, 0.0, 0.0, 0.0, 0.0, 178.56690950377072, 0.0, 41.302789892017664, 0.0, 0.0, 0.0, 0.0, 0.0, 0.0, 0.0, 0.0, 0.0, 0.8254247883918673, 
7.882050936915025, 0.0, 175.04527200251664, 0.0, 0.0, 0.0, 0.0, 0.0, 192.02962288036252, 0.0, 324.9169750647154, 0.0, 0.0, 0.0, 0.0, 0.0, 0.0, 0.0, 0.0, 10.773803686114096, 0.0, 0.0, 0.0, 0.0, 508.81880561195226, 0.0, 0.0, 22.86676561044335, 0.0, 2349.9624552847167, 
205.66418055264057, 0.0, 11.782027010901334, 0.0, 0.0, 55.25898932034521, 0.0, 111.0183319730668, 0.0, 0.0, 0.0, 46.11630373928365, 159.81774606883675, 0.0, 54.61325028711667, 0.0, 0.0, 28.214057105695062, 0.0, 40.266562415875605, 0.0, 0.0, 0.0, 0.0, 113.29379528287899, 0.0, 0.0, 0.0, 0.0, 0.0, 
