0.0, 0.0, 0.0, 0.0, 0.0, 0.0, 0.0, 0.0, 0.0, 0.0, 0.0, 0.0, 0.0, 0.0, 0.0, 0.0, 0.0, 0.0, 0.0, 0.0, 0.0, 0.0, 0.0, 0.0, 0.0, 0.0, 0.0, 0.0, 0.0, 0.0, 
0.0, 0.0, 0.0, 0.0, 0.0, 0.0, 0.0, 20.242347324372457, 190.7285129438169, 0.0, 83.79427715243251, 50.130996431591406, 95.73136748901825, 0.0, 0.0, 0.0, 0.0, 5.782514153979835, 0.0, 224.4804694323195, 0.0, 0.0, 0.0, 0.0, 1.0407413591271344, 5.641127550731834, 0.0, 98.04946140512605, 0.0, 103.87996607227677, 
0.0, 0.0, 0.0, 0.0, 0.0, 0.0, 0.0, 0.0, 0.0, 0.0, 0.0, 0.0, 0.0, 0.0, 0.0, 0.0, 0.0, 0.0, 0.0, 0.0, 0.0, 0.0, 0.0, 0.0, 0.0, 0.0, 0.0, 0.0, 0.0, 0.0, 
0.0, 0.0, 0.0, 0.0, 0.0, 0.0, 0.0, 55.18588776794985, 12.630995011668576, 0.0, 44.791062191775225, 8.91105584748359, 54.77652693908403, 0.0, 0.0, 0.0, 0.0, 85.99964387658986, 0.0, 199.08370738914, 0.0, 0.0, 0.0, 0.0, 0.0, 304.95177846131867, 0.0, 7.2732106114386195, 0.0, 17.275831546116297, 
0.0, 0.0, 0.0, 0.0, 0.0, 0.0, 0.0, 27.26515245257486, 7.561669501980205, 0.0, 23.776938069008356, 13.729098461378438, 18.777751552216877, 0.0, 19.47115384629204, 0.0, 0.0, 2.9524819822016277, 0.0, 22.059314582699965, 0.0, 0.0, 0.0, 0.0, 43.882251794375264, 23.06776941530716, 0.0, 0.0, 0.0, 19.64899614898164, 
0.0, 0.0, 0.0, 0.0, 0.0, 0.0, 0.0, 0.0, 0.0, 0.0, 0.0, 0.0, 0.0, 0.0, 0.0, 0.0, 0.0, 0.0, 0.0, 0.0, 0.0, 0.0, 0.0, 0.0, 0.0, 0.0, 0.0, 0.0, 0.0, 0.0, 
0.0, 0.0, 0.0, 0.0, 0.0, 0.0, 0.0, 241.79952508690002, 49.19410842982592, 0.0, 78.54456880971624, 63.307643472975556, 174.0071576117823, 0.0, 123.86484948360926, 0.0, 0.0, 0.0, 0.0, 100.87253830892874, 0.0, 0.0, 0.0, 0.0, 786.9789283595039, 176.35228217879742, 0.0, 14.063476938204317, 0.0, 122.3341112024797, 
16.054647928410425, 0.0, 6.9782727897534205, 0.0, 0.0, 75.04853545320404, 0.0, 0.0, 215.05777385654005, 0.0, 193.51455872724898, 98.66588819773703, 269.3020654929624, 0.0, 0.0, 0.0, 0.0, 1.2148108862537792, 0.0, 24.87556126894339, 0.0, 0.0, 0.0, 0.0, 7.404757627681784, 5.374742225652752, 0.0, 30.32000734982506, 0.0, 326.10928612013896, 
331.82682151078933, 0.0, 19.174310412869552, 0.0, 0.0, 279.75683068371814, 0.0, 0.0, 0.0, 0.0, 0.0, 106.78458205268419, 120.7002612233478, 0.0, 39.03585907426923, 0.0, 0.0, 2.245708169256526, 0.0, 37.957014414864204, 0.0, 0.0, 0.0, 0.0, 493.10616988759574, 162.09880181161708, 0.0, 13.429214804002449, 0.0, 0.0, 
321.2594684308446, 0.0, 11.710434094503912, 0.0, 26.616884587429507, 175.55502922680728, 0.0, 95.06500660335574, 0.0, 0.0, 0.0, 123.82936046109515, 1000.8439989057221, 0.0, 401.0023912652484, 0.0, 0.0, 0.0, 0.0, 13.054758789092602, 0.0, 0.0, 0.0, 0.0, 250.96357151365663, 0.0, 0.0, 20.764304858063866, 0.0, 0.0, 
0.0, 0.0, 0.0, 0.0, 0.0, 0.0, 0.0, 0.0, 0.0, 0.0, 0.0, 0.0, 0.0, 0.0, 0.0, 0.0, 0.0, 0.0, 0.0, 0.0, 0.0, 0.0, 0.0, 0.0, 0.0, 0.0, 0.0, 0.0, 0.0, 0.0, 
0.0, 0.0, 0.0, 0.0, 0.0, 0.0, 0.0, 0.0, 0.0, 0.0, 0.0, 0.0, 0.0, 0.0, 0.0, 0.0, 0.0, 0.0, 0.0, 0.0, 0.0, 0.0, 0.0, 0.0, 0.0, 0.0, 0.0, 0.0, 0.0, 0.0, 
0.0, 0.0, 0.0, 0.0, 0.0, 0.0, 0.0, 0.0, 0.0, 0.0, 0.0, 0.0, 0.0, 0.0, 0.0, 0.0, 0.0, 0.0, 0.0, 0.0, 0.0, 0.0, 0.0, 0.0, 0.0, 0.0, 0.0, 0.0, 0.0, 0.0, 
2.316332090649079, 0.0, 3.5904835708932614, 0.0, 25.28867897604755, 194.20150915382885, 0.0, 457.2021377277151, 0.0, 0.0, 449.41417512854514, 0.0, 0.0, 0.0, 0.0, 0.0, 0.0, 0.0, 0.0, 0.0, 0.0, 0.0, 0.0, 0.0, 61.744338147405, 3.4452833773555156, 0.0, 33.162337141135815, 0.0, 642.8939664426899, 
0.0, 0.0, 0.0, 0.0, 0.0, 0.0, 0.0, 0.0, 0.0, 0.0, 0.0, 0.0, 0.0, 0.0, 0.0, 0.0, 0.0, 0.0, 0.0, 0.0, 0.0, 0.0, 0.0, 0.0, 0.0, 0.0, 0.0, 0.0, 0.0, 0.0, 
7.386379121481306, 0.0, 0.9354702155959571, 0.0, 2.0649434104379742, 325.2205691730152, 0.0, 39.83296681883973, 0.0, 0.0, 109.32253822342345, 0.0, 0.0, 0.0, 0.0, 0.0, 0.0, 0.0, 0.0, 6.876580011497546, 0.0, 0.0, 0.0, 0.0, 42.29005099279363, 2.014321342590955, 0.0, 3.0833939121307896, 0.0, 180.60146044844072, 
0.0, 0.0, 0.0, 0.0, 0.0, 0.0, 0.0, 0.0, 0.0, 0.0, 0.0, 0.0, 0.0, 0.0, 0.0, 0.0, 0.0, 0.0, 0.0, 0.0, 0.0, 0.0, 0.0, 0.0, 0.0, 0.0, 0.0, 0.0, 0.0, 0.0, 
0.0, 0.0, 0.0, 0.0, 0.0, 0.0, 0.0, 0.0, 0.0, 0.0, 0.0, 0.0, 0.0, 0.0, 0.0, 0.0, 0.0, 0.0, 0.0, 0.0, 0.0, 0.0, 0.0, 0.0, 0.0, 0.0, 0.0, 0.0, 0.0, 0.0, 
0.0, 0.0, 0.0, 0.0, 0.0, 0.0, 0.0, 0.0, 0.0, 0.0, 0.0, 0.0, 0.0, 0.0, 0.0, 0.0, 0.0, 0.0, 0.0, 0.0, 0.0, 0.0, 0.0, 0.0, 0.0, 0.0, 0.0, 0.0, 0.0, 0.0, 
0.0, 0.0, 0.0, 0.0, 0.0, 0.0, 0.0, 0.0, 0.0, 0.0, 0.0, 0.0, 0.0, 0.0, 0.0, 0.0, 0.0, 0.0, 0.0, 0.0, 0.0, 0.0, 0.0, 0.0, 0.0, 0.0, 0.0, 0.0, 0.0, 0.0, 
2.7452343822445653, 0.0, 0.0, 0.0, 0.0, 72.75997610512655, 0.0, 27.802602541738366, 31.293571561250783, 0.0, 38.25748974401987, 57.60468186974307, 0.0, 0.0, 0.0, 0.0, 0.0, 0.0, 0.0, 0.0, 0.0, 0.0, 0.0, 0.0, 249.13948198807586, 6.555542681749546, 0.0, 0.0, 0.0, 12.219399376207244, 
0.0, 0.0, 608.6923601194034, 0.0, 0.0, 80.75849721820778, 0.0, 44.565200278570885, 80.2025593164867, 0.0, 30.699328267989547, 0.0, 0.0, 0.0, 0.0, 0.0, 0.0, 0.0, 0.0, 0.0, 0.0, 0.0, 0.0, 0.0, 106.80484910231411, 3.6386056395688597, 0.0, 1.138871102252005, 0.0, 70.57099894403603, 
407.3793025725814, 0.0, 0.0, 0.0, 0.0, 286.22322018450046, 0.0, 59.654161511487786, 0.0, 0.0, 80.56659813117805, 87.54605439346763, 0.0, 0.0, 0.0, 0.0, 0.0, 0.0, 0.0, 0.0, 0.0, 0.0, 0.0, 0.0, 709.0690897486871, 85.58595017483131, 0.0, 0.9913580834724001, 0.0, 116.1629599928636, 
56.843999290895354, 0.0, 250.88157845863475, 0.0, 204.17124994179463, 14.912455089981657, 0.0, 168.26830447623695, 10.48865386992262, 0.0, 24.11305986807769, 10.910207715975723, 54.94538819271729, 0.0, 63.172401033157264, 0.0, 0.0, 0.0, 0.0, 164.27839460736664, 0.0, 0.0, 0.0, 0.0, 0.0, 0.0, 0.0, 10.39014452117885, 0.0, 0.0, 
0.0, 0.0, 0.0, 0.0, 0.0, 0.0, 0.0, 0.0, 0.0, 0.0, 0.0, 0.0, 0.0, 0.0, 0.0, 0.0, 0.0, 0.0, 0.0, 0.0, 0.0, 0.0, 0.0, 0.0, 0.0, 0.0, 0.0, 0.0, 0.0, 0.0, 
1.217762283761978, 0.0, 1.0558792448193386, 0.0, 0.321100869432942, 1.6901335494705265, 0.0, 1.2081768301451534, 981.3381801484484, 0.0, 0.0, 0.66803501996968, 0.42418171555448875, 0.0, 2.5850566780575326, 0.0, 0.0, 0.0, 0.0, 0.8380599267177161, 0.0, 0.0, 0.0, 0.0, 0.0, 0.0, 0.0, 85.59705141822492, 0.0, 0.37570405202523016, 
145.01633576635473, 0.0, 463.3691629982043, 0.0, 132.52677552427969, 194.05930374855865, 0.0, 389.1510654337793, 179.06921313196779, 0.0, 100.58141262568101, 33.37854075219709, 77.509102969661, 0.0, 121.2259457686976, 0.0, 0.0, 85.96988286346537, 0.0, 351.68551513989456, 0.0, 0.0, 0.0, 0.0, 0.0, 0.0, 0.0, 142.55103963446476, 0.0, 55.7469376699899, 
0.0, 0.0, 0.0, 0.0, 3.131288073042368, 6.327082111528803, 0.0, 86.85024817852779, 60.19974500418661, 0.0, 0.0, 28.008844730285013, 29.300344402020322, 0.0, 0.0, 0.0, 0.0, 192.15649194256525, 0.0, 25.273288782007924, 0.0, 0.0, 0.0, 0.0, 0.0, 0.0, 0.0, 0.0, 0.0, 69.45150084196527, 
14.962160098507342, 0.0, 219.71885490220888, 0.0, 0.0, 0.0, 0.0, 0.0, 56.187560427578546, 0.0, 265.51763644128926, 0.0, 0.0, 0.0, 0.0, 0.0, 0.0, 0.0, 0.0, 6.045805687049425, 0.0, 0.0, 0.0, 0.0, 340.2272004637134, 0.0, 0.0, 27.258535889890656, 0.0, 1963.9252650980084, 
198.07383043972015, 0.0, 11.039895968742671, 0.0, 0.0, 217.81747300173654, 0.0, 36.84286588782634, 0.0, 0.0, 0.0, 105.11712309776743, 181.34662721983634, 0.0, 68.08005083088179, 0.0, 0.0, 15.848812412798386, 0.0, 44.465488653346945, 0.0, 0.0, 0.0, 0.0, 233.93803893877683, 0.0, 0.0, 0.0, 0.0, 0.0, 
