0.0, 0.0, 0.0, 0.0, 0.0, 0.0, 0.0, 0.0, 0.0, 0.0, 0.0, 0.0, 0.0, 0.0, 0.0, 0.0, 0.0, 0.0, 0.0, 0.0, 0.0, 0.0, 0.0, 0.0, 0.0, 0.0, 0.0, 0.0, 0.0, 0.0, 
0.0, 0.0, 0.0, 0.0, 0.0, 0.0, 0.0, 42.15587775174484, 57.21839358768732, 0.0, 65.86699912931027, 77.35494632512113, 215.63378341294919, 0.0, 0.0, 0.0, 0.0, 2.8756347513748115, 0.0, 133.7658035630666, 0.0, 0.0, 0.0, 0.0, 126.8056886696124, 5.679486561557312, 0.0, 132.82258709655216, 0.0, 14.475226027694966, 
0.0, 0.0, 0.0, 0.0, 0.0, 0.0, 0.0, 0.0, 0.0, 0.0, 0.0, 0.0, 0.0, 0.0, 0.0, 0.0, 0.0, 0.0, 0.0, 0.0, 0.0, 0.0, 0.0, 0.0, 0.0, 0.0, 0.0, 0.0, 0.0, 0.0, 
0.0, 0.0, 0.0, 0.0, 0.0, 0.0, 0.0, 23.875970899084, 28.75783382829106, 0.0, 112.44264720966719, 10.591704912626842, 2.0595676409444486, 0.0, 0.0, 0.0, 0.0, 157.6481455207468, 0.0, 73.73141306543674, 0.0, 0.0, 0.0, 0.0, 0.0, 332.1472486370168, 0.0, 6.202537096475725, 0.0, 16.22109389825316, 
0.0, 0.0, 0.0, 0.0, 0.0, 0.0, 0.0, 44.35926572574361, 4.320915902224886, 0.0, 11.04090288049775, 13.35185316146048, 33.13653669519084, 0.0, 13.658343629987746, 0.0, 0.0, 1.443167094293596, 0.0, 1.8158480880157146, 0.0, 0.0, 0.0, 0.0, 76.63630178500792, 13.908028376436338, 0.0, 0.0, 0.0, 9.468443396046355, 
0.0, 0.0, 0.0, 0.0, 0.0, 0.0, 0.0, 0.0, 0.0, 0.0, 0.0, 0.0, 0.0, 0.0, 0.0, 0.0, 0.0, 0.0, 0.0, 0.0, 0.0, 0.0, 0.0, 0.0, 0.0, 0.0, 0.0, 0.0, 0.0, 0.0, 
0.0, 0.0, 0.0, 0.0, 0.0, 0.0, 0.0, 219.7077876439718, 114.3272119675512, 0.0, 29.945299972195084, 51.760069979288225, 8.973538068369258, 0.0, 121.83572193676035, 0.0, 0.0, 0.0, 0.0, 18.174014354190078, 0.0, 0.0, 0.0, 0.0, 933.623141427747, 151.52392447836039, 0.0, 11.113565842748086, 0.0, 269.5927548693339, 
0.6733235420048334, 0.0, 15.088596756958172, 0.0, 0.0, 6.320626805631502, 0.0, 0.0, 252.29327722147033, 0.0, 167.82277355896065, 94.81103555550713, 93.87243498197867, 0.0, 0.0, 0.0, 0.0, 4.1860990728774805, 0.0, 201.8584148567783, 0.0, 0.0, 0.0, 0.0, 15.827768719701929, 34.20570331923495, 0.0, 6.952035011936697, 0.0, 429.98224963666706, 
217.6537765829417, 0.0, 5.550394720677366, 0.0, 0.0, 229.09616527269222, 0.0, 0.0, 0.0, 0.0, 0.0, 114.96262954441477, 107.9940935668332, 0.0, 17.526549099195154, 0.0, 0.0, 4.959357351967397, 0.0, 46.135824765808465, 0.0, 0.0, 0.0, 0.0, 147.8476955515055, 139.41941962003534, 0.0, 26.50967908534113, 0.0, 0.0, 
147.07172758780857, 0.0, 4.425633902033876, 0.0, 12.323955099217908, 157.50109479262454, 0.0, 87.37816608058957, 0.0, 0.0, 0.0, 2.199527620608821, 978.1659110797548, 0.0, 436.60192392634497, 0.0, 0.0, 0.0, 0.0, 12.533706156047542, 0.0, 0.0, 0.0, 0.0, 622.8712819677893, 0.0, 0.0, 7.956388672163584, 0.0, 0.0, 
0.0, 0.0, 0.0, 0.0, 0.0, 0.0, 0.0, 0.0, 0.0, 0.0, 0.0, 0.0, 0.0, 0.0, 0.0, 0.0, 0.0, 0.0, 0.0, 0.0, 0.0, 0.0, 0.0, 0.0, 0.0, 0.0, 0.0, 0.0, 0.0, 0.0, 
0.0, 0.0, 0.0, 0.0, 0.0, 0.0, 0.0, 0.0, 0.0, 0.0, 0.0, 0.0, 0.0, 0.0, 0.0, 0.0, 0.0, 0.0, 0.0, 0.0, 0.0, 0.0, 0.0, 0.0, 0.0, 0.0, 0.0, 0.0, 0.0, 0.0, 
0.0, 0.0, 0.0, 0.0, 0.0, 0.0, 0.0, 0.0, 0.0, 0.0, 0.0, 0.0, 0.0, 0.0, 0.0, 0.0, 0.0, 0.0, 0.0, 0.0, 0.0, 0.0, 0.0, 0.0, 0.0, 0.0, 0.0, 0.0, 0.0, 0.0, 
19.44912831724338, 0.0, 11.599795585912398, 0.0, 84.22222565144699, 388.3609480770498, 0.0, 423.1662646047447, 0.0, 0.0, 522.8187403908302, 0.0, 0.0, 0.0, 0.0, 0.0, 0.0, 0.0, 0.0, 0.0, 0.0, 0.0, 0.0, 0.0, 65.33419228663934, 5.597515475921744, 0.0, 60.28536150287373, 0.0, 269.6359906159628, 
0.0, 0.0, 0.0, 0.0, 0.0, 0.0, 0.0, 0.0, 0.0, 0.0, 0.0, 0.0, 0.0, 0.0, 0.0, 0.0, 0.0, 0.0, 0.0, 0.0, 0.0, 0.0, 0.0, 0.0, 0.0, 0.0, 0.0, 0.0, 0.0, 0.0, 
18.679208524420567, 0.0, 9.384878705548216, 0.0, 7.164388452527648, 63.711275584157676, 0.0, 123.7637799679529, 0.0, 0.0, 106.35812172404957, 0.0, 0.0, 0.0, 0.0, 0.0, 0.0, 0.0, 0.0, 5.1189565217654165, 0.0, 0.0, 0.0, 0.0, 34.52501507320538, 2.097790385967191, 0.0, 8.014729389853093, 0.0, 234.5766745160213, 
0.0, 0.0, 0.0, 0.0, 0.0, 0.0, 0.0, 0.0, 0.0, 0.0, 0.0, 0.0, 0.0, 0.0, 0.0, 0.0, 0.0, 0.0, 0.0, 0.0, 0.0, 0.0, 0.0, 0.0, 0.0, 0.0, 0.0, 0.0, 0.0, 0.0, 
0.0, 0.0, 0.0, 0.0, 0.0, 0.0, 0.0, 0.0, 0.0, 0.0, 0.0, 0.0, 0.0, 0.0, 0.0, 0.0, 0.0, 0.0, 0.0, 0.0, 0.0, 0.0, 0.0, 0.0, 0.0, 0.0, 0.0, 0.0, 0.0, 0.0, 
0.0, 0.0, 0.0, 0.0, 0.0, 0.0, 0.0, 0.0, 0.0, 0.0, 0.0, 0.0, 0.0, 0.0, 0.0, 0.0, 0.0, 0.0, 0.0, 0.0, 0.0, 0.0, 0.0, 0.0, 0.0, 0.0, 0.0, 0.0, 0.0, 0.0, 
0.0, 0.0, 0.0, 0.0, 0.0, 0.0, 0.0, 0.0, 0.0, 0.0, 0.0, 0.0, 0.0, 0.0, 0.0, 0.0, 0.0, 0.0, 0.0, 0.0, 0.0, 0.0, 0.0, 0.0, 0.0, 0.0, 0.0, 0.0, 0.0, 0.0, 
1.9733670281050775, 0.0, 0.0, 0.0, 0.0, 34.833708765861466, 0.0, 116.7939519006465, 34.87420114579237, 0.0, 16.241208718893784, 63.76471570085718, 0.0, 0.0, 0.0, 0.0, 0.0, 0.0, 0.0, 0.0, 0.0, 0.0, 0.0, 0.0, 200.78849971188222, 3.2505091413816967, 0.0, 0.0, 0.0, 37.512621835668, 
0.0, 0.0, 597.6025530064074, 0.0, 0.0, 103.7849457771649, 0.0, 118.67376111404026, 84.04363741212717, 0.0, 8.539999629563145, 0.0, 0.0, 0.0, 0.0, 0.0, 0.0, 0.0, 0.0, 0.0, 0.0, 0.0, 0.0, 0.0, 150.94834178697346, 9.155640548735244, 0.0, 14.77581542006151, 0.0, 0.8655332827501305, 
785.3249952640075, 0.0, 0.0, 0.0, 0.0, 264.68097663615316, 0.0, 58.173232408808836, 0.0, 0.0, 74.40080846262681, 43.51040262026906, 0.0, 0.0, 0.0, 0.0, 0.0, 0.0, 0.0, 0.0, 0.0, 0.0, 0.0, 0.0, 386.244674345589, 120.31321570633202, 0.0, 48.15696073783582, 0.0, 73.22007741063297, 
104.07890849443163, 0.0, 217.44130269901012, 0.0, 96.33631187788328, 34.235500034170364, 0.0, 24.11319276183599, 107.72967081476276, 0.0, 6.692185400726913, 47.908433957451145, 65.44321395329838, 0.0, 77.17811770053973, 0.0, 0.0, 0.0, 0.0, 291.6338281190735, 0.0, 0.0, 0.0, 0.0, 0.0, 0.0, 0.0, 1.388392142481587, 0.0, 0.0, 
0.0, 0.0, 0.0, 0.0, 0.0, 0.0, 0.0, 0.0, 0.0, 0.0, 0.0, 0.0, 0.0, 0.0, 0.0, 0.0, 0.0, 0.0, 0.0, 0.0, 0.0, 0.0, 0.0, 0.0, 0.0, 0.0, 0.0, 0.0, 0.0, 0.0, 
1.6285166852999522, 0.0, 1.7996112913143958, 0.0, 1.4646755085993557, 1.1618691659294744, 0.0, 5.404681154368873, 991.0830479644105, 0.0, 0.0, 10.232910807132233, 3.8605918457069177, 0.0, 6.420237529693673, 0.0, 0.0, 0.0, 0.0, 8.189914470273063, 0.0, 0.0, 0.0, 0.0, 0.0, 0.0, 0.0, 61.907790416801, 0.0, 1.3503260770470482, 
101.91837040560497, 0.0, 471.9183405930794, 0.0, 30.893492576628766, 335.59604786445436, 0.0, 106.49073217429155, 187.2328544709355, 0.0, 31.51148234133877, 163.59311452537617, 261.5975006069501, 0.0, 72.12643226754595, 0.0, 0.0, 140.52150052186724, 0.0, 279.20242102010576, 0.0, 0.0, 0.0, 0.0, 0.0, 0.0, 0.0, 97.81786208809184, 0.0, 188.8309401751188, 
0.0, 0.0, 0.0, 0.0, 3.2298039286934865, 1.843234081334133, 0.0, 118.7304556400871, 6.112059704193429, 0.0, 0.0, 47.221645350626176, 85.37622058996769, 0.0, 0.0, 0.0, 0.0, 196.13924697267782, 0.0, 71.96368919102281, 0.0, 0.0, 0.0, 0.0, 0.0, 0.0, 0.0, 0.0, 0.0, 7.679406173136338, 
20.29106698444333, 0.0, 156.764390632729, 0.0, 0.0, 0.0, 0.0, 0.0, 31.181645078055542, 0.0, 333.0288376373086, 0.0, 0.0, 0.0, 0.0, 0.0, 0.0, 0.0, 0.0, 8.576430795464995, 0.0, 0.0, 0.0, 0.0, 565.8036941741631, 0.0, 0.0, 4.486075613603924, 0.0, 32.99456472921059, 
99.2177188819614, 0.0, 75.42674326331189, 0.0, 0.0, 258.74028327573177, 0.0, 247.46269253713905, 0.0, 0.0, 0.0, 36.04242123515215, 130.02846896837588, 0.0, 58.29049078115972, 0.0, 0.0, 7.085733206269984, 0.0, 59.27881758193054, 0.0, 0.0, 0.0, 0.0, 46.956294703927256, 0.0, 0.0, 0.0, 0.0, 0.0, 
