0.0, 0.0, 0.0, 0.0, 0.0, 0.0, 0.0, 0.0, 0.0, 0.0, 0.0, 0.0, 0.0, 0.0, 0.0, 0.0, 0.0, 0.0, 0.0, 0.0, 0.0, 0.0, 0.0, 0.0, 0.0, 0.0, 0.0, 0.0, 0.0, 0.0, 
0.0, 0.0, 0.0, 0.0, 0.0, 0.0, 0.0, 344.45667803152236, 0.0021895623700695682, 0.0, 149.66712309673866, 77.89343093703216, 121.4252891721284, 0.0, 0.0, 0.0, 0.0, 0.004657269647945109, 0.0, 47.62381231375299, 0.0, 0.0, 0.0, 0.0, 123.47939312170094, 0.011167085411319881, 0.0, 0.4613353005703565, 0.0, 14.987464114248906, 
0.0, 0.0, 0.0, 0.0, 0.0, 0.0, 0.0, 0.0, 0.0, 0.0, 0.0, 0.0, 0.0, 0.0, 0.0, 0.0, 0.0, 0.0, 0.0, 0.0, 0.0, 0.0, 0.0, 0.0, 0.0, 0.0, 0.0, 0.0, 0.0, 0.0, 
0.0, 0.0, 0.0, 0.0, 0.0, 0.0, 0.0, 40.797981305215906, 0.018633537088673612, 0.0, 0.003021257881193541, 0.0032090614449550845, 0.049896179283451164, 0.0, 0.0, 0.0, 0.0, 0.012220856087179101, 0.0, 333.4104400801221, 0.0, 0.0, 0.0, 0.0, 0.0, 342.1157854873131, 0.0, 2.3381590384249524E-4, 0.0, 0.004081661311784083, 
0.0, 0.0, 0.0, 0.0, 0.0, 0.0, 0.0, 103.31421224123558, 16.45541743072228, 0.0, 5.3729807755317815E-8, 0.01080701382239997, 0.05409583960810957, 0.0, 47.5442846824321, 0.0, 0.0, 2.044196458544834E-4, 0.0, 0.013418246168872825, 0.0, 0.0, 0.0, 0.0, 54.955622792800554, 8.985360920133596, 0.0, 0.0, 0.0, 4.55328190021061E-6, 
0.0, 0.0, 0.0, 0.0, 0.0, 0.0, 0.0, 0.0, 0.0, 0.0, 0.0, 0.0, 0.0, 0.0, 0.0, 0.0, 0.0, 0.0, 0.0, 0.0, 0.0, 0.0, 0.0, 0.0, 0.0, 0.0, 0.0, 0.0, 0.0, 0.0, 
0.0, 0.0, 0.0, 0.0, 0.0, 0.0, 0.0, 123.99067459048445, 0.02434104065023663, 0.0, 507.8121977013467, 3.4330690738331056E-4, 0.2315535045637215, 0.0, 153.01048500398377, 0.0, 0.0, 0.0, 0.0, 0.0023573143154590245, 0.0, 0.0, 0.0, 0.0, 1003.4531011713125, 144.15192088239604, 0.0, 0.05294464129255638, 0.0, 1.972390388212754E-6, 
2.2127203456564408E-4, 0.0, 1.0334180863656155E-4, 0.0, 0.0, 0.02240822773691074, 0.0, 0.0, 246.38174642603605, 0.0, 8.63281397431285E-6, 208.08831422784607, 119.52722247077521, 0.0, 0.0, 0.0, 0.0, 3.2787177414670286E-5, 0.0, 169.72903262085168, 0.0, 0.0, 0.0, 0.0, 18.764171559952647, 21.79459961745404, 0.0, 0.03983145760470087, 0.0, 513.070321110719, 
244.5458523367755, 0.0, 0.01177255678869691, 0.0, 0.0, 169.8959592159156, 0.0, 0.0, 0.0, 0.0, 0.0, 0.1513232077377237, 129.29287393076433, 0.0, 0.0037358396150139906, 0.0, 0.0, 0.0020800999843561792, 0.0, 64.06450445394557, 0.0, 0.0, 0.0, 0.0, 427.41455254673764, 172.6174782383237, 0.0, 6.134044484480029E-6, 0.0, 0.0, 
1.668158528496523, 0.0, 0.11593180472171404, 0.0, 1.4354643688844937E-5, 306.80381934046204, 0.0, 59.01656972597231, 0.0, 0.0, 0.0, 113.08227179482768, 1035.4516359949837, 0.0, 190.17486535423407, 0.0, 0.0, 0.0, 0.0, 61.96751284710773, 0.0, 0.0, 0.0, 0.0, 639.6513275531609, 0.0, 0.0, 41.527448804838166, 0.0, 0.0, 
0.0, 0.0, 0.0, 0.0, 0.0, 0.0, 0.0, 0.0, 0.0, 0.0, 0.0, 0.0, 0.0, 0.0, 0.0, 0.0, 0.0, 0.0, 0.0, 0.0, 0.0, 0.0, 0.0, 0.0, 0.0, 0.0, 0.0, 0.0, 0.0, 0.0, 
0.0, 0.0, 0.0, 0.0, 0.0, 0.0, 0.0, 0.0, 0.0, 0.0, 0.0, 0.0, 0.0, 0.0, 0.0, 0.0, 0.0, 0.0, 0.0, 0.0, 0.0, 0.0, 0.0, 0.0, 0.0, 0.0, 0.0, 0.0, 0.0, 0.0, 
0.0, 0.0, 0.0, 0.0, 0.0, 0.0, 0.0, 0.0, 0.0, 0.0, 0.0, 0.0, 0.0, 0.0, 0.0, 0.0, 0.0, 0.0, 0.0, 0.0, 0.0, 0.0, 0.0, 0.0, 0.0, 0.0, 0.0, 0.0, 0.0, 0.0, 
1.4894952606498664E-7, 0.0, 0.8944191654266596, 0.0, 1.53879401377818E-4, 715.1971448275558, 0.0, 239.7052611803237, 0.0, 0.0, 691.435069409929, 0.0, 0.0, 0.0, 0.0, 0.0, 0.0, 0.0, 0.0, 0.0, 0.0, 0.0, 0.0, 0.0, 208.33911519129342, 0.2706538562130695, 0.0, 8.366681772277676, 0.0, 1.7965835028659076E-6, 
0.0, 0.0, 0.0, 0.0, 0.0, 0.0, 0.0, 0.0, 0.0, 0.0, 0.0, 0.0, 0.0, 0.0, 0.0, 0.0, 0.0, 0.0, 0.0, 0.0, 0.0, 0.0, 0.0, 0.0, 0.0, 0.0, 0.0, 0.0, 0.0, 0.0, 
0.003192449867955872, 0.0, 7.379785706279683E-4, 0.0, 0.0012236354415763341, 1.119787090108804, 0.0, 81.9090806728832, 0.0, 0.0, 41.47335562385162, 0.0, 0.0, 0.0, 0.0, 0.0, 0.0, 0.0, 0.0, 5.242977810751955E-5, 0.0, 0.0, 0.0, 0.0, 90.70898951959505, 0.008019243831828041, 0.0, 0.0025720793591701633, 0.0, 190.46813471229729, 
0.0, 0.0, 0.0, 0.0, 0.0, 0.0, 0.0, 0.0, 0.0, 0.0, 0.0, 0.0, 0.0, 0.0, 0.0, 0.0, 0.0, 0.0, 0.0, 0.0, 0.0, 0.0, 0.0, 0.0, 0.0, 0.0, 0.0, 0.0, 0.0, 0.0, 
0.0, 0.0, 0.0, 0.0, 0.0, 0.0, 0.0, 0.0, 0.0, 0.0, 0.0, 0.0, 0.0, 0.0, 0.0, 0.0, 0.0, 0.0, 0.0, 0.0, 0.0, 0.0, 0.0, 0.0, 0.0, 0.0, 0.0, 0.0, 0.0, 0.0, 
0.0, 0.0, 0.0, 0.0, 0.0, 0.0, 0.0, 0.0, 0.0, 0.0, 0.0, 0.0, 0.0, 0.0, 0.0, 0.0, 0.0, 0.0, 0.0, 0.0, 0.0, 0.0, 0.0, 0.0, 0.0, 0.0, 0.0, 0.0, 0.0, 0.0, 
0.0, 0.0, 0.0, 0.0, 0.0, 0.0, 0.0, 0.0, 0.0, 0.0, 0.0, 0.0, 0.0, 0.0, 0.0, 0.0, 0.0, 0.0, 0.0, 0.0, 0.0, 0.0, 0.0, 0.0, 0.0, 0.0, 0.0, 0.0, 0.0, 0.0, 
0.4326759624777087, 0.0, 0.0, 0.0, 0.0, 0.14038661549296538, 0.0, 209.36322514890185, 1.2790636793391874, 0.0, 0.016246584131675616, 0.08811244478130943, 0.0, 0.0, 0.0, 0.0, 0.0, 0.0, 0.0, 0.0, 0.0, 0.0, 0.0, 0.0, 295.1142099280164, 0.08885676049654465, 0.0, 0.0, 0.0, 7.159909207036654, 
0.0, 0.0, 1011.2465435957685, 0.0, 0.0, 1.9882448330740796E-7, 0.0, 2.4744891459137153E-5, 0.034070066698493516, 0.0, 0.0018020484626410421, 0.0, 0.0, 0.0, 0.0, 0.0, 0.0, 0.0, 0.0, 0.0, 0.0, 0.0, 0.0, 0.0, 57.8449680393146, 9.732388439686607E-4, 0.0, 0.02450052476076528, 0.0, 0.008090352028834964, 
650.548668463637, 0.0, 0.0, 0.0, 0.0, 0.008789185168516253, 0.0, 216.73889261435912, 0.0, 0.0, 0.001628129584507836, 0.008130020356802074, 0.0, 0.0, 0.0, 0.0, 0.0, 0.0, 0.0, 0.0, 0.0, 0.0, 0.0, 0.0, 317.98986076808234, 133.04149930063016, 0.0, 0.006423557942096298, 0.0, 553.1580315213695, 
36.99908679469383, 0.0, 72.51140424695947, 0.0, 0.018125638778936935, 134.70657308237497, 0.0, 175.74670059235132, 18.176768111115745, 0.0, 102.39181977623878, 3.2770645816218775E-4, 200.19247022602912, 0.0, 34.412124220820836, 0.0, 0.0, 0.0, 0.0, 244.3103497241237, 0.0, 0.0, 0.0, 0.0, 0.0, 0.0, 0.0, 5.686197067983745E-4, 0.0, 0.0, 
0.0, 0.0, 0.0, 0.0, 0.0, 0.0, 0.0, 0.0, 0.0, 0.0, 0.0, 0.0, 0.0, 0.0, 0.0, 0.0, 0.0, 0.0, 0.0, 0.0, 0.0, 0.0, 0.0, 0.0, 0.0, 0.0, 0.0, 0.0, 0.0, 0.0, 
5.975772176966463E-4, 0.0, 2.3012671435267165E-4, 0.0, 4.103288456482817E-4, 6.9368676642289336E-6, 0.0, 0.0037110948808971116, 1019.3428669193265, 0.0, 0.0, 6.758832352385644E-7, 1.4471145079613865E-4, 0.0, 0.0012573012308439825, 0.0, 0.0, 0.0, 0.0, 0.0013244657021041744, 0.0, 0.0, 0.0, 0.0, 0.0, 0.0, 0.0, 43.43611245466156, 0.0, 1.823538007152172E-4, 
357.4333380847244, 0.0, 0.013157912684983002, 0.0, 368.20292814769584, 433.65362390691905, 0.0, 0.5031327650361328, 518.7569113528052, 0.0, 0.0013803707722197852, 0.02482932268279823, 0.003725065309613008, 0.0, 139.19740015693154, 0.0, 0.0, 102.00607719069012, 0.0, 304.8936060015434, 0.0, 0.0, 0.0, 0.0, 0.0, 0.0, 0.0, 273.6594533440584, 0.0, 9.657334716024581E-4, 
0.0, 0.0, 0.0, 0.0, 0.013321262749052163, 0.007560543940553226, 0.0, 138.2611378600886, 75.4287977273487, 0.0, 0.0, 0.11822180988677426, 102.30351336556214, 0.0, 0.0, 0.0, 0.0, 249.6270609377098, 0.0, 8.047315419475141E-4, 0.0, 0.0, 0.0, 0.0, 0.0, 0.0, 0.0, 0.0, 0.0, 0.031444888033113995, 
26.14194146106018, 0.0, 385.7128924086039, 0.0, 0.0, 0.0, 0.0, 0.0, 3.5792883997500956E-4, 0.0, 0.06132778053242384, 0.0, 0.0, 0.0, 0.0, 0.0, 0.0, 0.0, 0.0, 4.657834724298756E-5, 0.0, 0.0, 0.0, 0.0, 122.20076776817, 0.0, 0.0, 94.59311853867784, 0.0, 0.13462010725136728, 
208.47361973669135, 0.0, 3.2934038440887774E-4, 0.0, 0.0, 131.16409753024175, 0.0, 6.627790312826507E-6, 0.0, 0.0, 0.0, 373.6877658898381, 363.3626122100515, 0.0, 268.1071139611796, 0.0, 0.0, 0.002839711300304112, 0.0, 4.655786700113598E-8, 0.0, 0.0, 0.0, 0.0, 29.88779302189353, 0.0, 0.0, 0.0, 0.0, 0.0, 
