0.0, 0.0, 0.0, 0.0, 0.0, 0.0, 0.0, 0.0, 0.0, 0.0, 0.0, 0.0, 0.0, 0.0, 0.0, 0.0, 0.0, 0.0, 0.0, 0.0, 0.0, 0.0, 0.0, 0.0, 0.0, 0.0, 0.0, 0.0, 0.0, 0.0, 
0.0, 0.0, 0.0, 0.0, 0.0, 0.0, 0.0, 2.449645396537326E-7, 129.60053976882998, 0.0, 151.81956646046416, 64.19073222951265, 151.63168310008356, 0.0, 0.0, 0.0, 0.0, 1.534160123790873E-6, 0.0, 223.14062491946592, 0.0, 0.0, 0.0, 0.0, 5.503598050897419E-7, 3.4886495121443346E-7, 0.0, 74.33942266906452, 0.0, 93.78287615922419, 
0.0, 0.0, 0.0, 0.0, 0.0, 0.0, 0.0, 0.0, 0.0, 0.0, 0.0, 0.0, 0.0, 0.0, 0.0, 0.0, 0.0, 0.0, 0.0, 0.0, 0.0, 0.0, 0.0, 0.0, 0.0, 0.0, 0.0, 0.0, 0.0, 0.0, 
0.0, 0.0, 0.0, 0.0, 0.0, 0.0, 0.0, 37.67988871777514, 10.027968882401945, 0.0, 35.19313848929535, 8.178462220141187, 16.84819597940392, 0.0, 0.0, 0.0, 0.0, 63.46411661912387, 0.0, 324.39630370941006, 0.0, 0.0, 0.0, 0.0, 0.0, 242.75981063700914, 0.0, 1.389392636050118E-7, 0.0, 1.8028592249622113, 
0.0, 0.0, 0.0, 0.0, 0.0, 0.0, 0.0, 29.636998734334142, 14.09348340250343, 0.0, 17.558690401550535, 6.526580706487776, 30.528626421838908, 0.0, 3.2824424494679428E-6, 0.0, 0.0, 3.597688735007968E-7, 0.0, 15.04697286957669, 0.0, 0.0, 0.0, 0.0, 82.83186908220982, 22.335689010622207, 0.0, 0.0, 0.0, 4.22064349158775, 
0.0, 0.0, 0.0, 0.0, 0.0, 0.0, 0.0, 0.0, 0.0, 0.0, 0.0, 0.0, 0.0, 0.0, 0.0, 0.0, 0.0, 0.0, 0.0, 0.0, 0.0, 0.0, 0.0, 0.0, 0.0, 0.0, 0.0, 0.0, 0.0, 0.0, 
0.0, 0.0, 0.0, 0.0, 0.0, 0.0, 0.0, 279.58390334716245, 109.03552224872111, 0.0, 70.10516298874333, 43.2598844211033, 114.20226374615896, 0.0, 248.8135921217294, 0.0, 0.0, 0.0, 0.0, 113.77882332948651, 0.0, 0.0, 0.0, 0.0, 542.2358063219468, 235.10202159251253, 0.0, 75.06157288894836, 0.0, 94.82895322305448, 
1.0742263015004237E-6, 0.0, 2.543099801973123E-6, 0.0, 0.0, 109.79381247082378, 0.0, 0.0, 285.327458871476, 0.0, 202.4509162717115, 125.68918840018095, 158.20602743384225, 0.0, 0.0, 0.0, 0.0, 2.6990225350590956E-7, 0.0, 4.424565877353258, 0.0, 0.0, 0.0, 0.0, 4.338581300903918E-6, 1.981114721939747E-7, 0.0, 12.821106731227827, 0.0, 405.2783315462162, 
246.02285073944677, 0.0, 3.993024339224745E-7, 0.0, 0.0, 364.7250924003276, 0.0, 0.0, 0.0, 0.0, 0.0, 142.87488701891087, 62.80169391317965, 0.0, 64.1929983463348, 0.0, 0.0, 3.4233402656556095E-7, 0.0, 4.852678361584029E-5, 0.0, 0.0, 0.0, 0.0, 388.75440293461025, 167.1535423540566, 0.0, 49.32387447582197, 0.0, 0.0, 
402.07715631564844, 0.0, 7.660000975593154E-7, 0.0, 16.40748432406458, 80.46080119383768, 0.0, 77.12044329233305, 0.0, 0.0, 0.0, 129.70926669924694, 1018.7543255147417, 0.0, 268.7464479383462, 0.0, 0.0, 0.0, 0.0, 12.64104547381649, 0.0, 0.0, 0.0, 0.0, 443.11725111437903, 0.0, 0.0, 8.569768407962705E-7, 0.0, 0.0, 
0.0, 0.0, 0.0, 0.0, 0.0, 0.0, 0.0, 0.0, 0.0, 0.0, 0.0, 0.0, 0.0, 0.0, 0.0, 0.0, 0.0, 0.0, 0.0, 0.0, 0.0, 0.0, 0.0, 0.0, 0.0, 0.0, 0.0, 0.0, 0.0, 0.0, 
0.0, 0.0, 0.0, 0.0, 0.0, 0.0, 0.0, 0.0, 0.0, 0.0, 0.0, 0.0, 0.0, 0.0, 0.0, 0.0, 0.0, 0.0, 0.0, 0.0, 0.0, 0.0, 0.0, 0.0, 0.0, 0.0, 0.0, 0.0, 0.0, 0.0, 
0.0, 0.0, 0.0, 0.0, 0.0, 0.0, 0.0, 0.0, 0.0, 0.0, 0.0, 0.0, 0.0, 0.0, 0.0, 0.0, 0.0, 0.0, 0.0, 0.0, 0.0, 0.0, 0.0, 0.0, 0.0, 0.0, 0.0, 0.0, 0.0, 0.0, 
7.307770090160185E-7, 0.0, 1.3954515664703768E-6, 0.0, 8.902448758559274E-6, 275.458247294819, 0.0, 362.32121042480577, 0.0, 0.0, 385.32572874825746, 0.0, 0.0, 0.0, 0.0, 0.0, 0.0, 0.0, 0.0, 0.0, 0.0, 0.0, 0.0, 0.0, 40.537918367434585, 8.088400235232675E-7, 0.0, 3.3976281195423674E-6, 0.0, 785.345488439394, 
0.0, 0.0, 0.0, 0.0, 0.0, 0.0, 0.0, 0.0, 0.0, 0.0, 0.0, 0.0, 0.0, 0.0, 0.0, 0.0, 0.0, 0.0, 0.0, 0.0, 0.0, 0.0, 0.0, 0.0, 0.0, 0.0, 0.0, 0.0, 0.0, 0.0, 
1.2506129249128531E-7, 0.0, 6.829383687917731E-7, 0.0, 3.8819631257639196E-7, 256.15001737615927, 0.0, 76.03979982958988, 0.0, 0.0, 187.26182772388708, 0.0, 0.0, 0.0, 0.0, 0.0, 0.0, 0.0, 0.0, 2.3620487678847816E-5, 0.0, 0.0, 0.0, 0.0, 19.41745186732478, 3.677484207835678E-7, 0.0, 5.143756069625159E-7, 0.0, 147.0744750010086, 
0.0, 0.0, 0.0, 0.0, 0.0, 0.0, 0.0, 0.0, 0.0, 0.0, 0.0, 0.0, 0.0, 0.0, 0.0, 0.0, 0.0, 0.0, 0.0, 0.0, 0.0, 0.0, 0.0, 0.0, 0.0, 0.0, 0.0, 0.0, 0.0, 0.0, 
0.0, 0.0, 0.0, 0.0, 0.0, 0.0, 0.0, 0.0, 0.0, 0.0, 0.0, 0.0, 0.0, 0.0, 0.0, 0.0, 0.0, 0.0, 0.0, 0.0, 0.0, 0.0, 0.0, 0.0, 0.0, 0.0, 0.0, 0.0, 0.0, 0.0, 
0.0, 0.0, 0.0, 0.0, 0.0, 0.0, 0.0, 0.0, 0.0, 0.0, 0.0, 0.0, 0.0, 0.0, 0.0, 0.0, 0.0, 0.0, 0.0, 0.0, 0.0, 0.0, 0.0, 0.0, 0.0, 0.0, 0.0, 0.0, 0.0, 0.0, 
0.0, 0.0, 0.0, 0.0, 0.0, 0.0, 0.0, 0.0, 0.0, 0.0, 0.0, 0.0, 0.0, 0.0, 0.0, 0.0, 0.0, 0.0, 0.0, 0.0, 0.0, 0.0, 0.0, 0.0, 0.0, 0.0, 0.0, 0.0, 0.0, 0.0, 
8.193804829060054E-7, 0.0, 0.0, 0.0, 0.0, 111.39782621514486, 0.0, 1.2227542499730199E-5, 55.433572373218006, 0.0, 84.82984454716392, 44.0707460241839, 0.0, 0.0, 0.0, 0.0, 0.0, 0.0, 0.0, 0.0, 0.0, 0.0, 0.0, 0.0, 175.39299393604716, 4.357862430232633E-8, 0.0, 0.0, 0.0, 39.88039295389337, 
0.0, 0.0, 567.5993741605192, 0.0, 0.0, 102.89557078540885, 0.0, 118.85659052997778, 59.46062688308769, 0.0, 37.760563593531025, 0.0, 0.0, 0.0, 0.0, 0.0, 0.0, 0.0, 0.0, 0.0, 0.0, 0.0, 0.0, 0.0, 146.5165206616228, 1.3100410110526014E-7, 0.0, 1.712204864264826E-7, 0.0, 43.83918494972985, 
334.3300108909223, 0.0, 0.0, 0.0, 0.0, 179.5010337802429, 0.0, 98.13913475648798, 0.0, 0.0, 92.8237808002578, 55.29342985812007, 0.0, 0.0, 0.0, 0.0, 0.0, 0.0, 0.0, 0.0, 0.0, 0.0, 0.0, 0.0, 798.1178752185954, 118.07873552197482, 0.0, 4.802712959941776E-7, 0.0, 186.9937009530428, 
22.272372037379427, 0.0, 357.1269949488021, 0.0, 148.7383894314619, 4.892525403853931, 0.0, 142.12568975323376, 1.6790568711936942E-5, 0.0, 8.241951878865434E-6, 1.567877720250512E-5, 131.48329354422393, 0.0, 35.11347572198056, 0.0, 0.0, 0.0, 0.0, 212.0858258149264, 0.0, 0.0, 0.0, 0.0, 0.0, 0.0, 0.0, 1.7017381656294683E-7, 0.0, 0.0, 
0.0, 0.0, 0.0, 0.0, 0.0, 0.0, 0.0, 0.0, 0.0, 0.0, 0.0, 0.0, 0.0, 0.0, 0.0, 0.0, 0.0, 0.0, 0.0, 0.0, 0.0, 0.0, 0.0, 0.0, 0.0, 0.0, 0.0, 0.0, 0.0, 0.0, 
3.986095872896268E-8, 0.0, 8.060929592772734E-8, 0.0, 3.712757692123365E-8, 1.714975231880201E-8, 0.0, 4.0692479053917236E-8, 931.378436596783, 0.0, 0.0, 1.2384314486567582E-7, 4.226231609104197E-8, 0.0, 3.260988727614919E-8, 0.0, 0.0, 0.0, 0.0, 4.831400366688453E-8, 0.0, 0.0, 0.0, 0.0, 0.0, 0.0, 0.0, 96.67227754700392, 0.0, 1.0294011633979602E-8, 
188.2940594282816, 0.0, 335.6734554631423, 0.0, 190.4042921128232, 319.88938620299854, 0.0, 375.0407631770642, 129.24081334036367, 0.0, 60.46601353777676, 34.41119315457276, 116.5566584200364, 0.0, 141.57105495106086, 0.0, 0.0, 95.36310999668795, 0.0, 317.463544015837, 0.0, 0.0, 0.0, 0.0, 0.0, 0.0, 0.0, 178.59753229470383, 0.0, 0.011838317693369854, 
0.0, 0.0, 0.0, 0.0, 1.200466211456579E-7, 5.626898216401679E-8, 0.0, 123.61402216982638, 34.30164395501702, 0.0, 0.0, 21.76345963132767, 76.03147958229557, 0.0, 0.0, 0.0, 0.0, 198.01889054995627, 0.0, 4.495081601880813, 0.0, 0.0, 0.0, 0.0, 0.0, 0.0, 0.0, 0.0, 0.0, 67.3347513591446, 
8.092092009157143E-7, 0.0, 311.10046308955236, 0.0, 0.0, 0.0, 0.0, 0.0, 134.1032203004188, 0.0, 170.39465169635193, 0.0, 0.0, 0.0, 0.0, 0.0, 0.0, 0.0, 0.0, 8.253869968039624E-6, 0.0, 0.0, 0.0, 0.0, 440.61157445194436, 0.0, 0.0, 1.0349032991406117E-6, 0.0, 3.7919044392456785E7, 
311.4366840963078, 0.0, 2.775084095549881E-6, 0.0, 0.0, 99.71604274518539, 0.0, 40.837667612358224, 0.0, 0.0, 0.0, 98.02910338579518, 177.1214137263448, 0.0, 71.84746256969902, 0.0, 0.0, 1.4111010245682177E-6, 0.0, 17.56803406688659, 0.0, 0.0, 0.0, 0.0, 356.1004670472555, 0.0, 0.0, 0.0, 0.0, 0.0, 
