0.0, 0.0, 0.0, 0.0, 0.0, 0.0, 0.0, 0.0, 0.0, 0.0, 0.0, 0.0, 0.0, 0.0, 0.0, 0.0, 0.0, 0.0, 0.0, 0.0, 0.0, 0.0, 0.0, 0.0, 0.0, 0.0, 0.0, 0.0, 0.0, 0.0, 
0.0, 0.0, 0.0, 0.0, 0.0, 0.0, 0.0, 12.664009809292118, 114.53806581364309, 0.0, 122.95060209294596, 62.421679752183756, 154.04535070356178, 0.0, 0.0, 0.0, 0.0, 37.1481242652292, 0.0, 211.88983915024687, 0.0, 0.0, 0.0, 0.0, 4.871362768192575, 0.8937591011952145, 0.0, 104.2656929013252, 0.0, 178.80527071766838, 
0.0, 0.0, 0.0, 0.0, 0.0, 0.0, 0.0, 0.0, 0.0, 0.0, 0.0, 0.0, 0.0, 0.0, 0.0, 0.0, 0.0, 0.0, 0.0, 0.0, 0.0, 0.0, 0.0, 0.0, 0.0, 0.0, 0.0, 0.0, 0.0, 0.0, 
0.0, 0.0, 0.0, 0.0, 0.0, 0.0, 0.0, 33.04136984387081, 39.439942980171594, 0.0, 52.2782507782707, 23.205124475640186, 28.280022279794704, 0.0, 0.0, 0.0, 0.0, 79.38165432361595, 0.0, 219.192793851792, 0.0, 0.0, 0.0, 0.0, 0.0, 296.0166506516636, 0.0, 8.709983013889564, 0.0, 15.721372780035567, 
0.0, 0.0, 0.0, 0.0, 0.0, 0.0, 0.0, 28.476700542395786, 3.7813333182163484, 0.0, 18.76659448361358, 7.9941772242768065, 39.01952586318106, 0.0, 19.52047681696464, 0.0, 0.0, 1.4844204373169625, 0.0, 0.608042241041965, 0.0, 0.0, 0.0, 0.0, 32.01085285339612, 35.88702809920699, 0.0, 0.0, 0.0, 14.86419074167235, 
0.0, 0.0, 0.0, 0.0, 0.0, 0.0, 0.0, 0.0, 0.0, 0.0, 0.0, 0.0, 0.0, 0.0, 0.0, 0.0, 0.0, 0.0, 0.0, 0.0, 0.0, 0.0, 0.0, 0.0, 0.0, 0.0, 0.0, 0.0, 0.0, 0.0, 
0.0, 0.0, 0.0, 0.0, 0.0, 0.0, 0.0, 200.70076221954756, 77.86409736651305, 0.0, 0.15118824279245402, 16.542187612093453, 209.35616498407995, 0.0, 120.8451226903425, 0.0, 0.0, 0.0, 0.0, 98.66014205080232, 0.0, 0.0, 0.0, 0.0, 820.1145045984645, 166.5719476024209, 0.0, 69.34122475868374, 0.0, 95.97337767010119, 
20.822687153808698, 0.0, 21.087975824342255, 0.0, 0.0, 125.91116298315853, 0.0, 0.0, 256.74697241973786, 0.0, 159.8074597057558, 95.15836441677698, 103.13115087803612, 0.0, 0.0, 0.0, 0.0, 18.094577866422828, 0.0, 41.20828706549413, 0.0, 0.0, 0.0, 0.0, 41.46410332312286, 17.323599941021982, 0.0, 14.662802385706186, 0.0, 365.8721962834459, 
325.6986829188905, 0.0, 5.398068915106305, 0.0, 0.0, 373.6395319261966, 0.0, 0.0, 0.0, 0.0, 0.0, 107.04847219843013, 91.64895687415154, 0.0, 56.80866560831387, 0.0, 0.0, 7.72996528256778, 0.0, 13.151120929445835, 0.0, 0.0, 0.0, 0.0, 369.60371555408466, 123.87165247517846, 0.0, 41.927919315654805, 0.0, 0.0, 
311.46281209133656, 0.0, 11.374399567124383, 0.0, 8.733461284069065, 94.26029470289046, 0.0, 199.16608112067135, 0.0, 0.0, 0.0, 65.82041768307617, 1041.4059039957529, 0.0, 430.47286696169573, 0.0, 0.0, 0.0, 0.0, 17.501802589718423, 0.0, 0.0, 0.0, 0.0, 290.08307037395235, 0.0, 0.0, 10.749565702690465, 0.0, 0.0, 
0.0, 0.0, 0.0, 0.0, 0.0, 0.0, 0.0, 0.0, 0.0, 0.0, 0.0, 0.0, 0.0, 0.0, 0.0, 0.0, 0.0, 0.0, 0.0, 0.0, 0.0, 0.0, 0.0, 0.0, 0.0, 0.0, 0.0, 0.0, 0.0, 0.0, 
0.0, 0.0, 0.0, 0.0, 0.0, 0.0, 0.0, 0.0, 0.0, 0.0, 0.0, 0.0, 0.0, 0.0, 0.0, 0.0, 0.0, 0.0, 0.0, 0.0, 0.0, 0.0, 0.0, 0.0, 0.0, 0.0, 0.0, 0.0, 0.0, 0.0, 
0.0, 0.0, 0.0, 0.0, 0.0, 0.0, 0.0, 0.0, 0.0, 0.0, 0.0, 0.0, 0.0, 0.0, 0.0, 0.0, 0.0, 0.0, 0.0, 0.0, 0.0, 0.0, 0.0, 0.0, 0.0, 0.0, 0.0, 0.0, 0.0, 0.0, 
24.095602816721588, 0.0, 26.03280303024201, 0.0, 19.665341217249193, 208.7918644718922, 0.0, 401.3067614113607, 0.0, 0.0, 549.7409656808483, 0.0, 0.0, 0.0, 0.0, 0.0, 0.0, 0.0, 0.0, 0.0, 0.0, 0.0, 0.0, 0.0, 42.77411942489571, 17.678332482224814, 0.0, 18.779291013502295, 0.0, 572.9463756224935, 
0.0, 0.0, 0.0, 0.0, 0.0, 0.0, 0.0, 0.0, 0.0, 0.0, 0.0, 0.0, 0.0, 0.0, 0.0, 0.0, 0.0, 0.0, 0.0, 0.0, 0.0, 0.0, 0.0, 0.0, 0.0, 0.0, 0.0, 0.0, 0.0, 0.0, 
3.7167511729225096, 0.0, 10.517415233251624, 0.0, 3.47155505791486, 264.2103786078311, 0.0, 79.68612414150925, 0.0, 0.0, 55.28614618325644, 0.0, 0.0, 0.0, 0.0, 0.0, 0.0, 0.0, 0.0, 14.28245509351091, 0.0, 0.0, 0.0, 0.0, 48.501892035934944, 10.413829535934822, 0.0, 5.8444620241203395, 0.0, 157.81716714498944, 
0.0, 0.0, 0.0, 0.0, 0.0, 0.0, 0.0, 0.0, 0.0, 0.0, 0.0, 0.0, 0.0, 0.0, 0.0, 0.0, 0.0, 0.0, 0.0, 0.0, 0.0, 0.0, 0.0, 0.0, 0.0, 0.0, 0.0, 0.0, 0.0, 0.0, 
0.0, 0.0, 0.0, 0.0, 0.0, 0.0, 0.0, 0.0, 0.0, 0.0, 0.0, 0.0, 0.0, 0.0, 0.0, 0.0, 0.0, 0.0, 0.0, 0.0, 0.0, 0.0, 0.0, 0.0, 0.0, 0.0, 0.0, 0.0, 0.0, 0.0, 
0.0, 0.0, 0.0, 0.0, 0.0, 0.0, 0.0, 0.0, 0.0, 0.0, 0.0, 0.0, 0.0, 0.0, 0.0, 0.0, 0.0, 0.0, 0.0, 0.0, 0.0, 0.0, 0.0, 0.0, 0.0, 0.0, 0.0, 0.0, 0.0, 0.0, 
0.0, 0.0, 0.0, 0.0, 0.0, 0.0, 0.0, 0.0, 0.0, 0.0, 0.0, 0.0, 0.0, 0.0, 0.0, 0.0, 0.0, 0.0, 0.0, 0.0, 0.0, 0.0, 0.0, 0.0, 0.0, 0.0, 0.0, 0.0, 0.0, 0.0, 
7.267918400901241, 0.0, 0.0, 0.0, 0.0, 50.545715615966216, 0.0, 69.62246604412258, 49.801519864871096, 0.0, 19.280548852273572, 77.47739924135259, 0.0, 0.0, 0.0, 0.0, 0.0, 0.0, 0.0, 0.0, 0.0, 0.0, 0.0, 0.0, 255.7491001854178, 7.545639426360798, 0.0, 0.0, 0.0, 27.529528138342705, 
0.0, 0.0, 523.5468768795306, 0.0, 0.0, 71.74802194187292, 0.0, 57.40158058431412, 52.875017477435975, 0.0, 51.62834587006864, 0.0, 0.0, 0.0, 0.0, 0.0, 0.0, 0.0, 0.0, 0.0, 0.0, 0.0, 0.0, 0.0, 201.75597674305047, 4.110508850349063, 0.0, 32.19618904953209, 0.0, 100.4630199550047, 
411.5743986728483, 0.0, 0.0, 0.0, 0.0, 222.86777880762065, 0.0, 109.08547876287376, 0.0, 0.0, 105.63043760805715, 28.516605374168037, 0.0, 0.0, 0.0, 0.0, 0.0, 0.0, 0.0, 0.0, 0.0, 0.0, 0.0, 0.0, 692.9894954599887, 97.66546874427071, 0.0, 1.7403770170609705, 0.0, 144.8340970521247, 
92.01508346200679, 0.0, 329.7876462764934, 0.0, 144.43638362431886, 73.49909266700338, 0.0, 88.10675275532485, 38.63428668010756, 0.0, 30.426206383009056, 1.0822051920268088, 20.15656328491068, 0.0, 17.813297636367118, 0.0, 0.0, 0.0, 0.0, 151.03651440020232, 0.0, 0.0, 0.0, 0.0, 0.0, 0.0, 0.0, 23.899551891392832, 0.0, 0.0, 
0.0, 0.0, 0.0, 0.0, 0.0, 0.0, 0.0, 0.0, 0.0, 0.0, 0.0, 0.0, 0.0, 0.0, 0.0, 0.0, 0.0, 0.0, 0.0, 0.0, 0.0, 0.0, 0.0, 0.0, 0.0, 0.0, 0.0, 0.0, 0.0, 0.0, 
2.1203360734844883, 0.0, 2.627592944939245, 0.0, 2.5267451247512245, 3.322325022986806, 0.0, 4.908082281902964, 1036.942150995336, 0.0, 0.0, 1.3357245176406622, 0.7157131591970844, 0.0, 1.1492943315600235, 0.0, 0.0, 0.0, 0.0, 1.5675445224855968, 0.0, 0.0, 0.0, 0.0, 0.0, 0.0, 0.0, 31.455799429120635, 0.0, 2.5755375958298696, 
120.79868353075271, 0.0, 447.2846131476325, 0.0, 149.07299642093113, 251.20647118626718, 0.0, 349.8268993632848, 17.039690723623842, 0.0, 102.04831906080885, 124.32071662940409, 75.40643280337609, 0.0, 131.42022520298178, 0.0, 0.0, 95.490717423323, 0.0, 322.25784093960664, 0.0, 0.0, 0.0, 0.0, 0.0, 0.0, 0.0, 119.03677048618727, 0.0, 135.28058600063605, 
0.0, 0.0, 0.0, 0.0, 18.376707313323788, 20.53339532090377, 0.0, 105.72339595027098, 74.11455759712732, 0.0, 0.0, 10.045010148706632, 17.516222853847328, 0.0, 0.0, 0.0, 0.0, 179.97570832047816, 0.0, 31.848299321932128, 0.0, 0.0, 0.0, 0.0, 0.0, 0.0, 0.0, 0.0, 0.0, 51.46429353297851, 
10.248087572209972, 0.0, 184.11494759852607, 0.0, 0.0, 0.0, 0.0, 0.0, 86.59462564952639, 0.0, 190.98250387464466, 0.0, 0.0, 0.0, 0.0, 0.0, 0.0, 0.0, 0.0, 24.15873971103559, 0.0, 0.0, 0.0, 0.0, 430.050806400305, 0.0, 0.0, 10.77464726484087, 0.0, 524.9860336988977, 
174.9878255951551, 0.0, 27.649521531421975, 0.0, 0.0, 87.70594481665938, 0.0, 21.28043045281311, 0.0, 0.0, 0.0, 107.17971695179159, 312.46827337617464, 0.0, 43.45902096093099, 0.0, 0.0, 28.714553192323947, 0.0, 24.63992126822813, 0.0, 0.0, 0.0, 0.0, 224.63992326028654, 0.0, 0.0, 0.0, 0.0, 0.0, 
