0.0, 0.0, 0.0, 0.0, 0.0, 0.0, 0.0, 0.0, 0.0, 0.0, 0.0, 0.0, 0.0, 0.0, 0.0, 0.0, 0.0, 0.0, 0.0, 0.0, 0.0, 0.0, 0.0, 0.0, 0.0, 0.0, 0.0, 0.0, 0.0, 0.0, 
0.0, 0.0, 0.0, 0.0, 0.0, 0.0, 0.0, 5.0024637455723055E-6, 2.421832281089043E-7, 0.0, 80.6839925613641, 164.72946224444695, 295.6887150549611, 0.0, 0.0, 0.0, 0.0, 3.1334997392951623E-6, 0.0, 258.19546286892063, 0.0, 0.0, 0.0, 0.0, 20.8991127287427, 4.013513495289341E-8, 0.0, 88.8575644126556, 0.0, 3.682364081170364E-4, 
0.0, 0.0, 0.0, 0.0, 0.0, 0.0, 0.0, 0.0, 0.0, 0.0, 0.0, 0.0, 0.0, 0.0, 0.0, 0.0, 0.0, 0.0, 0.0, 0.0, 0.0, 0.0, 0.0, 0.0, 0.0, 0.0, 0.0, 0.0, 0.0, 0.0, 
0.0, 0.0, 0.0, 0.0, 0.0, 0.0, 0.0, 94.15920832744868, 2.6866732206135283E-6, 0.0, 67.79243939412413, 5.600383194465033E-4, 55.17891989268298, 0.0, 0.0, 0.0, 0.0, 2.522804296572859E-7, 0.0, 214.78628010883082, 0.0, 0.0, 0.0, 0.0, 0.0, 337.7665851259304, 0.0, 3.689128781741595E-7, 0.0, 1.7329995421277457E-6, 
0.0, 0.0, 0.0, 0.0, 0.0, 0.0, 0.0, 1.0501502620711461E-7, 1.5026584001724511E-6, 0.0, 6.1046301026483E-7, 9.95816514070213E-6, 2.2647822552780725E-5, 0.0, 38.36052473884343, 0.0, 0.0, 1.0103741191876015E-8, 0.0, 9.081152184387142E-6, 0.0, 0.0, 0.0, 0.0, 130.5505963155981, 78.71828729785885, 0.0, 0.0, 0.0, 8.630737885235041E-6, 
0.0, 0.0, 0.0, 0.0, 0.0, 0.0, 0.0, 0.0, 0.0, 0.0, 0.0, 0.0, 0.0, 0.0, 0.0, 0.0, 0.0, 0.0, 0.0, 0.0, 0.0, 0.0, 0.0, 0.0, 0.0, 0.0, 0.0, 0.0, 0.0, 0.0, 
0.0, 0.0, 0.0, 0.0, 0.0, 0.0, 0.0, 0.029610812381353973, 999.8894478336422, 0.0, 4.989699407432882E-6, 5.059295671575522E-6, 3.3923932204887425E-9, 0.0, 359.0418084515294, 0.0, 0.0, 0.0, 0.0, 0.0024335199340458865, 0.0, 0.0, 0.0, 0.0, 491.13728556260025, 112.62640701768733, 0.0, 0.2950809148951744, 0.0, 2.4964047828650596E-6, 
0.0238778841417052, 0.0, 6.677656596925414E-4, 0.0, 0.0, 0.40757593522576696, 0.0, 0.0, 78.67249760638775, 0.0, 267.07067305915757, 228.786453884431, 130.45403013220962, 0.0, 0.0, 0.0, 0.0, 6.046437245903398E-7, 0.0, 159.52908842651013, 0.0, 0.0, 0.0, 0.0, 8.273693989230944E-4, 6.95470695483861E-5, 0.0, 0.2288913964121122, 0.0, 423.6250637265191, 
341.98189537827966, 0.0, 6.18337399466805E-5, 0.0, 0.0, 0.17931865222810608, 0.0, 0.0, 0.0, 0.0, 0.0, 0.04316141560922998, 131.875717092252, 0.0, 1.2637303083390278E-4, 0.0, 0.0, 6.815685989023951E-8, 0.0, 13.63132981882433, 0.0, 0.0, 0.0, 0.0, 278.4456988166481, 212.07756900264053, 0.0, 38.195059327167264, 0.0, 0.0, 
1.7210552655725288E-6, 0.0, 189.9481097306306, 0.0, 1.9226195660123286E-6, 5.937393314686788E-8, 0.0, 4.410320175086747E-8, 0.0, 0.0, 0.0, 3.5315843367375143E-9, 969.3864904989517, 0.0, 258.83269914806573, 0.0, 0.0, 0.0, 0.0, 5.298934291699729E-7, 0.0, 0.0, 0.0, 0.0, 1108.121603461284, 0.0, 0.0, 3.719303327597429E-9, 0.0, 0.0, 
0.0, 0.0, 0.0, 0.0, 0.0, 0.0, 0.0, 0.0, 0.0, 0.0, 0.0, 0.0, 0.0, 0.0, 0.0, 0.0, 0.0, 0.0, 0.0, 0.0, 0.0, 0.0, 0.0, 0.0, 0.0, 0.0, 0.0, 0.0, 0.0, 0.0, 
0.0, 0.0, 0.0, 0.0, 0.0, 0.0, 0.0, 0.0, 0.0, 0.0, 0.0, 0.0, 0.0, 0.0, 0.0, 0.0, 0.0, 0.0, 0.0, 0.0, 0.0, 0.0, 0.0, 0.0, 0.0, 0.0, 0.0, 0.0, 0.0, 0.0, 
0.0, 0.0, 0.0, 0.0, 0.0, 0.0, 0.0, 0.0, 0.0, 0.0, 0.0, 0.0, 0.0, 0.0, 0.0, 0.0, 0.0, 0.0, 0.0, 0.0, 0.0, 0.0, 0.0, 0.0, 0.0, 0.0, 0.0, 0.0, 0.0, 0.0, 
2.413060360548351E-5, 0.0, 2.5045629919233657E-6, 0.0, 1.4311965849635934E-5, 483.1267783798502, 0.0, 550.8622487376871, 0.0, 0.0, 53.136319574462654, 0.0, 0.0, 0.0, 0.0, 0.0, 0.0, 0.0, 0.0, 0.0, 0.0, 0.0, 0.0, 0.0, 31.84511689986557, 2.168342296871792E-5, 0.0, 58.22198403169803, 0.0, 662.5087632781922, 
0.0, 0.0, 0.0, 0.0, 0.0, 0.0, 0.0, 0.0, 0.0, 0.0, 0.0, 0.0, 0.0, 0.0, 0.0, 0.0, 0.0, 0.0, 0.0, 0.0, 0.0, 0.0, 0.0, 0.0, 0.0, 0.0, 0.0, 0.0, 0.0, 0.0, 
4.5140316310429275E-7, 0.0, 8.108615765477774E-9, 0.0, 4.3001475404352127E-10, 1.973951970579617E-7, 0.0, 0.02519230650908565, 0.0, 0.0, 318.44659974044254, 0.0, 0.0, 0.0, 0.0, 0.0, 0.0, 0.0, 0.0, 3.0147474101401984E-9, 0.0, 0.0, 0.0, 0.0, 7.881814492174328E-8, 1.0571746782773062E-7, 0.0, 9.517803916484294E-7, 0.0, 231.0061809273686, 
0.0, 0.0, 0.0, 0.0, 0.0, 0.0, 0.0, 0.0, 0.0, 0.0, 0.0, 0.0, 0.0, 0.0, 0.0, 0.0, 0.0, 0.0, 0.0, 0.0, 0.0, 0.0, 0.0, 0.0, 0.0, 0.0, 0.0, 0.0, 0.0, 0.0, 
0.0, 0.0, 0.0, 0.0, 0.0, 0.0, 0.0, 0.0, 0.0, 0.0, 0.0, 0.0, 0.0, 0.0, 0.0, 0.0, 0.0, 0.0, 0.0, 0.0, 0.0, 0.0, 0.0, 0.0, 0.0, 0.0, 0.0, 0.0, 0.0, 0.0, 
0.0, 0.0, 0.0, 0.0, 0.0, 0.0, 0.0, 0.0, 0.0, 0.0, 0.0, 0.0, 0.0, 0.0, 0.0, 0.0, 0.0, 0.0, 0.0, 0.0, 0.0, 0.0, 0.0, 0.0, 0.0, 0.0, 0.0, 0.0, 0.0, 0.0, 
0.0, 0.0, 0.0, 0.0, 0.0, 0.0, 0.0, 0.0, 0.0, 0.0, 0.0, 0.0, 0.0, 0.0, 0.0, 0.0, 0.0, 0.0, 0.0, 0.0, 0.0, 0.0, 0.0, 0.0, 0.0, 0.0, 0.0, 0.0, 0.0, 0.0, 
88.67366366277538, 0.0, 0.0, 0.0, 0.0, 1.131968576936962E-6, 0.0, 0.8238812070108619, 6.26670382815921E-7, 0.0, 186.60220534166015, 0.6202757004212183, 0.0, 0.0, 0.0, 0.0, 0.0, 0.0, 0.0, 0.0, 0.0, 0.0, 0.0, 0.0, 229.0116615688672, 8.501037507470197E-7, 0.0, 0.0, 0.0, 0.19419419481209874, 
0.0, 0.0, 481.0978424481218, 0.0, 0.0, 2.371447965267792E-8, 0.0, 0.008591701078803816, 3.6192154442757987E-6, 0.0, 2.8706882258936842E-5, 0.0, 0.0, 0.0, 0.0, 0.0, 0.0, 0.0, 0.0, 0.0, 0.0, 0.0, 0.0, 0.0, 323.9242471804259, 5.234279414979789E-4, 0.0, 1.1258325733605338E-5, 0.0, 279.7191666218066, 
558.0045298345626, 0.0, 0.0, 0.0, 0.0, 943.9560959263359, 0.0, 8.5461601549452E-9, 0.0, 0.0, 4.88908300327656E-10, 2.039529847257358E-9, 0.0, 0.0, 0.0, 0.0, 0.0, 0.0, 0.0, 0.0, 0.0, 0.0, 0.0, 0.0, 356.1556091752153, 53.33917544951265, 0.0, 1.218745498361372E-7, 0.0, 5.659251736759801E-8, 
156.39694023579696, 0.0, 187.49124566351983, 0.0, 355.7151319696777, 4.028155257498755E-5, 0.0, 250.4123931238585, 3.613489922941856E-8, 0.0, 6.342026534030606E-8, 5.962877870595317E-12, 1.7350565648873225E-7, 0.0, 3.5252941291399096E-8, 0.0, 0.0, 0.0, 0.0, 3.8449852040872716E-5, 0.0, 0.0, 0.0, 0.0, 0.0, 0.0, 0.0, 4.8521344817975454E-8, 0.0, 0.0, 
0.0, 0.0, 0.0, 0.0, 0.0, 0.0, 0.0, 0.0, 0.0, 0.0, 0.0, 0.0, 0.0, 0.0, 0.0, 0.0, 0.0, 0.0, 0.0, 0.0, 0.0, 0.0, 0.0, 0.0, 0.0, 0.0, 0.0, 0.0, 0.0, 0.0, 
2.0074478956671196E-6, 0.0, 4.629421354807744E-6, 0.0, 1.2494875819039721E-8, 2.0886065352452943E-6, 0.0, 2.2126797800367905E-8, 846.4897025420107, 0.0, 0.0, 1.3626816038184447E-6, 7.866951730986925E-8, 0.0, 9.474882437720743E-7, 0.0, 0.0, 0.0, 0.0, 4.1500399743122505E-8, 0.0, 0.0, 0.0, 0.0, 0.0, 0.0, 0.0, 149.0876206846118, 0.0, 3.318992278726576E-8, 
219.11545970923336, 0.0, 555.0693454889213, 0.0, 1.1035775460789212, 78.459816920021, 0.0, 165.91290379662888, 1.9083650656452113E-6, 0.0, 1.6497202239404692E-6, 135.2975667045564, 226.3201739323761, 0.0, 152.35621833300942, 0.0, 0.0, 116.83681758080287, 0.0, 197.0970258841094, 0.0, 0.0, 0.0, 0.0, 0.0, 0.0, 0.0, 163.38349817060663, 0.0, 487.16275275312006, 
0.0, 0.0, 0.0, 0.0, 1.0865822834289104E-8, 9.138891498256173E-7, 0.0, 381.82469975723876, 1.4751730552386935E-6, 0.0, 0.0, 2.1335986523842653E-5, 4.457849067103006E-9, 0.0, 0.0, 0.0, 0.0, 155.02782973810486, 0.0, 9.219283305088162E-9, 0.0, 0.0, 0.0, 0.0, 0.0, 0.0, 0.0, 0.0, 0.0, 4.180215689703757E-9, 
4.836900516586942E-5, 0.0, 178.82437641620646, 0.0, 0.0, 0.0, 0.0, 0.0, 2.912756392376525E-9, 0.0, 520.4540739459253, 0.0, 0.0, 0.0, 0.0, 0.0, 0.0, 0.0, 0.0, 311.70770778783157, 0.0, 0.0, 0.0, 0.0, 99.74873707158812, 0.0, 0.0, 1.3302832058872698, 0.0, 0.10701440443822699, 
161.65155568437055, 0.0, 1.0082758042997904E-8, 0.0, 0.0, 412.5038027812335, 0.0, 284.8491122569644, 0.0, 0.0, 0.0, 249.50655412535846, 169.7355098472931, 0.0, 10.628288508114853, 0.0, 0.0, 99.08309138217756, 0.0, 7.818896104349441E-6, 0.0, 0.0, 0.0, 0.0, 235.53956506752493, 0.0, 0.0, 0.0, 0.0, 0.0, 
