0.0, 0.0, 0.0, 0.0, 0.0, 0.0, 0.0, 0.0, 0.0, 0.0, 0.0, 0.0, 0.0, 0.0, 0.0, 0.0, 0.0, 0.0, 0.0, 0.0, 0.0, 0.0, 0.0, 0.0, 0.0, 0.0, 0.0, 0.0, 0.0, 0.0, 
0.0, 0.0, 0.0, 0.0, 0.0, 0.0, 0.0, 2.2084228872718064E-14, 1.93451714473761E-4, 0.0, 9.577277839247425E-15, 122.52598427688605, 216.37492438970114, 0.0, 0.0, 0.0, 0.0, 9.453182960446145E-12, 0.0, 507.93818794714093, 0.0, 0.0, 0.0, 0.0, 3.6624695104634794E-11, 1.2608757587103691E-11, 0.0, 4.8149467317723285E-17, 0.0, 2.1629572062947353E-19, 
0.0, 0.0, 0.0, 0.0, 0.0, 0.0, 0.0, 0.0, 0.0, 0.0, 0.0, 0.0, 0.0, 0.0, 0.0, 0.0, 0.0, 0.0, 0.0, 0.0, 0.0, 0.0, 0.0, 0.0, 0.0, 0.0, 0.0, 0.0, 0.0, 0.0, 
0.0, 0.0, 0.0, 0.0, 0.0, 0.0, 0.0, 160.20274816174816, 3.3658500449209875E-10, 0.0, 5.8989884032022875E-9, 1.0242384852451574E-15, 2.3838135633164975E-17, 0.0, 0.0, 0.0, 0.0, 189.57505291588154, 0.0, 381.64276748302575, 0.0, 0.0, 0.0, 0.0, 0.0, 3.72234224007693E-13, 0.0, 2.1257623124595212E-16, 0.0, 4.079472148551502E-8, 
0.0, 0.0, 0.0, 0.0, 0.0, 0.0, 0.0, 5.678023783336714E-11, 6.106123579394239E-17, 0.0, 4.067908234800071E-9, 32.389807205275396, 1.0521190359126306E-15, 0.0, 114.32152932119185, 0.0, 0.0, 2.5334552911253426E-10, 0.0, 3.3151327361387367E-9, 0.0, 0.0, 0.0, 0.0, 38.159820085458534, 38.674071655556254, 0.0, 0.0, 0.0, 7.912364816759611E-12, 
0.0, 0.0, 0.0, 0.0, 0.0, 0.0, 0.0, 0.0, 0.0, 0.0, 0.0, 0.0, 0.0, 0.0, 0.0, 0.0, 0.0, 0.0, 0.0, 0.0, 0.0, 0.0, 0.0, 0.0, 0.0, 0.0, 0.0, 0.0, 0.0, 0.0, 
0.0, 0.0, 0.0, 0.0, 0.0, 0.0, 0.0, 477.70958081888125, 2.5722286435649842E-8, 0.0, 24.787117936202264, 48.21131935702133, 8.898357327275795E-8, 0.0, 535.7516636428445, 0.0, 0.0, 0.0, 0.0, 1.2644268680248763E-10, 0.0, 0.0, 0.0, 0.0, 139.1767845986981, 458.1634438151274, 0.0, 147.9255262934625, 0.0, 92.2729903460368, 
1.6403086850522765E-11, 0.0, 8.860191528857777E-12, 0.0, 0.0, 340.9581581121756, 0.0, 0.0, 304.1915470722178, 0.0, 78.71515314000258, 1.5440217884057377E-9, 438.2457836061792, 0.0, 0.0, 0.0, 0.0, 8.292693997780805E-19, 0.0, 2.4152862597330577E-13, 0.0, 0.0, 0.0, 0.0, 1.0738547939960073E-16, 5.571872857982164E-14, 0.0, 1.822080847502317E-12, 0.0, 149.78074631922314, 
707.428463000677, 0.0, 4.505883853262391E-10, 0.0, 0.0, 114.9543577867583, 0.0, 0.0, 0.0, 0.0, 0.0, 1.3477431068440003E-20, 2.02615047157209E-16, 0.0, 97.66962265703657, 0.0, 0.0, 4.5575394649950236E-10, 0.0, 6.56879007835919E-8, 0.0, 0.0, 0.0, 0.0, 1.8804373297115042E-16, 1.0950423436714258E-13, 0.0, 6.012898239726231E-8, 0.0, 0.0, 
9.063912062176114E-10, 0.0, 8.176792527278063E-13, 0.0, 7.93701897656599E-19, 1.8937697371346282E-13, 0.0, 4.038518989661284E-13, 0.0, 0.0, 0.0, 8.871706564563851E-10, 1000.9111541252597, 0.0, 1.3697909552542098E-4, 0.0, 0.0, 0.0, 0.0, 5.234961933441216E-13, 0.0, 0.0, 0.0, 0.0, 1474.1592373990989, 0.0, 0.0, 1.4661965674683229E-13, 0.0, 0.0, 
0.0, 0.0, 0.0, 0.0, 0.0, 0.0, 0.0, 0.0, 0.0, 0.0, 0.0, 0.0, 0.0, 0.0, 0.0, 0.0, 0.0, 0.0, 0.0, 0.0, 0.0, 0.0, 0.0, 0.0, 0.0, 0.0, 0.0, 0.0, 0.0, 0.0, 
0.0, 0.0, 0.0, 0.0, 0.0, 0.0, 0.0, 0.0, 0.0, 0.0, 0.0, 0.0, 0.0, 0.0, 0.0, 0.0, 0.0, 0.0, 0.0, 0.0, 0.0, 0.0, 0.0, 0.0, 0.0, 0.0, 0.0, 0.0, 0.0, 0.0, 
0.0, 0.0, 0.0, 0.0, 0.0, 0.0, 0.0, 0.0, 0.0, 0.0, 0.0, 0.0, 0.0, 0.0, 0.0, 0.0, 0.0, 0.0, 0.0, 0.0, 0.0, 0.0, 0.0, 0.0, 0.0, 0.0, 0.0, 0.0, 0.0, 0.0, 
5.769635583392486E-11, 0.0, 9.432075991272957E-14, 0.0, 4.2329462827057714E-10, 5.602750311219137E-15, 0.0, 409.90230786700585, 0.0, 0.0, 1384.307372471119, 0.0, 0.0, 0.0, 0.0, 0.0, 0.0, 0.0, 0.0, 0.0, 0.0, 0.0, 0.0, 0.0, 54.81936192001338, 1.8785111495906608E-14, 0.0, 4.134947095264886E-10, 0.0, 2.214410898557747E-13, 
0.0, 0.0, 0.0, 0.0, 0.0, 0.0, 0.0, 0.0, 0.0, 0.0, 0.0, 0.0, 0.0, 0.0, 0.0, 0.0, 0.0, 0.0, 0.0, 0.0, 0.0, 0.0, 0.0, 0.0, 0.0, 0.0, 0.0, 0.0, 0.0, 0.0, 
4.94579936065921E-15, 0.0, 4.1465826159870115E-9, 0.0, 5.101871256294233E-16, 449.4059374902147, 0.0, 3.5325590998857425E-9, 0.0, 0.0, 4.343306344843174E-14, 0.0, 0.0, 0.0, 0.0, 0.0, 0.0, 0.0, 0.0, 5.322434928030912E-13, 0.0, 0.0, 0.0, 0.0, 3.6642357877338224E-15, 4.269159028860921E-14, 0.0, 4.2401291872388196E-13, 0.0, 408.381922768751, 
0.0, 0.0, 0.0, 0.0, 0.0, 0.0, 0.0, 0.0, 0.0, 0.0, 0.0, 0.0, 0.0, 0.0, 0.0, 0.0, 0.0, 0.0, 0.0, 0.0, 0.0, 0.0, 0.0, 0.0, 0.0, 0.0, 0.0, 0.0, 0.0, 0.0, 
0.0, 0.0, 0.0, 0.0, 0.0, 0.0, 0.0, 0.0, 0.0, 0.0, 0.0, 0.0, 0.0, 0.0, 0.0, 0.0, 0.0, 0.0, 0.0, 0.0, 0.0, 0.0, 0.0, 0.0, 0.0, 0.0, 0.0, 0.0, 0.0, 0.0, 
0.0, 0.0, 0.0, 0.0, 0.0, 0.0, 0.0, 0.0, 0.0, 0.0, 0.0, 0.0, 0.0, 0.0, 0.0, 0.0, 0.0, 0.0, 0.0, 0.0, 0.0, 0.0, 0.0, 0.0, 0.0, 0.0, 0.0, 0.0, 0.0, 0.0, 
0.0, 0.0, 0.0, 0.0, 0.0, 0.0, 0.0, 0.0, 0.0, 0.0, 0.0, 0.0, 0.0, 0.0, 0.0, 0.0, 0.0, 0.0, 0.0, 0.0, 0.0, 0.0, 0.0, 0.0, 0.0, 0.0, 0.0, 0.0, 0.0, 0.0, 
1.7573611538825673E-15, 0.0, 0.0, 0.0, 0.0, 221.21908064192567, 0.0, 9.242497876279968E-9, 1.1301217456099485E-11, 0.0, 9.975746991468626E-10, 6.009452362193449E-13, 0.0, 0.0, 0.0, 0.0, 0.0, 0.0, 0.0, 0.0, 0.0, 0.0, 0.0, 0.0, 2.411616947416964E-10, 1.5537521223311588E-20, 0.0, 0.0, 0.0, 289.2116309560882, 
0.0, 0.0, 2.1333687931948336E-10, 0.0, 0.0, 208.5612624018138, 0.0, 1.685175538378461E-9, 366.13574761894677, 0.0, 36.43840719116498, 0.0, 0.0, 0.0, 0.0, 0.0, 0.0, 0.0, 0.0, 0.0, 0.0, 0.0, 0.0, 0.0, 413.7523629917656, 4.222577322376512E-15, 0.0, 49.13744979123331, 0.0, 5.058277483268775E-16, 
706.5600668752736, 0.0, 0.0, 0.0, 0.0, 88.73195264720755, 0.0, 373.6645559895516, 0.0, 0.0, 7.45279962815779E-17, 1.1131064747971613E-10, 0.0, 0.0, 0.0, 0.0, 0.0, 0.0, 0.0, 0.0, 0.0, 0.0, 0.0, 0.0, 456.9561868230599, 255.4069445345428, 0.0, 1.5659771290362209E-9, 0.0, 1.3083713220063407E-8, 
2.1121199384425566E-12, 0.0, 604.2120749758086, 0.0, 197.35873461421997, 8.142865524036385E-16, 0.0, 8.071805413405772E-10, 67.87325500547044, 0.0, 4.955593919512913E-17, 1.3434906950317866E-12, 118.46016837723087, 0.0, 80.58547938090764, 0.0, 0.0, 0.0, 0.0, 3.8745376276035815E-15, 0.0, 0.0, 0.0, 0.0, 0.0, 0.0, 0.0, 2.0804317502216537E-14, 0.0, 0.0, 
0.0, 0.0, 0.0, 0.0, 0.0, 0.0, 0.0, 0.0, 0.0, 0.0, 0.0, 0.0, 0.0, 0.0, 0.0, 0.0, 0.0, 0.0, 0.0, 0.0, 0.0, 0.0, 0.0, 0.0, 0.0, 0.0, 0.0, 0.0, 0.0, 0.0, 
5.918201194352326E-13, 0.0, 2.895608465273332E-12, 0.0, 2.4601507390448424E-12, 1.0222684875570724E-12, 0.0, 2.7701821594414705E-24, 1099.2790455355562, 0.0, 0.0, 3.062280170469246E-16, 3.37342023944287E-14, 0.0, 8.437304730573329E-13, 0.0, 0.0, 0.0, 0.0, 2.475276063452352E-14, 0.0, 0.0, 0.0, 0.0, 0.0, 0.0, 0.0, 1.1640126424570616E-16, 0.0, 6.967983278255086E-11, 
7.248657620604009E-7, 0.0, 415.0949755745807, 0.0, 231.63857427904264, 294.7789499294279, 0.0, 346.2080266436026, 2.0968763987088936E-12, 0.0, 1.3294152024758355E-7, 538.1686631219195, 1.940084784702526E-14, 0.0, 1.8359998058498768E-19, 0.0, 0.0, 1.0331098080132224E-10, 0.0, 335.2457063418999, 0.0, 0.0, 0.0, 0.0, 0.0, 0.0, 0.0, 263.9167948435441, 0.0, 3.936812381980428E-19, 
0.0, 0.0, 0.0, 0.0, 2.060775910878931E-10, 2.8159214431079348E-12, 0.0, 1.0773723740327747E-17, 59.62820223207905, 0.0, 0.0, 57.27295929889917, 241.309175854108, 0.0, 0.0, 0.0, 0.0, 146.63071004745836, 0.0, 1.224401202887613E-12, 0.0, 0.0, 0.0, 0.0, 0.0, 0.0, 0.0, 0.0, 0.0, 22.308555732276616, 
1.648212730285495E-21, 0.0, 548.12592055908, 0.0, 0.0, 0.0, 0.0, 0.0, 5.2753804857824123E-11, 0.0, 3.1290048172963862E-12, 0.0, 0.0, 0.0, 0.0, 0.0, 0.0, 0.0, 0.0, 3.4296342505588114E-9, 0.0, 0.0, 0.0, 0.0, 439.9831477900049, 0.0, 0.0, 2.3249706028358413E-11, 0.0, 1.7503843475462354E-15, 
43.97335047884673, 0.0, 1.6226660913386655E-12, 0.0, 0.0, 180.02342776866982, 0.0, 5.375834200256539E-19, 0.0, 0.0, 0.0, 1.0327942197822444E-14, 1.3407821425477793E-11, 0.0, 5.247568411005185E-12, 0.0, 0.0, 1.9182720603932882E-10, 0.0, 8.016082880374222E-16, 0.0, 0.0, 0.0, 0.0, 383.18191370595656, 0.0, 0.0, 0.0, 0.0, 0.0, 
