0.0, 0.0, 0.0, 0.0, 0.0, 0.0, 0.0, 0.0, 0.0, 0.0, 0.0, 0.0, 0.0, 0.0, 0.0, 0.0, 0.0, 0.0, 0.0, 0.0, 0.0, 0.0, 0.0, 0.0, 0.0, 0.0, 0.0, 0.0, 0.0, 0.0, 
0.0, 0.0, 0.0, 0.0, 0.0, 0.0, 0.0, 5.504717076636987E-4, 71.13903263816432, 0.0, 35.68442700321011, 48.35538778480277, 71.27277708697612, 0.0, 0.0, 0.0, 0.0, 0.0019219853363381069, 0.0, 250.72227295584202, 0.0, 0.0, 0.0, 0.0, 7.871460699666543E-4, 2.766518983063683E-4, 0.0, 98.93731118084652, 0.0, 293.62979706207034, 
0.0, 0.0, 0.0, 0.0, 0.0, 0.0, 0.0, 0.0, 0.0, 0.0, 0.0, 0.0, 0.0, 0.0, 0.0, 0.0, 0.0, 0.0, 0.0, 0.0, 0.0, 0.0, 0.0, 0.0, 0.0, 0.0, 0.0, 0.0, 0.0, 0.0, 
0.0, 0.0, 0.0, 0.0, 0.0, 0.0, 0.0, 95.76220106578553, 0.01667756120910826, 0.0, 0.0027449460713301157, 0.0075874663206165465, 0.0046640110898275855, 0.0, 0.0, 0.0, 0.0, 58.28632077164678, 0.0, 364.78979462113756, 0.0, 0.0, 0.0, 0.0, 0.0, 214.07388040568952, 0.0, 1.9003404680879914E-4, 0.0, 6.374523243343127E-4, 
0.0, 0.0, 0.0, 0.0, 0.0, 0.0, 0.0, 38.92484747416001, 0.008051257430901364, 0.0, 0.007572179727723862, 0.005723445888750041, 0.023458146079709787, 0.0, 0.0020266605471783387, 0.0, 0.0, 2.9463639922309347E-4, 0.0, 0.017275235284082254, 0.0, 0.0, 0.0, 0.0, 186.45312672915327, 0.006806587316054272, 0.0, 0.0, 0.0, 0.006595645220037631, 
0.0, 0.0, 0.0, 0.0, 0.0, 0.0, 0.0, 0.0, 0.0, 0.0, 0.0, 0.0, 0.0, 0.0, 0.0, 0.0, 0.0, 0.0, 0.0, 0.0, 0.0, 0.0, 0.0, 0.0, 0.0, 0.0, 0.0, 0.0, 0.0, 0.0, 
0.0, 0.0, 0.0, 0.0, 0.0, 0.0, 0.0, 249.18226355076627, 296.24608411686705, 0.0, 11.001291815733923, 19.49430926765093, 106.38929149045352, 0.0, 10.712653645475726, 0.0, 0.0, 0.0, 0.0, 96.97210322295572, 0.0, 0.0, 0.0, 0.0, 540.1454215100716, 282.66890340040084, 0.0, 126.1531920426951, 0.0, 188.18100859241832, 
0.0048275730960589125, 0.0, 5.189275914212758E-4, 0.0, 0.0, 26.610782052775836, 0.0, 0.0, 131.35990204296925, 0.0, 72.02201525326159, 127.5391833781744, 203.35012828376148, 0.0, 0.0, 0.0, 0.0, 0.0014186198213013233, 0.0, 0.04582724371478877, 0.0, 0.0, 0.0, 0.0, 0.013388324035355462, 7.495956651379121E-4, 0.0, 0.006896210004026905, 0.0, 743.5692051898584, 
421.0589471023242, 0.0, 2.8228222740922E-4, 0.0, 0.0, 179.54737352064814, 0.0, 0.0, 0.0, 0.0, 0.0, 223.04482184598282, 89.46582728262362, 0.0, 40.01702890452318, 0.0, 0.0, 3.7375923520931365E-4, 0.0, 0.19121585899705942, 0.0, 0.0, 0.0, 0.0, 297.0847492378996, 116.68151804538277, 0.0, 22.607110038194904, 0.0, 0.0, 
292.4065873663035, 0.0, 5.93884939979872E-4, 0.0, 3.904421192107238E-4, 250.1175974561543, 0.0, 102.41233125173132, 0.0, 0.0, 0.0, 38.032221909662994, 1016.138850478629, 0.0, 518.6997659259822, 0.0, 0.0, 0.0, 0.0, 0.011745415792865947, 0.0, 0.0, 0.0, 0.0, 233.76498669070787, 0.0, 0.0, 0.0, 0.0, 0.0, 
0.0, 0.0, 0.0, 0.0, 0.0, 0.0, 0.0, 0.0, 0.0, 0.0, 0.0, 0.0, 0.0, 0.0, 0.0, 0.0, 0.0, 0.0, 0.0, 0.0, 0.0, 0.0, 0.0, 0.0, 0.0, 0.0, 0.0, 0.0, 0.0, 0.0, 
0.0, 0.0, 0.0, 0.0, 0.0, 0.0, 0.0, 0.0, 0.0, 0.0, 0.0, 0.0, 0.0, 0.0, 0.0, 0.0, 0.0, 0.0, 0.0, 0.0, 0.0, 0.0, 0.0, 0.0, 0.0, 0.0, 0.0, 0.0, 0.0, 0.0, 
0.0, 0.0, 0.0, 0.0, 0.0, 0.0, 0.0, 0.0, 0.0, 0.0, 0.0, 0.0, 0.0, 0.0, 0.0, 0.0, 0.0, 0.0, 0.0, 0.0, 0.0, 0.0, 0.0, 0.0, 0.0, 0.0, 0.0, 0.0, 0.0, 0.0, 
5.36466429328294E-4, 0.0, 7.279430618557018E-5, 0.0, 8.102840127385458E-4, 453.93051411773064, 0.0, 797.3179901513837, 0.0, 0.0, 130.9623490272048, 0.0, 0.0, 0.0, 0.0, 0.0, 0.0, 0.0, 0.0, 0.0, 0.0, 0.0, 0.0, 0.0, 65.52013126828555, 0.0012852134296235036, 0.0, 0.008565440797558277, 0.0, 400.87235618957925, 
0.0, 0.0, 0.0, 0.0, 0.0, 0.0, 0.0, 0.0, 0.0, 0.0, 0.0, 0.0, 0.0, 0.0, 0.0, 0.0, 0.0, 0.0, 0.0, 0.0, 0.0, 0.0, 0.0, 0.0, 0.0, 0.0, 0.0, 0.0, 0.0, 0.0, 
4.165708094348406E-4, 0.0, 1.5825510185295063E-4, 0.0, 3.3865951095508206E-4, 239.0261782037598, 0.0, 3.2234625866085516, 0.0, 0.0, 133.15643346068757, 0.0, 0.0, 0.0, 0.0, 0.0, 0.0, 0.0, 0.0, 0.0028072770240373155, 0.0, 0.0, 0.0, 0.0, 57.755378220892844, 5.414455159711275E-4, 0.0, 5.007200266977653E-4, 0.0, 138.35514119019135, 
0.0, 0.0, 0.0, 0.0, 0.0, 0.0, 0.0, 0.0, 0.0, 0.0, 0.0, 0.0, 0.0, 0.0, 0.0, 0.0, 0.0, 0.0, 0.0, 0.0, 0.0, 0.0, 0.0, 0.0, 0.0, 0.0, 0.0, 0.0, 0.0, 0.0, 
0.0, 0.0, 0.0, 0.0, 0.0, 0.0, 0.0, 0.0, 0.0, 0.0, 0.0, 0.0, 0.0, 0.0, 0.0, 0.0, 0.0, 0.0, 0.0, 0.0, 0.0, 0.0, 0.0, 0.0, 0.0, 0.0, 0.0, 0.0, 0.0, 0.0, 
0.0, 0.0, 0.0, 0.0, 0.0, 0.0, 0.0, 0.0, 0.0, 0.0, 0.0, 0.0, 0.0, 0.0, 0.0, 0.0, 0.0, 0.0, 0.0, 0.0, 0.0, 0.0, 0.0, 0.0, 0.0, 0.0, 0.0, 0.0, 0.0, 0.0, 
0.0, 0.0, 0.0, 0.0, 0.0, 0.0, 0.0, 0.0, 0.0, 0.0, 0.0, 0.0, 0.0, 0.0, 0.0, 0.0, 0.0, 0.0, 0.0, 0.0, 0.0, 0.0, 0.0, 0.0, 0.0, 0.0, 0.0, 0.0, 0.0, 0.0, 
0.0014885487065835175, 0.0, 0.0, 0.0, 0.0, 73.66391830813569, 0.0, 0.010315813799399576, 13.118032527557345, 0.0, 98.71627996911273, 52.347534358351574, 0.0, 0.0, 0.0, 0.0, 0.0, 0.0, 0.0, 0.0, 0.0, 0.0, 0.0, 0.0, 274.73336281052167, 5.457074345144776E-4, 0.0, 0.0, 0.0, 0.024262707333176453, 
0.0, 0.0, 468.4873974763018, 0.0, 0.0, 112.53612018208662, 0.0, 101.77871840716037, 99.90931769709941, 0.0, 49.697538849032505, 0.0, 0.0, 0.0, 0.0, 0.0, 0.0, 0.0, 0.0, 0.0, 0.0, 0.0, 0.0, 0.0, 49.369899072419884, 5.829800011139802E-4, 0.0, 6.898469517996177E-4, 0.0, 175.2068007239766, 
178.50418974593114, 0.0, 0.0, 0.0, 0.0, 156.23677832189577, 0.0, 95.38323736102565, 0.0, 0.0, 0.06248906808491984, 52.15149871651834, 0.0, 0.0, 0.0, 0.0, 0.0, 0.0, 0.0, 0.0, 0.0, 0.0, 0.0, 0.0, 933.7020179382756, 183.7416954495454, 0.0, 0.0011173970985607175, 0.0, 258.6260131568371, 
74.89695579754894, 0.0, 269.5273388792939, 0.0, 362.9009614728654, 107.64777151160717, 0.0, 41.08279026761523, 0.0037398847598894692, 0.0, 0.007621728446985701, 0.013904701019991604, 89.48099649959208, 0.0, 9.834256456986665, 0.0, 0.0, 0.0, 0.0, 102.65455118919654, 0.0, 0.0, 0.0, 0.0, 0.0, 0.0, 0.0, 0.002028245638495584, 0.0, 0.0, 
0.0, 0.0, 0.0, 0.0, 0.0, 0.0, 0.0, 0.0, 0.0, 0.0, 0.0, 0.0, 0.0, 0.0, 0.0, 0.0, 0.0, 0.0, 0.0, 0.0, 0.0, 0.0, 0.0, 0.0, 0.0, 0.0, 0.0, 0.0, 0.0, 0.0, 
1.792986340248439E-5, 0.0, 3.423239081192214E-5, 0.0, 2.5689072106380455E-4, 5.3157168916353764E-5, 0.0, 2.9450320085526373E-5, 1114.6817937876742, 0.0, 0.0, 1.491731312897191E-4, 9.713872792525403E-5, 0.0, 1.2473183414722733E-4, 0.0, 0.0, 0.0, 0.0, 2.223403557664303E-5, 0.0, 0.0, 0.0, 0.0, 0.0, 0.0, 0.0, 0.0013191497570169618, 0.0, 7.243268419848797E-5, 
146.66840017573048, 0.0, 492.91190105159706, 0.0, 163.257374284914, 144.40177332462542, 0.0, 96.31622181770193, 14.477098308504543, 0.0, 569.3343004785859, 0.004150011872996911, 118.8869998111243, 0.0, 120.91761832158154, 0.0, 0.0, 0.005208192261865098, 0.0, 372.3844724233883, 0.0, 0.0, 0.0, 0.0, 0.0, 0.0, 0.0, 210.50780274809392, 0.0, 0.005084420397258791, 
0.0, 0.0, 0.0, 0.0, 1.0367609462745432E-4, 4.982215493460034E-4, 0.0, 113.36005882661475, 92.69091675589016, 0.0, 0.0, 0.12814593903326227, 43.20996768679401, 0.0, 0.0, 0.0, 0.0, 203.05055021129473, 0.0, 0.005202861366240029, 0.0, 0.0, 0.0, 0.0, 0.0, 0.0, 0.0, 0.0, 0.0, 55.46300989203955, 
4.1712329903663176E-4, 0.0, 344.960777024578, 0.0, 0.0, 0.0, 0.0, 0.0, 57.94644010929004, 0.0, 394.8027039059106, 0.0, 0.0, 0.0, 0.0, 0.0, 0.0, 0.0, 0.0, 52.37676503965045, 0.0, 0.0, 0.0, 0.0, 320.8720401950551, 0.0, 0.0, 0.0020244423762233246, 0.0, 1.4808323806317275E12, 
403.71921177342375, 0.0, 2.574601588093159E-4, 0.0, 0.0, 155.53455834061455, 0.0, 22.599099648522117, 0.0, 0.0, 0.0, 210.7459637343039, 309.20272994501875, 0.0, 121.19989928968666, 0.0, 0.0, 0.0011143203883529163, 0.0, 0.016230628590948405, 0.0, 0.0, 0.0, 0.0, 472.7089852661442, 0.0, 0.0, 0.0, 0.0, 0.0, 
