0.0, 0.0, 0.0, 0.0, 0.0, 0.0, 0.0, 0.0, 0.0, 0.0, 0.0, 0.0, 0.0, 0.0, 0.0, 0.0, 0.0, 0.0, 0.0, 0.0, 0.0, 0.0, 0.0, 0.0, 0.0, 0.0, 0.0, 0.0, 0.0, 0.0, 
0.0, 0.0, 0.0, 0.0, 0.0, 0.0, 0.0, 12.894917569523427, 81.87135149833604, 0.0, 95.60663596014437, 69.53047427211499, 171.44610600715964, 0.0, 0.0, 0.0, 0.0, 8.21299701599228, 0.0, 218.96066407860738, 0.0, 0.0, 0.0, 0.0, 4.719090262069367, 1.3857971403862006, 0.0, 83.0757878749215, 0.0, 126.55652114192047, 
0.0, 0.0, 0.0, 0.0, 0.0, 0.0, 0.0, 0.0, 0.0, 0.0, 0.0, 0.0, 0.0, 0.0, 0.0, 0.0, 0.0, 0.0, 0.0, 0.0, 0.0, 0.0, 0.0, 0.0, 0.0, 0.0, 0.0, 0.0, 0.0, 0.0, 
0.0, 0.0, 0.0, 0.0, 0.0, 0.0, 0.0, 21.45031261386373, 18.26926216149444, 0.0, 9.612360979847534, 3.7581977155778423, 3.0728775191491353, 0.0, 0.0, 0.0, 0.0, 79.98105326377072, 0.0, 210.12081705031025, 0.0, 0.0, 0.0, 0.0, 0.0, 294.88119138857206, 0.0, 7.053283439495107, 0.0, 51.835362362296635, 
0.0, 0.0, 0.0, 0.0, 0.0, 0.0, 0.0, 53.15003478989824, 26.414068390101164, 0.0, 14.370888258651846, 13.535321967459556, 11.662142866696815, 0.0, 36.405374785491134, 0.0, 0.0, 5.6775659401523715, 0.0, 19.62628163409736, 0.0, 0.0, 0.0, 0.0, 55.26900563613163, 22.96256191731566, 0.0, 0.0, 0.0, 5.418937795704463, 
0.0, 0.0, 0.0, 0.0, 0.0, 0.0, 0.0, 0.0, 0.0, 0.0, 0.0, 0.0, 0.0, 0.0, 0.0, 0.0, 0.0, 0.0, 0.0, 0.0, 0.0, 0.0, 0.0, 0.0, 0.0, 0.0, 0.0, 0.0, 0.0, 0.0, 
0.0, 0.0, 0.0, 0.0, 0.0, 0.0, 0.0, 150.6930824449908, 127.65836681705295, 0.0, 114.48592962361299, 60.479776761344425, 117.47881709974082, 0.0, 168.21201913815938, 0.0, 0.0, 0.0, 0.0, 128.2036219111261, 0.0, 0.0, 0.0, 0.0, 797.4154552003937, 187.91132892851633, 0.0, 41.756330467069326, 0.0, 32.70116576193263, 
15.045773802872477, 0.0, 3.158911553707968, 0.0, 0.0, 57.33772934760913, 0.0, 0.0, 262.87837449558987, 0.0, 144.3217635355686, 95.10161930022248, 202.1519295759936, 0.0, 0.0, 0.0, 0.0, 4.527862681489245, 0.0, 38.1008206378979, 0.0, 0.0, 0.0, 0.0, 15.626023365941736, 16.392262421229674, 0.0, 23.3297289033572, 0.0, 435.4081772834347, 
286.3299578150792, 0.0, 15.338957782128677, 0.0, 0.0, 358.34309927706835, 0.0, 0.0, 0.0, 0.0, 0.0, 122.76930163271453, 68.09443359475097, 0.0, 41.051279052138334, 0.0, 0.0, 2.006924014219992, 0.0, 4.435868385115336, 0.0, 0.0, 0.0, 0.0, 503.9359431369405, 131.55978047861655, 0.0, 28.318088756547453, 0.0, 0.0, 
303.75023535482677, 0.0, 0.8284167421886117, 0.0, 22.459041953914564, 148.98446481773738, 0.0, 100.4680796220189, 0.0, 0.0, 0.0, 122.08469911659336, 1039.7764053299768, 0.0, 329.45308242788536, 0.0, 0.0, 0.0, 0.0, 37.39097561091565, 0.0, 0.0, 0.0, 0.0, 324.7199310472466, 0.0, 0.0, 16.818787880148633, 0.0, 0.0, 
0.0, 0.0, 0.0, 0.0, 0.0, 0.0, 0.0, 0.0, 0.0, 0.0, 0.0, 0.0, 0.0, 0.0, 0.0, 0.0, 0.0, 0.0, 0.0, 0.0, 0.0, 0.0, 0.0, 0.0, 0.0, 0.0, 0.0, 0.0, 0.0, 0.0, 
0.0, 0.0, 0.0, 0.0, 0.0, 0.0, 0.0, 0.0, 0.0, 0.0, 0.0, 0.0, 0.0, 0.0, 0.0, 0.0, 0.0, 0.0, 0.0, 0.0, 0.0, 0.0, 0.0, 0.0, 0.0, 0.0, 0.0, 0.0, 0.0, 0.0, 
0.0, 0.0, 0.0, 0.0, 0.0, 0.0, 0.0, 0.0, 0.0, 0.0, 0.0, 0.0, 0.0, 0.0, 0.0, 0.0, 0.0, 0.0, 0.0, 0.0, 0.0, 0.0, 0.0, 0.0, 0.0, 0.0, 0.0, 0.0, 0.0, 0.0, 
5.077753208499874, 0.0, 21.04508308840076, 0.0, 35.166863351409255, 353.77181439983633, 0.0, 614.2731477258725, 0.0, 0.0, 356.8221470573143, 0.0, 0.0, 0.0, 0.0, 0.0, 0.0, 0.0, 0.0, 0.0, 0.0, 0.0, 0.0, 0.0, 79.64757714796605, 2.2119650262812915, 0.0, 7.3605559531710565, 0.0, 398.95003012478776, 
0.0, 0.0, 0.0, 0.0, 0.0, 0.0, 0.0, 0.0, 0.0, 0.0, 0.0, 0.0, 0.0, 0.0, 0.0, 0.0, 0.0, 0.0, 0.0, 0.0, 0.0, 0.0, 0.0, 0.0, 0.0, 0.0, 0.0, 0.0, 0.0, 0.0, 
7.9809414487958685, 0.0, 3.7056242235464456, 0.0, 7.776032829662523, 188.51877986470362, 0.0, 75.71988885088156, 0.0, 0.0, 215.40653534154634, 0.0, 0.0, 0.0, 0.0, 0.0, 0.0, 0.0, 0.0, 9.0291408739558, 0.0, 0.0, 0.0, 0.0, 42.71788505348166, 3.2313250279126144, 0.0, 4.728396197077545, 0.0, 71.24941348878411, 
0.0, 0.0, 0.0, 0.0, 0.0, 0.0, 0.0, 0.0, 0.0, 0.0, 0.0, 0.0, 0.0, 0.0, 0.0, 0.0, 0.0, 0.0, 0.0, 0.0, 0.0, 0.0, 0.0, 0.0, 0.0, 0.0, 0.0, 0.0, 0.0, 0.0, 
0.0, 0.0, 0.0, 0.0, 0.0, 0.0, 0.0, 0.0, 0.0, 0.0, 0.0, 0.0, 0.0, 0.0, 0.0, 0.0, 0.0, 0.0, 0.0, 0.0, 0.0, 0.0, 0.0, 0.0, 0.0, 0.0, 0.0, 0.0, 0.0, 0.0, 
0.0, 0.0, 0.0, 0.0, 0.0, 0.0, 0.0, 0.0, 0.0, 0.0, 0.0, 0.0, 0.0, 0.0, 0.0, 0.0, 0.0, 0.0, 0.0, 0.0, 0.0, 0.0, 0.0, 0.0, 0.0, 0.0, 0.0, 0.0, 0.0, 0.0, 
0.0, 0.0, 0.0, 0.0, 0.0, 0.0, 0.0, 0.0, 0.0, 0.0, 0.0, 0.0, 0.0, 0.0, 0.0, 0.0, 0.0, 0.0, 0.0, 0.0, 0.0, 0.0, 0.0, 0.0, 0.0, 0.0, 0.0, 0.0, 0.0, 0.0, 
4.295576736827375, 0.0, 0.0, 0.0, 0.0, 78.78160827570177, 0.0, 17.122027173430617, 16.202672433717712, 0.0, 107.33859304839874, 26.68403455210804, 0.0, 0.0, 0.0, 0.0, 0.0, 0.0, 0.0, 0.0, 0.0, 0.0, 0.0, 0.0, 147.70699864626198, 1.4226279909776054, 0.0, 0.0, 0.0, 60.26635246773206, 
0.0, 0.0, 461.3706499946272, 0.0, 0.0, 162.87569133429113, 0.0, 93.03737261752318, 78.00993597760318, 0.0, 12.90321974032029, 0.0, 0.0, 0.0, 0.0, 0.0, 0.0, 0.0, 0.0, 0.0, 0.0, 0.0, 0.0, 0.0, 173.86362233361962, 2.500019138812394, 0.0, 9.621607384406392, 0.0, 107.96294389694668, 
430.34143027544116, 0.0, 0.0, 0.0, 0.0, 150.43038345696118, 0.0, 109.26345431798138, 0.0, 0.0, 82.17623797950807, 64.25301027888051, 0.0, 0.0, 0.0, 0.0, 0.0, 0.0, 0.0, 0.0, 0.0, 0.0, 0.0, 0.0, 680.919049152804, 110.63246414919413, 0.0, 31.715738376046314, 0.0, 195.0522748918874, 
59.15247835806451, 0.0, 352.11774369156706, 0.0, 225.51998352856495, 10.198054063880027, 0.0, 65.28361781574371, 5.008442144555699, 0.0, 18.067133456706657, 6.293572140419994, 114.83921842067751, 0.0, 21.72185073158361, 0.0, 0.0, 0.0, 0.0, 146.53644051163045, 0.0, 0.0, 0.0, 0.0, 0.0, 0.0, 0.0, 3.6210832353203317, 0.0, 0.0, 
0.0, 0.0, 0.0, 0.0, 0.0, 0.0, 0.0, 0.0, 0.0, 0.0, 0.0, 0.0, 0.0, 0.0, 0.0, 0.0, 0.0, 0.0, 0.0, 0.0, 0.0, 0.0, 0.0, 0.0, 0.0, 0.0, 0.0, 0.0, 0.0, 0.0, 
0.40299473680026965, 0.0, 0.72286210330384, 0.0, 1.1229924940590426, 1.0048718036012492, 0.0, 1.8987767763252195, 1054.8866324137352, 0.0, 0.0, 0.26641468145518155, 0.4994963358177065, 0.0, 0.9591314857912215, 0.0, 0.0, 0.0, 0.0, 0.33987477521275744, 0.0, 0.0, 0.0, 0.0, 0.0, 0.0, 0.0, 44.277860543301244, 0.0, 0.26122595541908733, 
117.0974591275544, 0.0, 500.4299644693226, 0.0, 141.4633652224718, 210.95183651044454, 0.0, 250.91426653752723, 52.93959424058481, 0.0, 94.20411141302868, 65.67805606471671, 112.30718177316152, 0.0, 148.16373737415358, 0.0, 0.0, 15.322967969387856, 0.0, 394.32436479188516, 0.0, 0.0, 0.0, 0.0, 0.0, 0.0, 0.0, 163.814717216423, 0.0, 175.00309838904178, 
0.0, 0.0, 0.0, 0.0, 1.9570226586751447, 9.801119856434543, 0.0, 38.402101162155134, 85.16900921367989, 0.0, 0.0, 60.08789674862331, 52.81947050961262, 0.0, 0.0, 0.0, 0.0, 210.76450217312816, 0.0, 6.617156630884181, 0.0, 0.0, 0.0, 0.0, 0.0, 0.0, 0.0, 0.0, 0.0, 37.10052623852154, 
5.596269800209959, 0.0, 179.81788547678462, 0.0, 0.0, 0.0, 0.0, 0.0, 92.38556831471345, 0.0, 218.53960406907248, 0.0, 0.0, 0.0, 0.0, 0.0, 0.0, 0.0, 0.0, 0.3155612609837362, 0.0, 0.0, 0.0, 0.0, 440.1874028275024, 0.0, 0.0, 17.98659206904189, 0.0, 804.9885027331997, 
239.70161878794354, 0.0, 5.32605025189674, 0.0, 0.0, 138.59740535615467, 0.0, 115.9999246720177, 0.0, 0.0, 0.0, 61.361732676987344, 199.38266547800438, 0.0, 66.93565446858074, 0.0, 0.0, 9.54172539353176, 0.0, 37.18564937598842, 0.0, 0.0, 0.0, 0.0, 131.51603094519675, 0.0, 0.0, 0.0, 0.0, 0.0, 
