0.0, 0.0, 0.0, 0.0, 0.0, 0.0, 0.0, 0.0, 0.0, 0.0, 0.0, 0.0, 0.0, 0.0, 0.0, 0.0, 0.0, 0.0, 0.0, 0.0, 0.0, 0.0, 0.0, 0.0, 0.0, 0.0, 0.0, 0.0, 0.0, 0.0, 
0.0, 0.0, 0.0, 0.0, 0.0, 0.0, 0.0, 1.9877260991579915E-6, 58.18898156952051, 0.0, 130.3329349371196, 54.268764000790526, 165.98044900841742, 0.0, 0.0, 0.0, 0.0, 3.495851030598132E-7, 0.0, 194.8912555410059, 0.0, 0.0, 0.0, 0.0, 50.41324113571748, 1.7692751717983545E-7, 0.0, 103.1569066804324, 0.0, 136.0002898591416, 
0.0, 0.0, 0.0, 0.0, 0.0, 0.0, 0.0, 0.0, 0.0, 0.0, 0.0, 0.0, 0.0, 0.0, 0.0, 0.0, 0.0, 0.0, 0.0, 0.0, 0.0, 0.0, 0.0, 0.0, 0.0, 0.0, 0.0, 0.0, 0.0, 0.0, 
0.0, 0.0, 0.0, 0.0, 0.0, 0.0, 0.0, 31.80516728088436, 3.3633672301915483, 0.0, 33.41004999191256, 16.237065865877934, 18.65829399193588, 0.0, 0.0, 0.0, 0.0, 64.4771962493091, 0.0, 207.44984993190144, 0.0, 0.0, 0.0, 0.0, 0.0, 363.1833862220986, 0.0, 1.9969341870169651E-7, 0.0, 5.7990772728646265, 
0.0, 0.0, 0.0, 0.0, 0.0, 0.0, 0.0, 39.348417034578254, 11.62787527398156, 0.0, 11.683949779370668, 6.897849500796222, 20.808929653231857, 0.0, 1.546918954595127E-5, 0.0, 0.0, 3.942072388552741E-7, 0.0, 10.699308296567283, 0.0, 0.0, 0.0, 0.0, 103.03189318596998, 15.159322331373746, 0.0, 0.0, 0.0, 3.601339715451624, 
0.0, 0.0, 0.0, 0.0, 0.0, 0.0, 0.0, 0.0, 0.0, 0.0, 0.0, 0.0, 0.0, 0.0, 0.0, 0.0, 0.0, 0.0, 0.0, 0.0, 0.0, 0.0, 0.0, 0.0, 0.0, 0.0, 0.0, 0.0, 0.0, 0.0, 
0.0, 0.0, 0.0, 0.0, 0.0, 0.0, 0.0, 210.64093137368536, 92.1366286924302, 0.0, 58.06249536552803, 38.635926421103, 84.06993513450449, 0.0, 150.30906134442154, 0.0, 0.0, 0.0, 0.0, 176.72351886797156, 0.0, 0.0, 0.0, 0.0, 754.926670421235, 126.0147689995572, 0.0, 39.90342375474193, 0.0, 194.58301890213835, 
2.774268880168402E-6, 0.0, 5.238929729367914E-7, 0.0, 0.0, 98.37843540499316, 0.0, 0.0, 224.9214097370841, 0.0, 228.9175150380254, 90.32573989695008, 286.9576625439904, 0.0, 0.0, 0.0, 0.0, 1.10157740740861E-6, 0.0, 70.35777886885832, 0.0, 0.0, 0.0, 0.0, 1.5974948340912837E-6, 2.1767748689760445E-6, 0.0, 40.39974458788226, 0.0, 263.7552368110421, 
440.66389335098677, 0.0, 1.6471855494440736E-7, 0.0, 0.0, 233.2093406321879, 0.0, 0.0, 0.0, 0.0, 0.0, 129.7894118130557, 74.32662479253383, 0.0, 52.68024988498119, 0.0, 0.0, 8.399721998343333E-7, 0.0, 1.1835723165862924E-5, 0.0, 0.0, 0.0, 0.0, 397.8812383960483, 102.71729463210156, 0.0, 43.897781369468234, 0.0, 0.0, 
354.29722075548216, 0.0, 2.650583054645657E-6, 0.0, 24.100436141598383, 188.01261884701637, 0.0, 94.05458364353044, 0.0, 0.0, 0.0, 117.49917062547492, 1019.9207862844822, 0.0, 365.3955310223033, 0.0, 0.0, 0.0, 0.0, 25.95378755788259, 0.0, 0.0, 0.0, 0.0, 257.0967970964322, 0.0, 0.0, 1.54935809414828, 0.0, 0.0, 
0.0, 0.0, 0.0, 0.0, 0.0, 0.0, 0.0, 0.0, 0.0, 0.0, 0.0, 0.0, 0.0, 0.0, 0.0, 0.0, 0.0, 0.0, 0.0, 0.0, 0.0, 0.0, 0.0, 0.0, 0.0, 0.0, 0.0, 0.0, 0.0, 0.0, 
0.0, 0.0, 0.0, 0.0, 0.0, 0.0, 0.0, 0.0, 0.0, 0.0, 0.0, 0.0, 0.0, 0.0, 0.0, 0.0, 0.0, 0.0, 0.0, 0.0, 0.0, 0.0, 0.0, 0.0, 0.0, 0.0, 0.0, 0.0, 0.0, 0.0, 
0.0, 0.0, 0.0, 0.0, 0.0, 0.0, 0.0, 0.0, 0.0, 0.0, 0.0, 0.0, 0.0, 0.0, 0.0, 0.0, 0.0, 0.0, 0.0, 0.0, 0.0, 0.0, 0.0, 0.0, 0.0, 0.0, 0.0, 0.0, 0.0, 0.0, 
1.1571970114178252E-6, 0.0, 1.0909493510629815E-6, 0.0, 11.220413522080392, 387.13881799576376, 0.0, 648.1340004197542, 0.0, 0.0, 350.6289946316625, 0.0, 0.0, 0.0, 0.0, 0.0, 0.0, 0.0, 0.0, 0.0, 0.0, 0.0, 0.0, 0.0, 65.34045369664996, 3.5916653365344264E-7, 0.0, 9.324537009969523E-7, 0.0, 386.52459686682914, 
0.0, 0.0, 0.0, 0.0, 0.0, 0.0, 0.0, 0.0, 0.0, 0.0, 0.0, 0.0, 0.0, 0.0, 0.0, 0.0, 0.0, 0.0, 0.0, 0.0, 0.0, 0.0, 0.0, 0.0, 0.0, 0.0, 0.0, 0.0, 0.0, 0.0, 
1.6059840807921618E-7, 0.0, 3.094658819765071E-7, 0.0, 5.16840905001812E-7, 216.1118310919912, 0.0, 35.19625844238012, 0.0, 0.0, 114.45059376423575, 0.0, 0.0, 0.0, 0.0, 0.0, 0.0, 0.0, 0.0, 4.950748642254318E-6, 0.0, 0.0, 0.0, 0.0, 90.3755922284316, 2.089133329166799E-7, 0.0, 3.167756326399369E-7, 0.0, 157.62717236934918, 
0.0, 0.0, 0.0, 0.0, 0.0, 0.0, 0.0, 0.0, 0.0, 0.0, 0.0, 0.0, 0.0, 0.0, 0.0, 0.0, 0.0, 0.0, 0.0, 0.0, 0.0, 0.0, 0.0, 0.0, 0.0, 0.0, 0.0, 0.0, 0.0, 0.0, 
0.0, 0.0, 0.0, 0.0, 0.0, 0.0, 0.0, 0.0, 0.0, 0.0, 0.0, 0.0, 0.0, 0.0, 0.0, 0.0, 0.0, 0.0, 0.0, 0.0, 0.0, 0.0, 0.0, 0.0, 0.0, 0.0, 0.0, 0.0, 0.0, 0.0, 
0.0, 0.0, 0.0, 0.0, 0.0, 0.0, 0.0, 0.0, 0.0, 0.0, 0.0, 0.0, 0.0, 0.0, 0.0, 0.0, 0.0, 0.0, 0.0, 0.0, 0.0, 0.0, 0.0, 0.0, 0.0, 0.0, 0.0, 0.0, 0.0, 0.0, 
0.0, 0.0, 0.0, 0.0, 0.0, 0.0, 0.0, 0.0, 0.0, 0.0, 0.0, 0.0, 0.0, 0.0, 0.0, 0.0, 0.0, 0.0, 0.0, 0.0, 0.0, 0.0, 0.0, 0.0, 0.0, 0.0, 0.0, 0.0, 0.0, 0.0, 
8.669171651486232E-7, 0.0, 0.0, 0.0, 0.0, 89.89539429711641, 0.0, 6.216261492633089E-5, 45.69474231575605, 0.0, 94.16312526291158, 48.21813988571188, 0.0, 0.0, 0.0, 0.0, 0.0, 0.0, 0.0, 0.0, 0.0, 0.0, 0.0, 0.0, 140.42459314311685, 8.344397867830607E-7, 0.0, 0.0, 0.0, 92.60217372996021, 
0.0, 0.0, 508.3324028238081, 0.0, 0.0, 113.9033334007051, 0.0, 96.06160483502336, 92.52346237971264, 0.0, 43.031710287196375, 0.0, 0.0, 0.0, 0.0, 0.0, 0.0, 0.0, 0.0, 0.0, 0.0, 0.0, 0.0, 0.0, 148.3385081980186, 1.5003034056639192E-7, 0.0, 2.4660957709002193E-7, 0.0, 82.11011634494017, 
337.70360132676495, 0.0, 0.0, 0.0, 0.0, 161.0984761574024, 0.0, 80.18531734959917, 0.0, 0.0, 104.16666456078777, 77.64598651435557, 0.0, 0.0, 0.0, 0.0, 0.0, 0.0, 0.0, 0.0, 0.0, 0.0, 0.0, 0.0, 750.6655092980856, 172.85006605914788, 0.0, 2.6136349169231043E-7, 0.0, 181.73156672753015, 
30.51927197989437, 0.0, 388.120191927025, 0.0, 161.20940508438105, 8.987157515750496E-6, 0.0, 132.4723956707758, 1.963224239763429E-6, 0.0, 5.2738724477460845E-6, 3.5276512978602936E-6, 122.47830968656748, 0.0, 37.35347816344646, 0.0, 0.0, 0.0, 0.0, 192.00048823554104, 0.0, 0.0, 0.0, 0.0, 0.0, 0.0, 0.0, 1.3672178420742387E-7, 0.0, 0.0, 
0.0, 0.0, 0.0, 0.0, 0.0, 0.0, 0.0, 0.0, 0.0, 0.0, 0.0, 0.0, 0.0, 0.0, 0.0, 0.0, 0.0, 0.0, 0.0, 0.0, 0.0, 0.0, 0.0, 0.0, 0.0, 0.0, 0.0, 0.0, 0.0, 0.0, 
3.8032068452455197E-8, 0.0, 7.179821494669003E-8, 0.0, 8.962893967287896E-8, 1.30308096219189E-7, 0.0, 4.5801894543069226E-8, 860.2718280844574, 0.0, 0.0, 2.0833688307569435E-8, 8.483701295087528E-8, 0.0, 6.811563363930344E-8, 0.0, 0.0, 0.0, 0.0, 1.742871252694409E-7, 0.0, 0.0, 0.0, 0.0, 0.0, 0.0, 0.0, 139.71227838116553, 0.0, 6.653938488227176E-8, 
158.70110686400312, 0.0, 370.3111436860001, 0.0, 172.06488579995042, 251.65964392579886, 0.0, 216.23916982553334, 370.21357538311764, 0.0, 68.0380233468511, 39.51791669330385, 75.17989428910288, 0.0, 139.33607512205484, 0.0, 0.0, 45.602306257862125, 0.0, 346.56248577487406, 0.0, 0.0, 0.0, 0.0, 0.0, 0.0, 0.0, 127.5679898562683, 0.0, 110.01358919256481, 
0.0, 0.0, 0.0, 0.0, 4.1969682155245145E-7, 1.4882244202455323E-7, 0.0, 116.69231818542032, 16.74152798353275, 0.0, 0.0, 50.44562932533744, 50.21727494281602, 0.0, 0.0, 0.0, 0.0, 202.5045569877257, 0.0, 3.8545950136642673, 0.0, 0.0, 0.0, 0.0, 0.0, 0.0, 0.0, 0.0, 0.0, 85.6382379052723, 
1.0221892768678206E-6, 0.0, 305.28854916090836, 0.0, 0.0, 0.0, 0.0, 0.0, 116.29995614002104, 0.0, 259.1009988209203, 0.0, 0.0, 0.0, 0.0, 0.0, 0.0, 0.0, 0.0, 2.096336825659005E-5, 0.0, 0.0, 0.0, 0.0, 414.9340571515103, 0.0, 0.0, 2.9507650200899133E-6, 0.0, 601672.3019855934, 
177.0462987680596, 0.0, 1.7068296706743508E-6, 0.0, 0.0, 166.59346808112272, 0.0, 60.17372809044004, 0.0, 0.0, 0.0, 104.51290289401035, 137.57036197226165, 0.0, 81.2271823998945, 0.0, 0.0, 8.354048900599594E-7, 0.0, 13.276104461411313, 0.0, 0.0, 0.0, 0.0, 256.3587527832747, 0.0, 0.0, 0.0, 0.0, 0.0, 
