0.0, 0.0, 0.0, 0.0, 0.0, 0.0, 0.0, 0.0, 0.0, 0.0, 0.0, 0.0, 0.0, 0.0, 0.0, 0.0, 0.0, 0.0, 0.0, 0.0, 0.0, 0.0, 0.0, 0.0, 0.0, 0.0, 0.0, 0.0, 0.0, 0.0, 
0.0, 0.0, 0.0, 0.0, 0.0, 0.0, 0.0, 49.59120476284044, 31.904914799255774, 0.0, 47.53119402888385, 23.192191890779572, 170.06539086798938, 0.0, 0.0, 0.0, 0.0, 87.86196306811789, 0.0, 197.23638401362933, 0.0, 0.0, 0.0, 0.0, 32.826574979435875, 4.134209830037897, 0.0, 58.612875818506005, 0.0, 151.03978884250364, 
0.0, 0.0, 0.0, 0.0, 0.0, 0.0, 0.0, 0.0, 0.0, 0.0, 0.0, 0.0, 0.0, 0.0, 0.0, 0.0, 0.0, 0.0, 0.0, 0.0, 0.0, 0.0, 0.0, 0.0, 0.0, 0.0, 0.0, 0.0, 0.0, 0.0, 
0.0, 0.0, 0.0, 0.0, 0.0, 0.0, 0.0, 16.714486045034896, 19.493606275147574, 0.0, 45.931936572237866, 85.7244868655602, 23.821919861693672, 0.0, 0.0, 0.0, 0.0, 38.242905827888585, 0.0, 154.83828319210772, 0.0, 0.0, 0.0, 0.0, 0.0, 278.99722833169017, 0.0, 16.807770559573477, 0.0, 52.173926763968154, 
0.0, 0.0, 0.0, 0.0, 0.0, 0.0, 0.0, 26.461735168273357, 9.768461871483977, 0.0, 26.131490358779885, 38.36937224585954, 13.392731707551192, 0.0, 12.390508725016364, 0.0, 0.0, 7.879483534596943, 0.0, 11.17182742408088, 0.0, 0.0, 0.0, 0.0, 77.88979058182905, 77.64802801319414, 0.0, 0.0, 0.0, 29.75029470334669, 
0.0, 0.0, 0.0, 0.0, 0.0, 0.0, 0.0, 0.0, 0.0, 0.0, 0.0, 0.0, 0.0, 0.0, 0.0, 0.0, 0.0, 0.0, 0.0, 0.0, 0.0, 0.0, 0.0, 0.0, 0.0, 0.0, 0.0, 0.0, 0.0, 0.0, 
0.0, 0.0, 0.0, 0.0, 0.0, 0.0, 0.0, 194.81914451591877, 97.91996416418516, 0.0, 23.02682633109866, 81.9956381422598, 122.92588068935949, 0.0, 65.85439704646352, 0.0, 0.0, 0.0, 0.0, 113.02144491124967, 0.0, 0.0, 0.0, 0.0, 844.3764765435214, 162.57627768489797, 0.0, 18.28097218552191, 0.0, 176.47115068156796, 
33.316651361549276, 0.0, 7.700185216333324, 0.0, 0.0, 125.55496066528397, 0.0, 0.0, 321.8929752049795, 0.0, 216.63082720227828, 25.827377988330355, 161.08710508320678, 0.0, 0.0, 0.0, 0.0, 46.3396782183368, 0.0, 55.43701781554036, 0.0, 0.0, 0.0, 0.0, 16.521903211518, 17.966855756481305, 0.0, 18.92482421475887, 0.0, 379.1877099167831, 
431.9626477952454, 0.0, 11.667291361354811, 0.0, 0.0, 294.07397722733253, 0.0, 0.0, 0.0, 0.0, 0.0, 72.38282993133697, 5.8089798288185825, 0.0, 120.87995971119153, 0.0, 0.0, 11.35359838162014, 0.0, 1.244429444615081, 0.0, 0.0, 0.0, 0.0, 177.25890892711732, 59.638950995177765, 0.0, 60.74415093191319, 0.0, 0.0, 
245.03745781231763, 0.0, 48.245855982499094, 0.0, 35.764829023342244, 235.2017220702164, 0.0, 81.30494550170916, 0.0, 0.0, 0.0, 80.04272271293284, 998.7604690034154, 0.0, 432.34449740896355, 0.0, 0.0, 0.0, 0.0, 35.63676529606644, 0.0, 0.0, 0.0, 0.0, 246.93057897032512, 0.0, 0.0, 18.192494031550495, 0.0, 0.0, 
0.0, 0.0, 0.0, 0.0, 0.0, 0.0, 0.0, 0.0, 0.0, 0.0, 0.0, 0.0, 0.0, 0.0, 0.0, 0.0, 0.0, 0.0, 0.0, 0.0, 0.0, 0.0, 0.0, 0.0, 0.0, 0.0, 0.0, 0.0, 0.0, 0.0, 
0.0, 0.0, 0.0, 0.0, 0.0, 0.0, 0.0, 0.0, 0.0, 0.0, 0.0, 0.0, 0.0, 0.0, 0.0, 0.0, 0.0, 0.0, 0.0, 0.0, 0.0, 0.0, 0.0, 0.0, 0.0, 0.0, 0.0, 0.0, 0.0, 0.0, 
0.0, 0.0, 0.0, 0.0, 0.0, 0.0, 0.0, 0.0, 0.0, 0.0, 0.0, 0.0, 0.0, 0.0, 0.0, 0.0, 0.0, 0.0, 0.0, 0.0, 0.0, 0.0, 0.0, 0.0, 0.0, 0.0, 0.0, 0.0, 0.0, 0.0, 
9.856482935680827, 0.0, 18.664380426872704, 0.0, 17.00277882713252, 199.34011815696337, 0.0, 502.56678567785696, 0.0, 0.0, 298.81403580879237, 0.0, 0.0, 0.0, 0.0, 0.0, 0.0, 0.0, 0.0, 0.0, 0.0, 0.0, 0.0, 0.0, 42.23880573941293, 6.175654838215767, 0.0, 15.915967650177397, 0.0, 705.0010412192474, 
0.0, 0.0, 0.0, 0.0, 0.0, 0.0, 0.0, 0.0, 0.0, 0.0, 0.0, 0.0, 0.0, 0.0, 0.0, 0.0, 0.0, 0.0, 0.0, 0.0, 0.0, 0.0, 0.0, 0.0, 0.0, 0.0, 0.0, 0.0, 0.0, 0.0, 
8.29705782171601, 0.0, 18.566383904580697, 0.0, 5.729787344075918, 251.58951826497852, 0.0, 154.69389977488171, 0.0, 0.0, 82.81473059388793, 0.0, 0.0, 0.0, 0.0, 0.0, 0.0, 0.0, 0.0, 13.946120627524719, 0.0, 0.0, 0.0, 0.0, 44.03545846021293, 17.112823091922095, 0.0, 2.1753077610708322, 0.0, 140.43384875659365, 
0.0, 0.0, 0.0, 0.0, 0.0, 0.0, 0.0, 0.0, 0.0, 0.0, 0.0, 0.0, 0.0, 0.0, 0.0, 0.0, 0.0, 0.0, 0.0, 0.0, 0.0, 0.0, 0.0, 0.0, 0.0, 0.0, 0.0, 0.0, 0.0, 0.0, 
0.0, 0.0, 0.0, 0.0, 0.0, 0.0, 0.0, 0.0, 0.0, 0.0, 0.0, 0.0, 0.0, 0.0, 0.0, 0.0, 0.0, 0.0, 0.0, 0.0, 0.0, 0.0, 0.0, 0.0, 0.0, 0.0, 0.0, 0.0, 0.0, 0.0, 
0.0, 0.0, 0.0, 0.0, 0.0, 0.0, 0.0, 0.0, 0.0, 0.0, 0.0, 0.0, 0.0, 0.0, 0.0, 0.0, 0.0, 0.0, 0.0, 0.0, 0.0, 0.0, 0.0, 0.0, 0.0, 0.0, 0.0, 0.0, 0.0, 0.0, 
0.0, 0.0, 0.0, 0.0, 0.0, 0.0, 0.0, 0.0, 0.0, 0.0, 0.0, 0.0, 0.0, 0.0, 0.0, 0.0, 0.0, 0.0, 0.0, 0.0, 0.0, 0.0, 0.0, 0.0, 0.0, 0.0, 0.0, 0.0, 0.0, 0.0, 
12.472913787046977, 0.0, 0.0, 0.0, 0.0, 49.23171365883418, 0.0, 57.10941962751035, 37.3098257833842, 0.0, 78.61688154185083, 21.788528586234616, 0.0, 0.0, 0.0, 0.0, 0.0, 0.0, 0.0, 0.0, 0.0, 0.0, 0.0, 0.0, 188.59058546091524, 8.375898745132918, 0.0, 0.0, 0.0, 56.98102263829006, 
0.0, 0.0, 428.3762056723328, 0.0, 0.0, 25.950374161699163, 0.0, 40.61343237347122, 44.544705472696165, 0.0, 131.97514075050728, 0.0, 0.0, 0.0, 0.0, 0.0, 0.0, 0.0, 0.0, 0.0, 0.0, 0.0, 0.0, 0.0, 241.9799480535136, 14.678070906600214, 0.0, 39.50388104374173, 0.0, 51.21529019816693, 
429.68371116847004, 0.0, 0.0, 0.0, 0.0, 159.16737111226757, 0.0, 66.04273849356008, 0.0, 0.0, 79.92641763380948, 92.5046991752914, 0.0, 0.0, 0.0, 0.0, 0.0, 0.0, 0.0, 0.0, 0.0, 0.0, 0.0, 0.0, 713.5848865101804, 135.12524817383968, 0.0, 28.043534966299113, 0.0, 109.56691866353881, 
136.88193428648412, 0.0, 336.43642697259565, 0.0, 13.213221025094139, 51.37114413234532, 0.0, 10.233391411673772, 108.75104191633858, 0.0, 83.41021267096943, 42.26440853714328, 35.679330721024755, 0.0, 79.11750257099898, 0.0, 0.0, 0.0, 0.0, 122.85068051476821, 0.0, 0.0, 0.0, 0.0, 0.0, 0.0, 0.0, 50.93549230952079, 0.0, 0.0, 
0.0, 0.0, 0.0, 0.0, 0.0, 0.0, 0.0, 0.0, 0.0, 0.0, 0.0, 0.0, 0.0, 0.0, 0.0, 0.0, 0.0, 0.0, 0.0, 0.0, 0.0, 0.0, 0.0, 0.0, 0.0, 0.0, 0.0, 0.0, 0.0, 0.0, 
11.934501703830442, 0.0, 2.1289429060945313, 0.0, 2.559690905658334, 2.4443101795668203, 0.0, 5.901090716369963, 984.0072746132187, 0.0, 0.0, 8.264074671310777, 3.7296582555857487, 0.0, 1.0958906975633242, 0.0, 0.0, 0.0, 0.0, 3.906695100437998, 0.0, 0.0, 0.0, 0.0, 0.0, 0.0, 0.0, 45.97030573983502, 0.0, 8.444994217052264, 
23.772273633276868, 0.0, 490.7493706001061, 0.0, 176.45101267030725, 346.8362440282023, 0.0, 335.41662652583125, 113.97701312903851, 0.0, 81.99751940355782, 53.079038981373834, 98.77721725651435, 0.0, 32.51284897610906, 0.0, 0.0, 145.7366927968434, 0.0, 382.6446281533224, 0.0, 0.0, 0.0, 0.0, 0.0, 0.0, 0.0, 117.57107360260225, 0.0, 122.7395478553236, 
0.0, 0.0, 0.0, 0.0, 15.21358762000782, 21.954020653298794, 0.0, 114.74309184573339, 88.97066863053506, 0.0, 0.0, 37.09856285057275, 106.35289053562953, 0.0, 0.0, 0.0, 0.0, 113.86740600301715, 0.0, 17.765024965607296, 0.0, 0.0, 0.0, 0.0, 0.0, 0.0, 0.0, 0.0, 0.0, 50.21486544543515, 
17.78136113199205, 0.0, 201.18218287931452, 0.0, 0.0, 0.0, 0.0, 0.0, 90.64002567220618, 0.0, 198.864734744143, 0.0, 0.0, 0.0, 0.0, 0.0, 0.0, 0.0, 0.0, 4.874901970185236, 0.0, 0.0, 0.0, 0.0, 589.1285164499106, 0.0, 0.0, 37.020979673600976, 0.0, 2688.675442330917, 
155.40620758005417, 0.0, 3.700201457316105, 0.0, 0.0, 113.74336464327416, 0.0, 93.42712327004212, 0.0, 0.0, 0.0, 140.30490219334237, 223.71276128530317, 0.0, 32.246862550313956, 0.0, 0.0, 76.88019722738723, 0.0, 155.1977950154772, 0.0, 0.0, 0.0, 0.0, 110.62657100553679, 0.0, 0.0, 0.0, 0.0, 0.0, 
