0.0, 0.0, 0.0, 0.0, 0.0, 0.0, 0.0, 0.0, 0.0, 0.0, 0.0, 0.0, 0.0, 0.0, 0.0, 0.0, 0.0, 0.0, 0.0, 0.0, 0.0, 0.0, 0.0, 0.0, 0.0, 0.0, 0.0, 0.0, 0.0, 0.0, 
0.0, 0.0, 0.0, 0.0, 0.0, 0.0, 0.0, 1.9024214162644209, 122.65075723537174, 0.0, 103.9292559031478, 41.486248420733276, 116.84410475399869, 0.0, 0.0, 0.0, 0.0, 57.392014150277966, 0.0, 171.14886216702632, 0.0, 0.0, 0.0, 0.0, 65.86942872468639, 2.6324261842299606E-14, 0.0, 95.26112691862345, 0.0, 142.55102936629777, 
0.0, 0.0, 0.0, 0.0, 0.0, 0.0, 0.0, 0.0, 0.0, 0.0, 0.0, 0.0, 0.0, 0.0, 0.0, 0.0, 0.0, 0.0, 0.0, 0.0, 0.0, 0.0, 0.0, 0.0, 0.0, 0.0, 0.0, 0.0, 0.0, 0.0, 
0.0, 0.0, 0.0, 0.0, 0.0, 0.0, 0.0, 65.69673285674416, 35.90184102892819, 0.0, 50.93578223082213, 10.161090366610857, 61.91812983004296, 0.0, 0.0, 0.0, 0.0, 119.42460438200771, 0.0, 175.48763091692706, 0.0, 0.0, 0.0, 0.0, 0.0, 215.63196950440337, 0.0, 0.28687529420445174, 0.0, 15.053724137063906, 
0.0, 0.0, 0.0, 0.0, 0.0, 0.0, 0.0, 10.27325915345748, 2.2804650584544217, 0.0, 5.19583952171586, 1.2460883512384227, 3.2105312719732466, 0.0, 22.64345179777817, 0.0, 0.0, 2.6443104978026764E-13, 0.0, 4.050956702485093, 0.0, 0.0, 0.0, 0.0, 63.66263418560512, 112.4332253465897, 0.0, 0.0, 0.0, 0.3147253762292367, 
0.0, 0.0, 0.0, 0.0, 0.0, 0.0, 0.0, 0.0, 0.0, 0.0, 0.0, 0.0, 0.0, 0.0, 0.0, 0.0, 0.0, 0.0, 0.0, 0.0, 0.0, 0.0, 0.0, 0.0, 0.0, 0.0, 0.0, 0.0, 0.0, 0.0, 
0.0, 0.0, 0.0, 0.0, 0.0, 0.0, 0.0, 222.99096502909285, 195.21762426975272, 0.0, 108.93147503666869, 32.0666084395815, 125.60278416790901, 0.0, 150.25503092211778, 0.0, 0.0, 0.0, 0.0, 38.14993893096639, 0.0, 0.0, 0.0, 0.0, 827.2881252981493, 181.53694079421842, 0.0, 40.26583264743391, 0.0, 3.7040985545589473, 
13.243533753282565, 0.0, 24.248286348540454, 0.0, 0.0, 126.15159861964807, 0.0, 0.0, 185.89952313003135, 0.0, 151.4812441107574, 133.64814368214718, 156.5105789377816, 0.0, 0.0, 0.0, 0.0, 5.026710125942049E-13, 0.0, 69.47830422833668, 0.0, 0.0, 0.0, 0.0, 41.40831614546042, 5.165785946886787E-13, 0.0, 14.826089063091233, 0.0, 387.1138055045183, 
170.12273522901123, 0.0, 56.03178844822911, 0.0, 0.0, 359.04888081271446, 0.0, 0.0, 0.0, 0.0, 0.0, 142.87312920148497, 93.59995967778607, 0.0, 39.5041757814608, 0.0, 0.0, 2.430650381750499, 0.0, 84.50093345626051, 0.0, 0.0, 0.0, 0.0, 276.2530115434456, 165.5648807150418, 0.0, 23.276693029248122, 0.0, 0.0, 
171.3512639603062, 0.0, 48.78738880179303, 0.0, 12.60601459018873, 114.44967599767342, 0.0, 74.14798698157738, 0.0, 0.0, 0.0, 14.831337693765612, 1010.5499482709539, 0.0, 365.6905509866324, 0.0, 0.0, 0.0, 0.0, 4.570772542522036, 0.0, 0.0, 0.0, 0.0, 630.879031545748, 0.0, 0.0, 5.245168525804602, 0.0, 0.0, 
0.0, 0.0, 0.0, 0.0, 0.0, 0.0, 0.0, 0.0, 0.0, 0.0, 0.0, 0.0, 0.0, 0.0, 0.0, 0.0, 0.0, 0.0, 0.0, 0.0, 0.0, 0.0, 0.0, 0.0, 0.0, 0.0, 0.0, 0.0, 0.0, 0.0, 
0.0, 0.0, 0.0, 0.0, 0.0, 0.0, 0.0, 0.0, 0.0, 0.0, 0.0, 0.0, 0.0, 0.0, 0.0, 0.0, 0.0, 0.0, 0.0, 0.0, 0.0, 0.0, 0.0, 0.0, 0.0, 0.0, 0.0, 0.0, 0.0, 0.0, 
0.0, 0.0, 0.0, 0.0, 0.0, 0.0, 0.0, 0.0, 0.0, 0.0, 0.0, 0.0, 0.0, 0.0, 0.0, 0.0, 0.0, 0.0, 0.0, 0.0, 0.0, 0.0, 0.0, 0.0, 0.0, 0.0, 0.0, 0.0, 0.0, 0.0, 
0.117798036527931, 0.0, 28.47056125602976, 0.0, 15.590012312417016, 290.1716079970403, 0.0, 586.8620115730909, 0.0, 0.0, 406.28959043762467, 0.0, 0.0, 0.0, 0.0, 0.0, 0.0, 0.0, 0.0, 0.0, 0.0, 0.0, 0.0, 0.0, 59.350482754724815, 4.137790738621087E-14, 0.0, 2.506166397884793, 0.0, 459.90198325290373, 
0.0, 0.0, 0.0, 0.0, 0.0, 0.0, 0.0, 0.0, 0.0, 0.0, 0.0, 0.0, 0.0, 0.0, 0.0, 0.0, 0.0, 0.0, 0.0, 0.0, 0.0, 0.0, 0.0, 0.0, 0.0, 0.0, 0.0, 0.0, 0.0, 0.0, 
5.220437178162747, 0.0, 1.0766373903788727E-12, 0.0, 0.5304781109344875, 177.26033834248838, 0.0, 65.65412384600103, 0.0, 0.0, 146.55453055494186, 0.0, 0.0, 0.0, 0.0, 0.0, 0.0, 0.0, 0.0, 7.151151161844109, 0.0, 0.0, 0.0, 0.0, 82.9347566283275, 6.687760303347092E-13, 0.0, 1.8843871192724765E-13, 0.0, 191.06447262271303, 
0.0, 0.0, 0.0, 0.0, 0.0, 0.0, 0.0, 0.0, 0.0, 0.0, 0.0, 0.0, 0.0, 0.0, 0.0, 0.0, 0.0, 0.0, 0.0, 0.0, 0.0, 0.0, 0.0, 0.0, 0.0, 0.0, 0.0, 0.0, 0.0, 0.0, 
0.0, 0.0, 0.0, 0.0, 0.0, 0.0, 0.0, 0.0, 0.0, 0.0, 0.0, 0.0, 0.0, 0.0, 0.0, 0.0, 0.0, 0.0, 0.0, 0.0, 0.0, 0.0, 0.0, 0.0, 0.0, 0.0, 0.0, 0.0, 0.0, 0.0, 
0.0, 0.0, 0.0, 0.0, 0.0, 0.0, 0.0, 0.0, 0.0, 0.0, 0.0, 0.0, 0.0, 0.0, 0.0, 0.0, 0.0, 0.0, 0.0, 0.0, 0.0, 0.0, 0.0, 0.0, 0.0, 0.0, 0.0, 0.0, 0.0, 0.0, 
0.0, 0.0, 0.0, 0.0, 0.0, 0.0, 0.0, 0.0, 0.0, 0.0, 0.0, 0.0, 0.0, 0.0, 0.0, 0.0, 0.0, 0.0, 0.0, 0.0, 0.0, 0.0, 0.0, 0.0, 0.0, 0.0, 0.0, 0.0, 0.0, 0.0, 
2.685844573773808E-11, 0.0, 0.0, 0.0, 0.0, 76.05015954292777, 0.0, 1.2069826754123845, 55.3720200877957, 0.0, 84.08992979867735, 82.77209742700643, 0.0, 0.0, 0.0, 0.0, 0.0, 0.0, 0.0, 0.0, 0.0, 0.0, 0.0, 0.0, 174.0187363073193, 3.9179219640661103, 0.0, 0.0, 0.0, 33.610022621582154, 
0.0, 0.0, 474.31032559516655, 0.0, 0.0, 123.63492623886886, 0.0, 57.66605511087696, 66.34152894710058, 0.0, 22.973112330808956, 0.0, 0.0, 0.0, 0.0, 0.0, 0.0, 0.0, 0.0, 0.0, 0.0, 0.0, 0.0, 0.0, 292.8959413031528, 4.237699249137145E-14, 0.0, 20.55144266008857, 0.0, 38.127452585948, 
635.0377154498827, 0.0, 0.0, 0.0, 0.0, 240.91729595769422, 0.0, 80.21094931234913, 0.0, 0.0, 72.39279611797322, 45.9996016334972, 0.0, 0.0, 0.0, 0.0, 0.0, 0.0, 0.0, 0.0, 0.0, 0.0, 0.0, 0.0, 514.6727745532481, 109.4738156392918, 0.0, 67.62805478715445, 0.0, 103.36846288001927, 
54.30967946639965, 0.0, 198.53541848660996, 0.0, 171.90749267942192, 65.44388731438164, 0.0, 175.06806583592825, 0.0012020052687724985, 0.0, 68.1224691004105, 27.487903445122253, 91.75749131813643, 0.0, 86.24258131839142, 0.0, 0.0, 0.0, 0.0, 154.956587486129, 0.0, 0.0, 0.0, 0.0, 0.0, 0.0, 0.0, 6.482642357041496, 0.0, 0.0, 
0.0, 0.0, 0.0, 0.0, 0.0, 0.0, 0.0, 0.0, 0.0, 0.0, 0.0, 0.0, 0.0, 0.0, 0.0, 0.0, 0.0, 0.0, 0.0, 0.0, 0.0, 0.0, 0.0, 0.0, 0.0, 0.0, 0.0, 0.0, 0.0, 0.0, 
0.9223513921522967, 0.0, 5.654359639245175E-14, 0.0, 1.9005919495477896E-13, 2.8104088874236452E-8, 0.0, 2.3365793481023883E-13, 584.3911863712167, 0.0, 0.0, 8.24532308670981E-13, 5.199291300827509E-13, 0.0, 0.5568749464587929, 0.0, 0.0, 0.0, 0.0, 40.094244835626235, 0.0, 0.0, 0.0, 0.0, 0.0, 0.0, 0.0, 146.01168908028953, 0.0, 0.8611914383987279, 
175.548573882373, 0.0, 485.56760459998713, 0.0, 6.471052196770954, 190.92352965342286, 0.0, 275.9609470967316, 428.1896314606597, 0.0, 114.74860840025605, 63.70824878375776, 126.92998125266338, 0.0, 115.73601204705282, 0.0, 0.0, 63.46637466679673, 0.0, 293.27300940256026, 0.0, 0.0, 0.0, 0.0, 0.0, 0.0, 0.0, 90.16741061769851, 0.0, 128.45348073629893, 
0.0, 0.0, 0.0, 0.0, 2.8738565135890124E-12, 8.43102565417306E-14, 0.0, 77.68299328236132, 68.81522542542785, 0.0, 0.0, 41.113079057711204, 120.11685222558812, 0.0, 0.0, 0.0, 0.0, 175.32710945597663, 0.0, 10.653995878508823, 0.0, 0.0, 0.0, 0.0, 0.0, 0.0, 0.0, 0.0, 0.0, 53.86210834458005, 
85.27202702683446, 0.0, 226.05718009823335, 0.0, 0.0, 0.0, 0.0, 0.0, 146.92957170005698, 0.0, 160.29273343812957, 0.0, 0.0, 0.0, 0.0, 0.0, 0.0, 0.0, 0.0, 91.62053917080121, 0.0, 0.0, 0.0, 0.0, 231.55960132989617, 0.0, 0.0, 7.531259017279989, 0.0, 83.33699266483558, 
172.76660392073285, 0.0, 11.890043099680785, 0.0, 0.0, 124.84168298537367, 0.0, 65.41629866334371, 0.0, 0.0, 0.0, 136.54363385135395, 140.06827039898826, 0.0, 40.89460834256988, 0.0, 0.0, 0.6856976766107408, 0.0, 29.57472574253497, 0.0, 0.0, 0.0, 0.0, 177.6808396044278, 0.0, 0.0, 0.0, 0.0, 0.0, 
