0.0, 0.0, 0.0, 0.0, 0.0, 0.0, 0.0, 0.0, 0.0, 0.0, 0.0, 0.0, 0.0, 0.0, 0.0, 0.0, 0.0, 0.0, 0.0, 0.0, 0.0, 0.0, 0.0, 0.0, 0.0, 0.0, 0.0, 0.0, 0.0, 0.0, 
0.0, 0.0, 0.0, 0.0, 0.0, 0.0, 0.0, 41.134836808336644, 147.71059871154608, 0.0, 71.01045319164585, 44.73658413746425, 144.39880109364026, 0.0, 0.0, 0.0, 0.0, 85.35947760602286, 0.0, 190.49177264360853, 0.0, 0.0, 0.0, 0.0, 82.47970173410226, 12.663685391738127, 0.0, 14.084868422659106, 0.0, 67.93986249385547, 
0.0, 0.0, 0.0, 0.0, 0.0, 0.0, 0.0, 0.0, 0.0, 0.0, 0.0, 0.0, 0.0, 0.0, 0.0, 0.0, 0.0, 0.0, 0.0, 0.0, 0.0, 0.0, 0.0, 0.0, 0.0, 0.0, 0.0, 0.0, 0.0, 0.0, 
0.0, 0.0, 0.0, 0.0, 0.0, 0.0, 0.0, 8.854580565129886, 33.18822552077863, 0.0, 83.47086500165369, 30.46893903574048, 57.2593348300111, 0.0, 0.0, 0.0, 0.0, 98.47965482613111, 0.0, 132.30722154938516, 0.0, 0.0, 0.0, 0.0, 0.0, 320.5438402014491, 0.0, 19.34026309854795, 0.0, 39.54864328004677, 
0.0, 0.0, 0.0, 0.0, 0.0, 0.0, 0.0, 45.15308536460239, 57.19973145878755, 0.0, 20.504969542881668, 11.718092704514097, 32.67400801826099, 0.0, 54.41866447219142, 0.0, 0.0, 3.5093905148428304, 0.0, 13.004054217784795, 0.0, 0.0, 0.0, 0.0, 24.15259457229441, 11.295240898171954, 0.0, 0.0, 0.0, 27.098016418674064, 
0.0, 0.0, 0.0, 0.0, 0.0, 0.0, 0.0, 0.0, 0.0, 0.0, 0.0, 0.0, 0.0, 0.0, 0.0, 0.0, 0.0, 0.0, 0.0, 0.0, 0.0, 0.0, 0.0, 0.0, 0.0, 0.0, 0.0, 0.0, 0.0, 0.0, 
0.0, 0.0, 0.0, 0.0, 0.0, 0.0, 0.0, 136.07137068399794, 56.01747959124277, 0.0, 70.8756041493761, 25.349870571462706, 76.32073195860211, 0.0, 133.99025372784297, 0.0, 0.0, 0.0, 0.0, 94.18636073471183, 0.0, 0.0, 0.0, 0.0, 819.0819783056166, 158.6365421440493, 0.0, 56.34461308711268, 0.0, 278.0424753907936, 
41.286776240817346, 0.0, 15.744491503435814, 0.0, 0.0, 19.95781706183511, 0.0, 0.0, 90.73943848426156, 0.0, 187.17366989411548, 108.04451934315514, 223.20945756016013, 0.0, 0.0, 0.0, 0.0, 17.226422228750298, 0.0, 28.735701888809864, 0.0, 0.0, 0.0, 0.0, 60.05830241139617, 9.089748534682556, 0.0, 0.21295716732790915, 0.0, 410.38171497579185, 
406.2964621151661, 0.0, 7.877348557694617, 0.0, 0.0, 451.60450943316897, 0.0, 0.0, 0.0, 0.0, 0.0, 99.11677114845482, 115.67894367871413, 0.0, 23.701884599652686, 0.0, 0.0, 6.8933885192867255, 0.0, 7.119707271790174, 0.0, 0.0, 0.0, 0.0, 443.3591460047106, 63.537706250911, 0.0, 28.084973694604297, 0.0, 0.0, 
321.4526404939064, 0.0, 7.424575282639439, 0.0, 3.525572809623869, 155.93790230686102, 0.0, 149.75955994785087, 0.0, 0.0, 0.0, 56.05193918125045, 971.9800571778363, 0.0, 438.0516987028675, 0.0, 0.0, 0.0, 0.0, 20.678882131360158, 0.0, 0.0, 0.0, 0.0, 261.4947274469656, 0.0, 0.0, 1.732481591998486, 0.0, 0.0, 
0.0, 0.0, 0.0, 0.0, 0.0, 0.0, 0.0, 0.0, 0.0, 0.0, 0.0, 0.0, 0.0, 0.0, 0.0, 0.0, 0.0, 0.0, 0.0, 0.0, 0.0, 0.0, 0.0, 0.0, 0.0, 0.0, 0.0, 0.0, 0.0, 0.0, 
0.0, 0.0, 0.0, 0.0, 0.0, 0.0, 0.0, 0.0, 0.0, 0.0, 0.0, 0.0, 0.0, 0.0, 0.0, 0.0, 0.0, 0.0, 0.0, 0.0, 0.0, 0.0, 0.0, 0.0, 0.0, 0.0, 0.0, 0.0, 0.0, 0.0, 
0.0, 0.0, 0.0, 0.0, 0.0, 0.0, 0.0, 0.0, 0.0, 0.0, 0.0, 0.0, 0.0, 0.0, 0.0, 0.0, 0.0, 0.0, 0.0, 0.0, 0.0, 0.0, 0.0, 0.0, 0.0, 0.0, 0.0, 0.0, 0.0, 0.0, 
16.6071986234083, 0.0, 66.23241442463623, 0.0, 5.53367615332081, 222.3423809740682, 0.0, 634.7694695637558, 0.0, 0.0, 327.5634835424997, 0.0, 0.0, 0.0, 0.0, 0.0, 0.0, 0.0, 0.0, 0.0, 0.0, 0.0, 0.0, 0.0, 16.801483830973527, 16.771141967947493, 0.0, 4.318576292474706, 0.0, 635.7758297900299, 
0.0, 0.0, 0.0, 0.0, 0.0, 0.0, 0.0, 0.0, 0.0, 0.0, 0.0, 0.0, 0.0, 0.0, 0.0, 0.0, 0.0, 0.0, 0.0, 0.0, 0.0, 0.0, 0.0, 0.0, 0.0, 0.0, 0.0, 0.0, 0.0, 0.0, 
7.769496563256478, 0.0, 8.54207660176367, 0.0, 6.701420841216748, 327.38690211665863, 0.0, 59.21882643904064, 0.0, 0.0, 103.68478584921664, 0.0, 0.0, 0.0, 0.0, 0.0, 0.0, 0.0, 0.0, 9.381852030994214, 0.0, 0.0, 0.0, 0.0, 54.92495424662283, 3.7638472256208075, 0.0, 2.052501776229159, 0.0, 100.75342435766245, 
0.0, 0.0, 0.0, 0.0, 0.0, 0.0, 0.0, 0.0, 0.0, 0.0, 0.0, 0.0, 0.0, 0.0, 0.0, 0.0, 0.0, 0.0, 0.0, 0.0, 0.0, 0.0, 0.0, 0.0, 0.0, 0.0, 0.0, 0.0, 0.0, 0.0, 
0.0, 0.0, 0.0, 0.0, 0.0, 0.0, 0.0, 0.0, 0.0, 0.0, 0.0, 0.0, 0.0, 0.0, 0.0, 0.0, 0.0, 0.0, 0.0, 0.0, 0.0, 0.0, 0.0, 0.0, 0.0, 0.0, 0.0, 0.0, 0.0, 0.0, 
0.0, 0.0, 0.0, 0.0, 0.0, 0.0, 0.0, 0.0, 0.0, 0.0, 0.0, 0.0, 0.0, 0.0, 0.0, 0.0, 0.0, 0.0, 0.0, 0.0, 0.0, 0.0, 0.0, 0.0, 0.0, 0.0, 0.0, 0.0, 0.0, 0.0, 
0.0, 0.0, 0.0, 0.0, 0.0, 0.0, 0.0, 0.0, 0.0, 0.0, 0.0, 0.0, 0.0, 0.0, 0.0, 0.0, 0.0, 0.0, 0.0, 0.0, 0.0, 0.0, 0.0, 0.0, 0.0, 0.0, 0.0, 0.0, 0.0, 0.0, 
12.948739170112333, 0.0, 0.0, 0.0, 0.0, 37.97481701961881, 0.0, 56.291339437352505, 17.211620711256817, 0.0, 66.72155290177614, 84.22178158257788, 0.0, 0.0, 0.0, 0.0, 0.0, 0.0, 0.0, 0.0, 0.0, 0.0, 0.0, 0.0, 221.39736494060375, 9.721949844510963, 0.0, 0.0, 0.0, 43.65544001135435, 
0.0, 0.0, 525.4809607202733, 0.0, 0.0, 88.6147875228425, 0.0, 26.580443499432835, 105.92948030870295, 0.0, 66.6480183370192, 0.0, 0.0, 0.0, 0.0, 0.0, 0.0, 0.0, 0.0, 0.0, 0.0, 0.0, 0.0, 0.0, 171.82746577168382, 17.726473478487705, 0.0, 21.216225188668282, 0.0, 37.016860880961175, 
327.22316040495275, 0.0, 0.0, 0.0, 0.0, 197.19084007116416, 0.0, 75.2534404705355, 0.0, 0.0, 19.820997528000206, 58.87401207888941, 0.0, 0.0, 0.0, 0.0, 0.0, 0.0, 0.0, 0.0, 0.0, 0.0, 0.0, 0.0, 750.6621983476435, 147.35660034643453, 0.0, 92.01989148130994, 0.0, 117.85915782053274, 
138.11089179134154, 0.0, 227.98482781364905, 0.0, 171.08676051373592, 105.63718428601739, 0.0, 41.1223120881243, 18.738331946864438, 0.0, 103.4781190739305, 40.96174359617572, 42.70022132142789, 0.0, 6.433769448872778, 0.0, 0.0, 0.0, 0.0, 138.98619648311134, 0.0, 0.0, 0.0, 0.0, 0.0, 0.0, 0.0, 67.13136262710835, 0.0, 0.0, 
0.0, 0.0, 0.0, 0.0, 0.0, 0.0, 0.0, 0.0, 0.0, 0.0, 0.0, 0.0, 0.0, 0.0, 0.0, 0.0, 0.0, 0.0, 0.0, 0.0, 0.0, 0.0, 0.0, 0.0, 0.0, 0.0, 0.0, 0.0, 0.0, 0.0, 
2.178938187391551, 0.0, 7.123780608914662, 0.0, 5.357530402888752, 10.131804073188034, 0.0, 3.1316010003060497, 911.7758288219494, 0.0, 0.0, 3.9426494675013917, 0.9729954753420866, 0.0, 8.206558199731582, 0.0, 0.0, 0.0, 0.0, 4.662991675102599, 0.0, 0.0, 0.0, 0.0, 0.0, 0.0, 0.0, 45.46515255884802, 0.0, 2.008962617052955, 
127.8514749803073, 0.0, 478.32311842383285, 0.0, 14.061029757476325, 132.1908265918368, 0.0, 298.69403499530057, 215.22653975490368, 0.0, 32.505906508555405, 172.84951474459416, 103.36431225166363, 0.0, 9.201092391728686, 0.0, 0.0, 3.4823443313867846, 0.0, 388.9207711643521, 0.0, 0.0, 0.0, 0.0, 0.0, 0.0, 0.0, 142.23754744024413, 0.0, 316.3389192122912, 
0.0, 0.0, 0.0, 0.0, 29.49557459571524, 47.52251445124943, 0.0, 54.30411322948578, 28.75089856151665, 0.0, 0.0, 19.518722803042206, 99.94702078326303, 0.0, 0.0, 0.0, 0.0, 166.71549539957653, 0.0, 30.339588574361088, 0.0, 0.0, 0.0, 0.0, 0.0, 0.0, 0.0, 0.0, 0.0, 53.72646421021208, 
4.047730349185101, 0.0, 155.2161541571619, 0.0, 0.0, 0.0, 0.0, 0.0, 161.38695426218712, 0.0, 374.22141764893775, 0.0, 0.0, 0.0, 0.0, 0.0, 0.0, 0.0, 0.0, 37.66939924122945, 0.0, 0.0, 0.0, 0.0, 377.0471023972111, 0.0, 0.0, 7.837260560036265, 0.0, 2423.158430828584, 
118.89942576201864, 0.0, 54.221404448565394, 0.0, 0.0, 73.78328756755621, 0.0, 134.03065804516396, 0.0, 0.0, 0.0, 106.61985993270501, 140.53835681565084, 0.0, 88.91447462311714, 0.0, 0.0, 50.39692835714813, 0.0, 91.98854368555818, 0.0, 0.0, 0.0, 0.0, 144.04758094354315, 0.0, 0.0, 0.0, 0.0, 0.0, 
