0.0, 0.0, 0.0, 0.0, 0.0, 0.0, 0.0, 0.0, 0.0, 0.0, 0.0, 0.0, 0.0, 0.0, 0.0, 0.0, 0.0, 0.0, 0.0, 0.0, 0.0, 0.0, 0.0, 0.0, 0.0, 0.0, 0.0, 0.0, 0.0, 0.0, 
0.0, 0.0, 0.0, 0.0, 0.0, 0.0, 0.0, 49.691886169604885, 43.79461207574893, 0.0, 65.2412147540991, 64.66422932338607, 206.27449550529133, 0.0, 0.0, 0.0, 0.0, 27.27845166196031, 0.0, 185.93708217513304, 0.0, 0.0, 0.0, 0.0, 24.245839344742386, 7.333496812004881, 0.0, 69.60859742550454, 0.0, 185.3231989104362, 
0.0, 0.0, 0.0, 0.0, 0.0, 0.0, 0.0, 0.0, 0.0, 0.0, 0.0, 0.0, 0.0, 0.0, 0.0, 0.0, 0.0, 0.0, 0.0, 0.0, 0.0, 0.0, 0.0, 0.0, 0.0, 0.0, 0.0, 0.0, 0.0, 0.0, 
0.0, 0.0, 0.0, 0.0, 0.0, 0.0, 0.0, 33.02935031160256, 9.26217780458681, 0.0, 18.366621770821844, 46.164449031148635, 12.654295038775775, 0.0, 0.0, 0.0, 0.0, 91.15166055045263, 0.0, 208.1158243470519, 0.0, 0.0, 0.0, 0.0, 0.0, 259.2825942111683, 0.0, 15.250231746367707, 0.0, 48.97761895283311, 
0.0, 0.0, 0.0, 0.0, 0.0, 0.0, 0.0, 7.677340843765585, 17.687270563832083, 0.0, 28.17410662242862, 18.673991139608255, 12.653724611050498, 0.0, 38.512385950731925, 0.0, 0.0, 13.788678802291514, 0.0, 13.610129882145635, 0.0, 0.0, 0.0, 0.0, 71.68102696600714, 2.7027387447310955, 0.0, 0.0, 0.0, 47.76448725397747, 
0.0, 0.0, 0.0, 0.0, 0.0, 0.0, 0.0, 0.0, 0.0, 0.0, 0.0, 0.0, 0.0, 0.0, 0.0, 0.0, 0.0, 0.0, 0.0, 0.0, 0.0, 0.0, 0.0, 0.0, 0.0, 0.0, 0.0, 0.0, 0.0, 0.0, 
0.0, 0.0, 0.0, 0.0, 0.0, 0.0, 0.0, 292.6641141386648, 73.77110673195011, 0.0, 44.03876176157846, 31.066534423230827, 108.91748968371061, 0.0, 110.34861900447451, 0.0, 0.0, 0.0, 0.0, 102.57276623662635, 0.0, 0.0, 0.0, 0.0, 858.1214036785807, 233.68513348785484, 0.0, 13.54201446032825, 0.0, 54.98646501548822, 
3.1340141680061366, 0.0, 16.553602634516807, 0.0, 0.0, 45.60148230452216, 0.0, 0.0, 288.3333213073247, 0.0, 243.22945747630004, 67.27276926374884, 244.37706330033743, 0.0, 0.0, 0.0, 0.0, 6.3225838548739, 0.0, 33.24607975062942, 0.0, 0.0, 0.0, 0.0, 36.67473418441121, 8.005984570798507, 0.0, 26.96476603974838, 0.0, 203.2737365673547, 
445.0919319889409, 0.0, 15.383153929177343, 0.0, 0.0, 410.35105651490085, 0.0, 0.0, 0.0, 0.0, 0.0, 21.3519027620875, 74.0263622332724, 0.0, 71.76356765404398, 0.0, 0.0, 12.467857915746443, 0.0, 20.039149144016104, 0.0, 0.0, 0.0, 0.0, 521.99570853707, 72.99249357921309, 0.0, 14.029271965906315, 0.0, 0.0, 
315.74789427679127, 0.0, 0.292976716885392, 0.0, 2.4907840687674776, 185.40827695671845, 0.0, 138.86144818454608, 0.0, 0.0, 0.0, 120.2439788589943, 1009.3829074091669, 0.0, 350.6303825165131, 0.0, 0.0, 0.0, 0.0, 31.42929120392773, 0.0, 0.0, 0.0, 0.0, 217.0874669002459, 0.0, 0.0, 26.394443538018535, 0.0, 0.0, 
0.0, 0.0, 0.0, 0.0, 0.0, 0.0, 0.0, 0.0, 0.0, 0.0, 0.0, 0.0, 0.0, 0.0, 0.0, 0.0, 0.0, 0.0, 0.0, 0.0, 0.0, 0.0, 0.0, 0.0, 0.0, 0.0, 0.0, 0.0, 0.0, 0.0, 
0.0, 0.0, 0.0, 0.0, 0.0, 0.0, 0.0, 0.0, 0.0, 0.0, 0.0, 0.0, 0.0, 0.0, 0.0, 0.0, 0.0, 0.0, 0.0, 0.0, 0.0, 0.0, 0.0, 0.0, 0.0, 0.0, 0.0, 0.0, 0.0, 0.0, 
0.0, 0.0, 0.0, 0.0, 0.0, 0.0, 0.0, 0.0, 0.0, 0.0, 0.0, 0.0, 0.0, 0.0, 0.0, 0.0, 0.0, 0.0, 0.0, 0.0, 0.0, 0.0, 0.0, 0.0, 0.0, 0.0, 0.0, 0.0, 0.0, 0.0, 
8.26134133319545, 0.0, 11.53222042565477, 0.0, 42.32653817129737, 325.21251792982144, 0.0, 424.9640166653305, 0.0, 0.0, 364.64910842215323, 0.0, 0.0, 0.0, 0.0, 0.0, 0.0, 0.0, 0.0, 0.0, 0.0, 0.0, 0.0, 0.0, 38.519564002914024, 8.162189154731957, 0.0, 20.717013711132797, 0.0, 622.3099742498716, 
0.0, 0.0, 0.0, 0.0, 0.0, 0.0, 0.0, 0.0, 0.0, 0.0, 0.0, 0.0, 0.0, 0.0, 0.0, 0.0, 0.0, 0.0, 0.0, 0.0, 0.0, 0.0, 0.0, 0.0, 0.0, 0.0, 0.0, 0.0, 0.0, 0.0, 
11.876642433157276, 0.0, 12.459021540919533, 0.0, 4.399861850665312, 137.3915535871019, 0.0, 118.25219739975525, 0.0, 0.0, 146.26689272910704, 0.0, 0.0, 0.0, 0.0, 0.0, 0.0, 0.0, 0.0, 7.8834713317523, 0.0, 0.0, 0.0, 0.0, 20.08288290418383, 13.539478264887109, 0.0, 10.00357854189891, 0.0, 93.58496129364107, 
0.0, 0.0, 0.0, 0.0, 0.0, 0.0, 0.0, 0.0, 0.0, 0.0, 0.0, 0.0, 0.0, 0.0, 0.0, 0.0, 0.0, 0.0, 0.0, 0.0, 0.0, 0.0, 0.0, 0.0, 0.0, 0.0, 0.0, 0.0, 0.0, 0.0, 
0.0, 0.0, 0.0, 0.0, 0.0, 0.0, 0.0, 0.0, 0.0, 0.0, 0.0, 0.0, 0.0, 0.0, 0.0, 0.0, 0.0, 0.0, 0.0, 0.0, 0.0, 0.0, 0.0, 0.0, 0.0, 0.0, 0.0, 0.0, 0.0, 0.0, 
0.0, 0.0, 0.0, 0.0, 0.0, 0.0, 0.0, 0.0, 0.0, 0.0, 0.0, 0.0, 0.0, 0.0, 0.0, 0.0, 0.0, 0.0, 0.0, 0.0, 0.0, 0.0, 0.0, 0.0, 0.0, 0.0, 0.0, 0.0, 0.0, 0.0, 
0.0, 0.0, 0.0, 0.0, 0.0, 0.0, 0.0, 0.0, 0.0, 0.0, 0.0, 0.0, 0.0, 0.0, 0.0, 0.0, 0.0, 0.0, 0.0, 0.0, 0.0, 0.0, 0.0, 0.0, 0.0, 0.0, 0.0, 0.0, 0.0, 0.0, 
1.1173335104779252, 0.0, 0.0, 0.0, 0.0, 45.8766668840784, 0.0, 23.572393124679127, 59.95114387354651, 0.0, 58.197202147944004, 40.37370238451044, 0.0, 0.0, 0.0, 0.0, 0.0, 0.0, 0.0, 0.0, 0.0, 0.0, 0.0, 0.0, 190.89956475380066, 25.370764176509397, 0.0, 0.0, 0.0, 45.89156179709416, 
0.0, 0.0, 454.80748988212025, 0.0, 0.0, 70.08270165986615, 0.0, 84.54961310438557, 77.97499536794636, 0.0, 46.972619608889715, 0.0, 0.0, 0.0, 0.0, 0.0, 0.0, 0.0, 0.0, 0.0, 0.0, 0.0, 0.0, 0.0, 198.3355073738954, 7.425463044790595, 0.0, 16.018270300862373, 0.0, 119.32296440826367, 
371.28951442474767, 0.0, 0.0, 0.0, 0.0, 284.37936823058567, 0.0, 64.92695175996624, 0.0, 0.0, 32.043819754820944, 57.82746792015448, 0.0, 0.0, 0.0, 0.0, 0.0, 0.0, 0.0, 0.0, 0.0, 0.0, 0.0, 0.0, 757.1459726020962, 184.76811930936452, 0.0, 14.890200746205938, 0.0, 145.95949294289284, 
95.92007143566863, 0.0, 377.37153116860804, 0.0, 151.65440199757484, 44.7474107408141, 0.0, 41.24689296900519, 13.124399779131238, 0.0, 52.26738625282215, 24.19920531948632, 68.64617663100661, 0.0, 30.904135752500746, 0.0, 0.0, 0.0, 0.0, 100.8762594603984, 0.0, 0.0, 0.0, 0.0, 0.0, 0.0, 0.0, 48.11297687978158, 0.0, 0.0, 
0.0, 0.0, 0.0, 0.0, 0.0, 0.0, 0.0, 0.0, 0.0, 0.0, 0.0, 0.0, 0.0, 0.0, 0.0, 0.0, 0.0, 0.0, 0.0, 0.0, 0.0, 0.0, 0.0, 0.0, 0.0, 0.0, 0.0, 0.0, 0.0, 0.0, 
1.4239926385009194, 0.0, 0.4583485902974577, 0.0, 1.3727200715861774, 1.276769902357745, 0.0, 6.022281746873782, 1074.9353384371955, 0.0, 0.0, 2.575844276779817, 0.460013332577476, 0.0, 3.754703094120326, 0.0, 0.0, 0.0, 0.0, 0.9720246449829082, 0.0, 0.0, 0.0, 0.0, 0.0, 0.0, 0.0, 21.471372289169196, 0.0, 3.362989868279297, 
144.18590794965567, 0.0, 440.8375862977922, 0.0, 122.7817399480686, 240.43532728492565, 0.0, 173.45278272947382, 104.19594639670088, 0.0, 42.45053592416616, 82.19770286700735, 153.76354766141458, 0.0, 139.13492192500112, 0.0, 0.0, 23.277454730663063, 0.0, 402.8300862169968, 0.0, 0.0, 0.0, 0.0, 0.0, 0.0, 0.0, 179.03147600608216, 0.0, 183.55335209138013, 
0.0, 0.0, 0.0, 0.0, 9.890564845166605, 10.595119776273926, 0.0, 128.35024115191163, 24.156112200455887, 0.0, 0.0, 35.68209073681181, 21.14551324364116, 0.0, 0.0, 0.0, 0.0, 181.3652658958967, 0.0, 24.085514357021953, 0.0, 0.0, 0.0, 0.0, 0.0, 0.0, 0.0, 0.0, 0.0, 89.28588205543775, 
11.150930782705078, 0.0, 236.73788776347988, 0.0, 0.0, 0.0, 0.0, 0.0, 122.40579421143966, 0.0, 330.94969802510053, 0.0, 0.0, 0.0, 0.0, 0.0, 0.0, 0.0, 0.0, 22.062968495140225, 0.0, 0.0, 0.0, 0.0, 330.07717005977094, 0.0, 0.0, 6.01388022467275, 0.0, 539.7019489586388, 
123.13505174058369, 0.0, 11.633826669216374, 0.0, 0.0, 65.59623928339266, 0.0, 153.4389779431693, 0.0, 0.0, 0.0, 118.34440723507979, 180.5987736365939, 0.0, 76.22813555149239, 0.0, 0.0, 9.512687006850655, 0.0, 44.39407159266819, 0.0, 0.0, 0.0, 0.0, 166.61768690329149, 0.0, 0.0, 0.0, 0.0, 0.0, 
