0.0, 0.0, 0.0, 0.0, 0.0, 0.0, 0.0, 0.0, 0.0, 0.0, 0.0, 0.0, 0.0, 0.0, 0.0, 0.0, 0.0, 0.0, 0.0, 0.0, 0.0, 0.0, 0.0, 0.0, 0.0, 0.0, 0.0, 0.0, 0.0, 0.0, 
0.0, 0.0, 0.0, 0.0, 0.0, 0.0, 0.0, 1.2445405734581185E-10, 113.3019872830425, 0.0, 93.49678907433315, 65.97833967377474, 104.71042069421453, 0.0, 0.0, 0.0, 0.0, 71.19019810197865, 0.0, 272.6594881739383, 0.0, 0.0, 0.0, 0.0, 42.81361473513205, 7.332321870155805E-12, 0.0, 58.69257816750187, 0.0, 97.44315883391715, 
0.0, 0.0, 0.0, 0.0, 0.0, 0.0, 0.0, 0.0, 0.0, 0.0, 0.0, 0.0, 0.0, 0.0, 0.0, 0.0, 0.0, 0.0, 0.0, 0.0, 0.0, 0.0, 0.0, 0.0, 0.0, 0.0, 0.0, 0.0, 0.0, 0.0, 
0.0, 0.0, 0.0, 0.0, 0.0, 0.0, 0.0, 44.745469435579736, 18.74347492796105, 0.0, 21.454067257132014, 26.42377903745946, 5.440794971144853, 0.0, 0.0, 0.0, 0.0, 42.98900332765484, 0.0, 274.9656410962875, 0.0, 0.0, 0.0, 0.0, 0.0, 311.14244580324834, 0.0, 1.4135491331056952E-11, 0.0, 2.253418905628575, 
0.0, 0.0, 0.0, 0.0, 0.0, 0.0, 0.0, 43.31493819446334, 5.42627409433471, 0.0, 16.8836852904661, 10.325293321685868, 25.27171201099481, 0.0, 0.37820641183449905, 0.0, 0.0, 3.2307530687700066E-11, 0.0, 15.870072426179505, 0.0, 0.0, 0.0, 0.0, 72.34247419998434, 31.61271845211746, 0.0, 0.0, 0.0, 3.784137957558044, 
0.0, 0.0, 0.0, 0.0, 0.0, 0.0, 0.0, 0.0, 0.0, 0.0, 0.0, 0.0, 0.0, 0.0, 0.0, 0.0, 0.0, 0.0, 0.0, 0.0, 0.0, 0.0, 0.0, 0.0, 0.0, 0.0, 0.0, 0.0, 0.0, 0.0, 
0.0, 0.0, 0.0, 0.0, 0.0, 0.0, 0.0, 260.1266797890603, 94.15595185361488, 0.0, 42.889003837267154, 41.76230359129996, 130.90894588762873, 0.0, 108.386051730903, 0.0, 0.0, 0.0, 0.0, 127.3507484777396, 0.0, 0.0, 0.0, 0.0, 756.2637336048773, 172.6601276305622, 0.0, 27.829525761895624, 0.0, 163.66696332000282, 
7.346873738456054E-11, 0.0, 2.642928586885822E-10, 0.0, 0.0, 56.45482565787482, 0.0, 0.0, 319.89100026563216, 0.0, 172.17459191754065, 97.46197171825551, 178.65625136331448, 0.0, 0.0, 0.0, 0.0, 7.259399010143189E-11, 0.0, 14.829096638151228, 0.0, 0.0, 0.0, 0.0, 1.666779421234557E-11, 1.413773361519911E-10, 0.0, 23.75719058574763, 0.0, 440.77504171388733, 
387.7874163300084, 0.0, 3.2200542077675683E-11, 0.0, 0.0, 325.0180738659451, 0.0, 0.0, 0.0, 0.0, 0.0, 100.36583483217203, 54.75382350621411, 0.0, 72.75820695327975, 0.0, 0.0, 4.72179021674243E-11, 0.0, 0.010114774178297056, 0.0, 0.0, 0.0, 0.0, 337.5402683726106, 172.1039843512939, 0.0, 35.83616169666298, 0.0, 0.0, 
269.22564761732013, 0.0, 5.3994660224814347E-11, 0.0, 5.284794210640511E-10, 191.27967856116084, 0.0, 149.29606017837528, 0.0, 0.0, 0.0, 106.34166559782489, 1017.8322880601252, 0.0, 400.234534712816, 0.0, 0.0, 0.0, 0.0, 0.20947028841502757, 0.0, 0.0, 0.0, 0.0, 315.509902154408, 0.0, 0.0, 1.6353630493748514E-9, 0.0, 0.0, 
0.0, 0.0, 0.0, 0.0, 0.0, 0.0, 0.0, 0.0, 0.0, 0.0, 0.0, 0.0, 0.0, 0.0, 0.0, 0.0, 0.0, 0.0, 0.0, 0.0, 0.0, 0.0, 0.0, 0.0, 0.0, 0.0, 0.0, 0.0, 0.0, 0.0, 
0.0, 0.0, 0.0, 0.0, 0.0, 0.0, 0.0, 0.0, 0.0, 0.0, 0.0, 0.0, 0.0, 0.0, 0.0, 0.0, 0.0, 0.0, 0.0, 0.0, 0.0, 0.0, 0.0, 0.0, 0.0, 0.0, 0.0, 0.0, 0.0, 0.0, 
0.0, 0.0, 0.0, 0.0, 0.0, 0.0, 0.0, 0.0, 0.0, 0.0, 0.0, 0.0, 0.0, 0.0, 0.0, 0.0, 0.0, 0.0, 0.0, 0.0, 0.0, 0.0, 0.0, 0.0, 0.0, 0.0, 0.0, 0.0, 0.0, 0.0, 
2.1320036226161268E-10, 0.0, 6.437835620224467E-11, 0.0, 3.3108851538876537E-10, 339.61797106398984, 0.0, 380.4646367302257, 0.0, 0.0, 212.70854323024403, 0.0, 0.0, 0.0, 0.0, 0.0, 0.0, 0.0, 0.0, 0.0, 0.0, 0.0, 0.0, 0.0, 112.97848091196136, 1.9372557338872007E-10, 0.0, 0.8512922196473376, 0.0, 802.3791286846609, 
0.0, 0.0, 0.0, 0.0, 0.0, 0.0, 0.0, 0.0, 0.0, 0.0, 0.0, 0.0, 0.0, 0.0, 0.0, 0.0, 0.0, 0.0, 0.0, 0.0, 0.0, 0.0, 0.0, 0.0, 0.0, 0.0, 0.0, 0.0, 0.0, 0.0, 
3.414377742433423E-11, 0.0, 7.670002665703608E-12, 0.0, 1.1859940787541926E-11, 266.36257256122894, 0.0, 5.388444546926915E-10, 0.0, 0.0, 185.76308997138216, 0.0, 0.0, 0.0, 0.0, 0.0, 0.0, 0.0, 0.0, 7.392756719268019, 0.0, 0.0, 0.0, 0.0, 92.50125263064908, 9.193862205881147E-11, 0.0, 1.0389349951232332E-10, 0.0, 92.45836357709591, 
0.0, 0.0, 0.0, 0.0, 0.0, 0.0, 0.0, 0.0, 0.0, 0.0, 0.0, 0.0, 0.0, 0.0, 0.0, 0.0, 0.0, 0.0, 0.0, 0.0, 0.0, 0.0, 0.0, 0.0, 0.0, 0.0, 0.0, 0.0, 0.0, 0.0, 
0.0, 0.0, 0.0, 0.0, 0.0, 0.0, 0.0, 0.0, 0.0, 0.0, 0.0, 0.0, 0.0, 0.0, 0.0, 0.0, 0.0, 0.0, 0.0, 0.0, 0.0, 0.0, 0.0, 0.0, 0.0, 0.0, 0.0, 0.0, 0.0, 0.0, 
0.0, 0.0, 0.0, 0.0, 0.0, 0.0, 0.0, 0.0, 0.0, 0.0, 0.0, 0.0, 0.0, 0.0, 0.0, 0.0, 0.0, 0.0, 0.0, 0.0, 0.0, 0.0, 0.0, 0.0, 0.0, 0.0, 0.0, 0.0, 0.0, 0.0, 
0.0, 0.0, 0.0, 0.0, 0.0, 0.0, 0.0, 0.0, 0.0, 0.0, 0.0, 0.0, 0.0, 0.0, 0.0, 0.0, 0.0, 0.0, 0.0, 0.0, 0.0, 0.0, 0.0, 0.0, 0.0, 0.0, 0.0, 0.0, 0.0, 0.0, 
8.124367263268624E-11, 0.0, 0.0, 0.0, 0.0, 76.0429925560105, 0.0, 3.614577965216283E-10, 84.7371669491348, 0.0, 126.78476840594199, 67.61458435374622, 0.0, 0.0, 0.0, 0.0, 0.0, 0.0, 0.0, 0.0, 0.0, 0.0, 0.0, 0.0, 113.90375282929581, 1.322555103687856E-10, 0.0, 0.0, 0.0, 41.91672889623553, 
0.0, 0.0, 377.43046645020445, 0.0, 0.0, 102.38697763888933, 0.0, 56.368811904345186, 93.52213578485544, 0.0, 61.75989210209908, 0.0, 0.0, 0.0, 0.0, 0.0, 0.0, 0.0, 0.0, 0.0, 0.0, 0.0, 0.0, 0.0, 300.34885047235485, 3.9542403791373945E-11, 0.0, 2.1722456484563087E-11, 0.0, 91.86526351290854, 
470.047688032355, 0.0, 0.0, 0.0, 0.0, 180.63983147829626, 0.0, 82.60519011346177, 0.0, 0.0, 87.9667519628823, 84.38761704811013, 0.0, 0.0, 0.0, 0.0, 0.0, 0.0, 0.0, 0.0, 0.0, 0.0, 0.0, 0.0, 711.9637662923124, 76.70247715219229, 0.0, 1.169918608564431E-11, 0.0, 173.3739451531511, 
1.7137538837578043E-10, 0.0, 389.557455712983, 0.0, 180.76421494122462, 5.229291966048446E-10, 0.0, 221.84295412941364, 1.0199773852978227E-9, 0.0, 1.008369293081071E-9, 5.156882408983274E-10, 113.80330569661784, 0.0, 14.132450378274875, 0.0, 0.0, 0.0, 0.0, 162.7082014191372, 0.0, 0.0, 0.0, 0.0, 0.0, 0.0, 0.0, 6.205769171701145E-11, 0.0, 0.0, 
0.0, 0.0, 0.0, 0.0, 0.0, 0.0, 0.0, 0.0, 0.0, 0.0, 0.0, 0.0, 0.0, 0.0, 0.0, 0.0, 0.0, 0.0, 0.0, 0.0, 0.0, 0.0, 0.0, 0.0, 0.0, 0.0, 0.0, 0.0, 0.0, 0.0, 
2.195613112057E-11, 0.0, 2.2080834337237968E-11, 0.0, 2.1909950385672646E-11, 2.819725486400274E-11, 0.0, 2.4769516289661122E-11, 502.80025942004755, 0.0, 0.0, 6.355268757059274E-11, 3.864298440518875E-12, 0.0, 8.547859120291474E-12, 0.0, 0.0, 0.0, 0.0, 1.7993787191766072E-11, 0.0, 0.0, 0.0, 0.0, 0.0, 0.0, 0.0, 344.7151589922974, 0.0, 3.2166654729292225E-11, 
160.45489597801293, 0.0, 343.0752605501805, 0.0, 113.83820681234978, 211.28466406056754, 0.0, 285.378507445738, 449.31509769323213, 0.0, 163.12725514606626, 34.994522746589034, 188.56755574251252, 0.0, 104.99439473772806, 0.0, 0.0, 46.97087373617272, 0.0, 269.5472024525538, 0.0, 0.0, 0.0, 0.0, 0.0, 0.0, 0.0, 63.59112842739181, 0.0, 114.12906648513655, 
0.0, 0.0, 0.0, 0.0, 3.70895522073555E-11, 2.846620883067897E-11, 0.0, 165.15382303299455, 35.39529173800308, 0.0, 0.0, 21.601503443491616, 38.007247268696744, 0.0, 0.0, 0.0, 0.0, 207.47763357462148, 0.0, 18.57735253557291, 0.0, 0.0, 0.0, 0.0, 0.0, 0.0, 0.0, 0.0, 0.0, 60.80680930633697, 
2.510751520065423E-10, 0.0, 455.3489781006842, 0.0, 0.0, 0.0, 0.0, 0.0, 174.71145520837757, 0.0, 310.9915097596629, 0.0, 0.0, 0.0, 0.0, 0.0, 0.0, 0.0, 0.0, 12.617794856728345, 0.0, 0.0, 0.0, 0.0, 290.2354173643454, 0.0, 0.0, 3.474308561443505E-11, 0.0, 8640329.287139572, 
195.70611857824582, 0.0, 4.8884142582539765E-11, 0.0, 0.0, 150.71705825095412, 0.0, 71.70299381357599, 0.0, 0.0, 0.0, 116.74258497420158, 193.64727424443635, 0.0, 127.14110936105068, 0.0, 0.0, 1.4203473000247027E-10, 0.0, 66.38446118565594, 0.0, 0.0, 0.0, 0.0, 286.15342711223195, 0.0, 0.0, 0.0, 0.0, 0.0, 
