0.0, 0.0, 0.0, 0.0, 0.0, 0.0, 0.0, 0.0, 0.0, 0.0, 0.0, 0.0, 0.0, 0.0, 0.0, 0.0, 0.0, 0.0, 0.0, 0.0, 0.0, 0.0, 0.0, 0.0, 0.0, 0.0, 0.0, 0.0, 0.0, 0.0, 
0.0, 0.0, 0.0, 0.0, 0.0, 0.0, 0.0, 0.03737952710085548, 123.53462663440939, 0.0, 92.66466417508437, 84.04826005702067, 117.1377140871087, 0.0, 0.0, 0.0, 0.0, 17.876665847631315, 0.0, 214.3643619007735, 0.0, 0.0, 0.0, 0.0, 37.14356606755762, 0.003537128648909328, 0.0, 94.56364951687156, 0.0, 123.95586024433693, 
0.0, 0.0, 0.0, 0.0, 0.0, 0.0, 0.0, 0.0, 0.0, 0.0, 0.0, 0.0, 0.0, 0.0, 0.0, 0.0, 0.0, 0.0, 0.0, 0.0, 0.0, 0.0, 0.0, 0.0, 0.0, 0.0, 0.0, 0.0, 0.0, 0.0, 
0.0, 0.0, 0.0, 0.0, 0.0, 0.0, 0.0, 63.316549221264104, 9.062291591608927, 0.0, 9.62383100133519, 14.200141705475351, 13.877032415434138, 0.0, 0.0, 0.0, 0.0, 61.677236772637755, 0.0, 262.01945517298134, 0.0, 0.0, 0.0, 0.0, 0.0, 306.7041617119688, 0.0, 0.008096866107842084, 0.0, 6.082447497224424, 
0.0, 0.0, 0.0, 0.0, 0.0, 0.0, 0.0, 28.15478826636434, 15.397066988171616, 0.0, 16.94665384643896, 14.088159571736183, 9.896776238071485, 0.0, 15.365989651603371, 0.0, 0.0, 0.010321208316664823, 0.0, 14.599750187429034, 0.0, 0.0, 0.0, 0.0, 70.31739075775617, 33.49297143921558, 0.0, 0.0, 0.0, 5.354536727229852, 
0.0, 0.0, 0.0, 0.0, 0.0, 0.0, 0.0, 0.0, 0.0, 0.0, 0.0, 0.0, 0.0, 0.0, 0.0, 0.0, 0.0, 0.0, 0.0, 0.0, 0.0, 0.0, 0.0, 0.0, 0.0, 0.0, 0.0, 0.0, 0.0, 0.0, 
0.0, 0.0, 0.0, 0.0, 0.0, 0.0, 0.0, 213.61099590512723, 273.3620636017897, 0.0, 53.725287954367346, 52.035008287689955, 86.42965485686412, 0.0, 166.63116998255643, 0.0, 0.0, 0.0, 0.0, 106.73252167756064, 0.0, 0.0, 0.0, 0.0, 684.2126657260908, 169.24510605146153, 0.0, 39.62466580961527, 0.0, 78.29385156269099, 
0.08329720780273817, 0.0, 0.025543564242518094, 0.0, 0.0, 94.9997954680271, 0.0, 0.0, 337.3868810350328, 0.0, 166.6145711059077, 100.41424106637967, 210.14817547466583, 0.0, 0.0, 0.0, 0.0, 0.07821922014248467, 0.0, 59.273063004108025, 0.0, 0.0, 0.0, 0.0, 0.13216432401558445, 0.08093645329366926, 0.0, 23.447680510399504, 0.0, 314.1312333515517, 
369.0701661623496, 0.0, 0.031030811777038717, 0.0, 0.0, 303.87419040004, 0.0, 0.0, 0.0, 0.0, 0.0, 134.61740112143724, 91.6898870595814, 0.0, 36.736805100346075, 0.0, 0.0, 0.09242184395263266, 0.0, 1.0483060838590388, 0.0, 0.0, 0.0, 0.0, 337.0985021052696, 138.68266976642087, 0.0, 40.09622713205957, 0.0, 0.0, 
223.82986532986888, 0.0, 0.1545895683506631, 0.0, 14.328122628880235, 131.95768792081932, 0.0, 115.88246561117468, 0.0, 0.0, 0.0, 62.12627666789778, 1020.3252462496897, 0.0, 346.44270701400694, 0.0, 0.0, 0.0, 0.0, 4.394435462092128, 0.0, 0.0, 0.0, 0.0, 528.2727653183462, 0.0, 0.0, 0.9943493500337908, 0.0, 0.0, 
0.0, 0.0, 0.0, 0.0, 0.0, 0.0, 0.0, 0.0, 0.0, 0.0, 0.0, 0.0, 0.0, 0.0, 0.0, 0.0, 0.0, 0.0, 0.0, 0.0, 0.0, 0.0, 0.0, 0.0, 0.0, 0.0, 0.0, 0.0, 0.0, 0.0, 
0.0, 0.0, 0.0, 0.0, 0.0, 0.0, 0.0, 0.0, 0.0, 0.0, 0.0, 0.0, 0.0, 0.0, 0.0, 0.0, 0.0, 0.0, 0.0, 0.0, 0.0, 0.0, 0.0, 0.0, 0.0, 0.0, 0.0, 0.0, 0.0, 0.0, 
0.0, 0.0, 0.0, 0.0, 0.0, 0.0, 0.0, 0.0, 0.0, 0.0, 0.0, 0.0, 0.0, 0.0, 0.0, 0.0, 0.0, 0.0, 0.0, 0.0, 0.0, 0.0, 0.0, 0.0, 0.0, 0.0, 0.0, 0.0, 0.0, 0.0, 
0.04706713018115371, 0.0, 0.08241795758153585, 0.0, 4.806350580011099, 451.2151922974625, 0.0, 296.5823464319174, 0.0, 0.0, 537.3812893445645, 0.0, 0.0, 0.0, 0.0, 0.0, 0.0, 0.0, 0.0, 0.0, 0.0, 0.0, 0.0, 0.0, 58.928683971458, 0.016700755884416163, 0.0, 0.14588520815279923, 0.0, 500.20219261986983, 
0.0, 0.0, 0.0, 0.0, 0.0, 0.0, 0.0, 0.0, 0.0, 0.0, 0.0, 0.0, 0.0, 0.0, 0.0, 0.0, 0.0, 0.0, 0.0, 0.0, 0.0, 0.0, 0.0, 0.0, 0.0, 0.0, 0.0, 0.0, 0.0, 0.0, 
0.019668826615751277, 0.0, 0.00787438328650199, 0.0, 0.011183696581676764, 169.6032419026802, 0.0, 58.47532975452628, 0.0, 0.0, 139.8697168179277, 0.0, 0.0, 0.0, 0.0, 0.0, 0.0, 0.0, 0.0, 0.3680266527960868, 0.0, 0.0, 0.0, 0.0, 70.33243528938233, 0.01504900511154614, 0.0, 0.028827431349784938, 0.0, 137.21999367752568, 
0.0, 0.0, 0.0, 0.0, 0.0, 0.0, 0.0, 0.0, 0.0, 0.0, 0.0, 0.0, 0.0, 0.0, 0.0, 0.0, 0.0, 0.0, 0.0, 0.0, 0.0, 0.0, 0.0, 0.0, 0.0, 0.0, 0.0, 0.0, 0.0, 0.0, 
0.0, 0.0, 0.0, 0.0, 0.0, 0.0, 0.0, 0.0, 0.0, 0.0, 0.0, 0.0, 0.0, 0.0, 0.0, 0.0, 0.0, 0.0, 0.0, 0.0, 0.0, 0.0, 0.0, 0.0, 0.0, 0.0, 0.0, 0.0, 0.0, 0.0, 
0.0, 0.0, 0.0, 0.0, 0.0, 0.0, 0.0, 0.0, 0.0, 0.0, 0.0, 0.0, 0.0, 0.0, 0.0, 0.0, 0.0, 0.0, 0.0, 0.0, 0.0, 0.0, 0.0, 0.0, 0.0, 0.0, 0.0, 0.0, 0.0, 0.0, 
0.0, 0.0, 0.0, 0.0, 0.0, 0.0, 0.0, 0.0, 0.0, 0.0, 0.0, 0.0, 0.0, 0.0, 0.0, 0.0, 0.0, 0.0, 0.0, 0.0, 0.0, 0.0, 0.0, 0.0, 0.0, 0.0, 0.0, 0.0, 0.0, 0.0, 
0.015111390784298216, 0.0, 0.0, 0.0, 0.0, 63.32314912877076, 0.0, 4.582801583058799, 60.81390464911805, 0.0, 91.89963954350944, 48.41762691865513, 0.0, 0.0, 0.0, 0.0, 0.0, 0.0, 0.0, 0.0, 0.0, 0.0, 0.0, 0.0, 182.83647536033763, 0.09722659274934649, 0.0, 0.0, 0.0, 57.48907591820887, 
0.0, 0.0, 543.4461455252625, 0.0, 0.0, 61.62682083679768, 0.0, 96.25143298285471, 134.5488248192794, 0.0, 43.201613948404656, 0.0, 0.0, 0.0, 0.0, 0.0, 0.0, 0.0, 0.0, 0.0, 0.0, 0.0, 0.0, 0.0, 144.29469442177782, 0.014206798624906647, 0.0, 0.02433864415979775, 0.0, 51.44635620947535, 
490.4910850138014, 0.0, 0.0, 0.0, 0.0, 227.92669934362578, 0.0, 86.30020459138932, 0.0, 0.0, 85.71011599755512, 60.00621342417729, 0.0, 0.0, 0.0, 0.0, 0.0, 0.0, 0.0, 0.0, 0.0, 0.0, 0.0, 0.0, 639.9237001231093, 124.94798903432275, 0.0, 0.0012368767509418144, 0.0, 148.52682261089367, 
0.04025640748388076, 0.0, 329.48271765489034, 0.0, 177.30991391807348, 0.2314352436253989, 0.0, 196.48625913371984, 0.14291709556763837, 0.0, 0.5961976045127133, 0.11978171742420696, 124.16109331251788, 0.0, 38.64168542815067, 0.0, 0.0, 0.0, 0.0, 197.14352050200256, 0.0, 0.0, 0.0, 0.0, 0.0, 0.0, 0.0, 0.042926293127883715, 0.0, 0.0, 
0.0, 0.0, 0.0, 0.0, 0.0, 0.0, 0.0, 0.0, 0.0, 0.0, 0.0, 0.0, 0.0, 0.0, 0.0, 0.0, 0.0, 0.0, 0.0, 0.0, 0.0, 0.0, 0.0, 0.0, 0.0, 0.0, 0.0, 0.0, 0.0, 0.0, 
0.004943668772102876, 0.0, 0.0058515421289345145, 0.0, 0.00866839306675758, 0.004759518292198478, 0.0, 5.385110298386129E-4, 675.0233750229609, 0.0, 0.0, 0.007427768838869787, 0.0074786802854874415, 0.0, 0.015401500552459218, 0.0, 0.0, 0.0, 0.0, 0.01848401141676611, 0.0, 0.0, 0.0, 0.0, 0.0, 0.0, 0.0, 247.8996860319291, 0.0, 0.013249255475973625, 
179.1346846465089, 0.0, 364.531950814777, 0.0, 99.96456641621239, 283.2035209333296, 0.0, 371.45932696660446, 132.22415423199877, 0.0, 131.94266090835222, 52.282449470751594, 161.10492340401169, 0.0, 130.7157712781362, 0.0, 0.0, 63.723060368737535, 0.0, 323.4883846256671, 0.0, 0.0, 0.0, 0.0, 0.0, 0.0, 0.0, 82.45507319779539, 0.0, 146.32349063749476, 
0.0, 0.0, 0.0, 0.0, 0.019510157511877634, 0.004478936449111093, 0.0, 131.81500290918177, 42.24821456432799, 0.0, 0.0, 54.09199011092975, 59.660862970168345, 0.0, 0.0, 0.0, 0.0, 206.23459756461833, 0.0, 6.650277262752017, 0.0, 0.0, 0.0, 0.0, 0.0, 0.0, 0.0, 0.0, 0.0, 40.33631286411201, 
0.05185813263315428, 0.0, 335.51788242260017, 0.0, 0.0, 0.0, 0.0, 0.0, 87.60467816261539, 0.0, 127.40406629277022, 0.0, 0.0, 0.0, 0.0, 0.0, 0.0, 0.0, 0.0, 0.11225822826318796, 0.0, 0.0, 0.0, 0.0, 381.7091744432851, 0.0, 0.0, 0.12032379865600049, 0.0, 950.0608884282857, 
231.38284283857956, 0.0, 0.10000988370033395, 0.0, 0.0, 115.48277700553155, 0.0, 101.97246909091352, 0.0, 0.0, 0.0, 98.14284425989078, 160.83019476885266, 0.0, 94.17302122498297, 0.0, 0.0, 0.09878776404739573, 0.0, 54.59474464975308, 0.0, 0.0, 0.0, 0.0, 297.634984766646, 0.0, 0.0, 0.0, 0.0, 0.0, 
