0.0, 0.0, 0.0, 0.0, 0.0, 0.0, 0.0, 0.0, 0.0, 0.0, 0.0, 0.0, 0.0, 0.0, 0.0, 0.0, 0.0, 0.0, 0.0, 0.0, 0.0, 0.0, 0.0, 0.0, 0.0, 0.0, 0.0, 0.0, 0.0, 0.0, 
0.0, 0.0, 0.0, 0.0, 0.0, 0.0, 0.0, 1.496102881768948E-12, 34.555300770390986, 0.0, 89.3824735653616, 67.5707262671553, 182.18220198872703, 0.0, 0.0, 0.0, 0.0, 49.70946187226708, 0.0, 220.91202165648997, 0.0, 0.0, 0.0, 0.0, 39.92394952807518, 8.15108721882808E-12, 0.0, 106.21959993952639, 0.0, 128.4729397905743, 
0.0, 0.0, 0.0, 0.0, 0.0, 0.0, 0.0, 0.0, 0.0, 0.0, 0.0, 0.0, 0.0, 0.0, 0.0, 0.0, 0.0, 0.0, 0.0, 0.0, 0.0, 0.0, 0.0, 0.0, 0.0, 0.0, 0.0, 0.0, 0.0, 0.0, 
0.0, 0.0, 0.0, 0.0, 0.0, 0.0, 0.0, 36.5598428349729, 1.9546399611104242, 0.0, 14.236864983474325, 22.29011326032834, 34.59666782099488, 0.0, 0.0, 0.0, 0.0, 38.736782444596706, 0.0, 296.1796531809822, 0.0, 0.0, 0.0, 0.0, 0.0, 300.31283506744904, 0.0, 2.2168460659743E-12, 0.0, 1.3359353402496796, 
0.0, 0.0, 0.0, 0.0, 0.0, 0.0, 0.0, 26.580325697194326, 15.02695561322776, 0.0, 7.325013271822794, 17.529699761206945, 29.844747369425935, 0.0, 4.965974965937322E-9, 0.0, 0.0, 1.3903709881383448E-12, 0.0, 11.298591844655338, 0.0, 0.0, 0.0, 0.0, 91.43722321305985, 23.89511061746863, 0.0, 0.0, 0.0, 2.5189275360866774, 
0.0, 0.0, 0.0, 0.0, 0.0, 0.0, 0.0, 0.0, 0.0, 0.0, 0.0, 0.0, 0.0, 0.0, 0.0, 0.0, 0.0, 0.0, 0.0, 0.0, 0.0, 0.0, 0.0, 0.0, 0.0, 0.0, 0.0, 0.0, 0.0, 0.0, 
0.0, 0.0, 0.0, 0.0, 0.0, 0.0, 0.0, 197.37663599628883, 6.916693634424713, 0.0, 36.57419612924012, 37.164289061262444, 72.73736115151249, 0.0, 190.63427393523875, 0.0, 0.0, 0.0, 0.0, 112.8372257725307, 0.0, 0.0, 0.0, 0.0, 664.1569179636012, 188.08181458330034, 0.0, 40.11701200718507, 0.0, 379.4035620052415, 
5.882254348355059E-12, 0.0, 6.738412587966142E-11, 0.0, 0.0, 125.77017023483873, 0.0, 0.0, 241.44211223540447, 0.0, 161.97351794858193, 169.74025615445868, 156.95356317519665, 0.0, 0.0, 0.0, 0.0, 6.664264418700195E-12, 0.0, 37.15006908639411, 0.0, 0.0, 0.0, 0.0, 1.902996402343272E-11, 4.26043924343948E-11, 0.0, 25.210645994502126, 0.0, 385.75972574370104, 
284.78641441726086, 0.0, 6.824721114191468E-12, 0.0, 0.0, 286.6884671088505, 0.0, 0.0, 0.0, 0.0, 0.0, 40.289790383925826, 92.05055098998736, 0.0, 34.94938336597573, 0.0, 0.0, 1.5696500314102855E-11, 0.0, 1.7096369550740007E-9, 0.0, 0.0, 0.0, 0.0, 290.3547527566978, 166.86818784665752, 0.0, 29.388310360350783, 0.0, 0.0, 
334.07511893823937, 0.0, 3.3431842149334094E-11, 0.0, 9.198960245987504, 89.63976084271074, 0.0, 148.5813557227895, 0.0, 0.0, 0.0, 98.07824968567148, 1018.5619172885227, 0.0, 358.3387849687105, 0.0, 0.0, 0.0, 0.0, 0.8982911485227726, 0.0, 0.0, 0.0, 0.0, 391.8379215210557, 0.0, 0.0, 1.6148634646898173E-10, 0.0, 0.0, 
0.0, 0.0, 0.0, 0.0, 0.0, 0.0, 0.0, 0.0, 0.0, 0.0, 0.0, 0.0, 0.0, 0.0, 0.0, 0.0, 0.0, 0.0, 0.0, 0.0, 0.0, 0.0, 0.0, 0.0, 0.0, 0.0, 0.0, 0.0, 0.0, 0.0, 
0.0, 0.0, 0.0, 0.0, 0.0, 0.0, 0.0, 0.0, 0.0, 0.0, 0.0, 0.0, 0.0, 0.0, 0.0, 0.0, 0.0, 0.0, 0.0, 0.0, 0.0, 0.0, 0.0, 0.0, 0.0, 0.0, 0.0, 0.0, 0.0, 0.0, 
0.0, 0.0, 0.0, 0.0, 0.0, 0.0, 0.0, 0.0, 0.0, 0.0, 0.0, 0.0, 0.0, 0.0, 0.0, 0.0, 0.0, 0.0, 0.0, 0.0, 0.0, 0.0, 0.0, 0.0, 0.0, 0.0, 0.0, 0.0, 0.0, 0.0, 
8.642048691390792E-12, 0.0, 5.058299521950912E-11, 0.0, 7.4117854751613805, 424.3717966760755, 0.0, 347.61102604484284, 0.0, 0.0, 625.4647324263464, 0.0, 0.0, 0.0, 0.0, 0.0, 0.0, 0.0, 0.0, 0.0, 0.0, 0.0, 0.0, 0.0, 88.873706672399, 1.453939320200585E-11, 0.0, 3.4088280258668074E-11, 0.0, 355.26695064909046, 
0.0, 0.0, 0.0, 0.0, 0.0, 0.0, 0.0, 0.0, 0.0, 0.0, 0.0, 0.0, 0.0, 0.0, 0.0, 0.0, 0.0, 0.0, 0.0, 0.0, 0.0, 0.0, 0.0, 0.0, 0.0, 0.0, 0.0, 0.0, 0.0, 0.0, 
1.3164277686850853E-11, 0.0, 6.186145435582327E-12, 0.0, 4.935811312541554E-12, 225.897354106777, 0.0, 27.196282072251382, 0.0, 0.0, 111.32797862368956, 0.0, 0.0, 0.0, 0.0, 0.0, 0.0, 0.0, 0.0, 9.838667914028776E-11, 0.0, 0.0, 0.0, 0.0, 46.24231681935835, 9.505255676957598E-13, 0.0, 4.703378689347572E-12, 0.0, 179.03102414955066, 
0.0, 0.0, 0.0, 0.0, 0.0, 0.0, 0.0, 0.0, 0.0, 0.0, 0.0, 0.0, 0.0, 0.0, 0.0, 0.0, 0.0, 0.0, 0.0, 0.0, 0.0, 0.0, 0.0, 0.0, 0.0, 0.0, 0.0, 0.0, 0.0, 0.0, 
0.0, 0.0, 0.0, 0.0, 0.0, 0.0, 0.0, 0.0, 0.0, 0.0, 0.0, 0.0, 0.0, 0.0, 0.0, 0.0, 0.0, 0.0, 0.0, 0.0, 0.0, 0.0, 0.0, 0.0, 0.0, 0.0, 0.0, 0.0, 0.0, 0.0, 
0.0, 0.0, 0.0, 0.0, 0.0, 0.0, 0.0, 0.0, 0.0, 0.0, 0.0, 0.0, 0.0, 0.0, 0.0, 0.0, 0.0, 0.0, 0.0, 0.0, 0.0, 0.0, 0.0, 0.0, 0.0, 0.0, 0.0, 0.0, 0.0, 0.0, 
0.0, 0.0, 0.0, 0.0, 0.0, 0.0, 0.0, 0.0, 0.0, 0.0, 0.0, 0.0, 0.0, 0.0, 0.0, 0.0, 0.0, 0.0, 0.0, 0.0, 0.0, 0.0, 0.0, 0.0, 0.0, 0.0, 0.0, 0.0, 0.0, 0.0, 
1.9034636785900938E-11, 0.0, 0.0, 0.0, 0.0, 54.49485852945498, 0.0, 1.8019380500229625E-10, 88.73442042685157, 0.0, 56.11170786058486, 30.025626834337643, 0.0, 0.0, 0.0, 0.0, 0.0, 0.0, 0.0, 0.0, 0.0, 0.0, 0.0, 0.0, 228.49598553240332, 4.100198414705198E-12, 0.0, 0.0, 0.0, 53.13737023678048, 
0.0, 0.0, 525.1413796046503, 0.0, 0.0, 109.57838415519375, 0.0, 78.76879790029207, 132.6641424415296, 0.0, 24.674717790842514, 0.0, 0.0, 0.0, 0.0, 0.0, 0.0, 0.0, 0.0, 0.0, 0.0, 0.0, 0.0, 0.0, 108.15156666034113, 1.00195753201291E-11, 0.0, 3.605373447646373E-12, 0.0, 85.85943173438316, 
407.0041509449063, 0.0, 0.0, 0.0, 0.0, 182.25580143921144, 0.0, 126.23672789395219, 0.0, 0.0, 86.19320336418907, 101.58224321880049, 0.0, 0.0, 0.0, 0.0, 0.0, 0.0, 0.0, 0.0, 0.0, 0.0, 0.0, 0.0, 742.1188415749626, 90.8700563216157, 0.0, 9.078527200501505E-12, 0.0, 123.28065016395698, 
10.816484861236116, 0.0, 368.10257109330354, 0.0, 174.5203214834676, 6.411912689091614E-11, 0.0, 200.64551086177394, 8.008429783308323E-11, 0.0, 7.596265607854947E-11, 1.322606290253378E-10, 129.30827962335516, 0.0, 28.198895654644733, 0.0, 0.0, 0.0, 0.0, 158.0413153483362, 0.0, 0.0, 0.0, 0.0, 0.0, 0.0, 0.0, 3.740905468313786E-12, 0.0, 0.0, 
0.0, 0.0, 0.0, 0.0, 0.0, 0.0, 0.0, 0.0, 0.0, 0.0, 0.0, 0.0, 0.0, 0.0, 0.0, 0.0, 0.0, 0.0, 0.0, 0.0, 0.0, 0.0, 0.0, 0.0, 0.0, 0.0, 0.0, 0.0, 0.0, 0.0, 
1.5500073732594774E-12, 0.0, 3.161803262405485E-12, 0.0, 5.216726833868177E-12, 1.5183206825870047E-12, 0.0, 6.62344637857386E-12, 535.587956623727, 0.0, 0.0, 5.14598283432604E-12, 5.140807988998337E-13, 0.0, 4.3453634648346825E-12, 0.0, 0.0, 0.0, 0.0, 9.052830467626812E-13, 0.0, 0.0, 0.0, 0.0, 0.0, 0.0, 0.0, 302.03363012792613, 0.0, 6.5193242121928455E-12, 
170.0853965663551, 0.0, 345.5666934882101, 0.0, 74.81742306971412, 273.7119029804543, 0.0, 445.94652321318364, 318.8419194933914, 0.0, 114.74470224149546, 62.91096226194903, 84.50888846522196, 0.0, 133.7614738742062, 0.0, 0.0, 19.305713742336216, 0.0, 314.93772186438645, 0.0, 0.0, 0.0, 0.0, 0.0, 0.0, 0.0, 47.97752050955018, 0.0, 139.1842998233179, 
0.0, 0.0, 0.0, 0.0, 1.6148250054323809E-12, 5.726657307661384E-12, 0.0, 99.91308897418622, 81.91885576817606, 0.0, 0.0, 38.625242026492046, 67.9529043290042, 0.0, 0.0, 0.0, 0.0, 195.5150044631902, 0.0, 7.339933006275453, 0.0, 0.0, 0.0, 0.0, 0.0, 0.0, 0.0, 0.0, 0.0, 57.94804952117393, 
3.799918807782728E-11, 0.0, 331.66970528522864, 0.0, 0.0, 0.0, 0.0, 0.0, 434.35697228618375, 0.0, 167.99094516039162, 0.0, 0.0, 0.0, 0.0, 0.0, 0.0, 0.0, 0.0, 1.1682569788748615E-9, 0.0, 0.0, 0.0, 0.0, 480.5316053495081, 0.0, 0.0, 2.6340224026745334E-11, 0.0, 1.2610071104860244E9, 
282.2604244523943, 0.0, 2.647235117206312E-11, 0.0, 0.0, 126.69804864020621, 0.0, 25.583912650545, 0.0, 0.0, 0.0, 88.19284256122654, 184.5880847799823, 0.0, 78.56957261040338, 0.0, 0.0, 2.888767388524683E-11, 0.0, 81.07231992790817, 0.0, 0.0, 0.0, 0.0, 268.5635450103386, 0.0, 0.0, 0.0, 0.0, 0.0, 
