0.0, 0.0, 0.0, 0.0, 0.0, 0.0, 0.0, 0.0, 0.0, 0.0, 0.0, 0.0, 0.0, 0.0, 0.0, 0.0, 0.0, 0.0, 0.0, 0.0, 0.0, 0.0, 0.0, 0.0, 0.0, 0.0, 0.0, 0.0, 0.0, 0.0, 
0.0, 0.0, 0.0, 0.0, 0.0, 0.0, 0.0, 9.25870766309293E-10, 102.41055007424761, 0.0, 89.53107382143071, 66.76974141343071, 149.11255375190711, 0.0, 0.0, 0.0, 0.0, 21.434495748031807, 0.0, 182.58533731980543, 0.0, 0.0, 0.0, 0.0, 74.31555238270936, 2.5319121409332585E-9, 0.0, 93.01179680093477, 0.0, 131.157761361278, 
0.0, 0.0, 0.0, 0.0, 0.0, 0.0, 0.0, 0.0, 0.0, 0.0, 0.0, 0.0, 0.0, 0.0, 0.0, 0.0, 0.0, 0.0, 0.0, 0.0, 0.0, 0.0, 0.0, 0.0, 0.0, 0.0, 0.0, 0.0, 0.0, 0.0, 
0.0, 0.0, 0.0, 0.0, 0.0, 0.0, 0.0, 55.74808121167898, 10.506672106478307, 0.0, 14.312046184810681, 11.255670782268973, 12.3240659321573, 0.0, 0.0, 0.0, 0.0, 102.2800736992133, 0.0, 253.5006841769558, 0.0, 0.0, 0.0, 0.0, 0.0, 278.1786032419572, 0.0, 8.063093828680008E-10, 0.0, 9.565426371356171, 
0.0, 0.0, 0.0, 0.0, 0.0, 0.0, 0.0, 35.66394932897929, 19.80538313717855, 0.0, 6.525073318483202, 18.33857489418474, 14.303471671572586, 0.0, 2.6352204972379414, 0.0, 0.0, 5.9497712097716725E-9, 0.0, 8.293289812826826, 0.0, 0.0, 0.0, 0.0, 71.81938327556466, 37.12387215974039, 0.0, 0.0, 0.0, 9.138428151970398, 
0.0, 0.0, 0.0, 0.0, 0.0, 0.0, 0.0, 0.0, 0.0, 0.0, 0.0, 0.0, 0.0, 0.0, 0.0, 0.0, 0.0, 0.0, 0.0, 0.0, 0.0, 0.0, 0.0, 0.0, 0.0, 0.0, 0.0, 0.0, 0.0, 0.0, 
0.0, 0.0, 0.0, 0.0, 0.0, 0.0, 0.0, 197.66386642161186, 112.0334334525239, 0.0, 81.89946169521264, 21.916343932639215, 106.18764461460754, 0.0, 78.93537083028863, 0.0, 0.0, 0.0, 0.0, 93.46563520928638, 0.0, 0.0, 0.0, 0.0, 894.1414273472466, 195.56250633972914, 0.0, 24.843056616399416, 0.0, 119.3511493311319, 
1.5438720166772195E-9, 0.0, 1.7085840988033318E-9, 0.0, 0.0, 90.45748899087774, 0.0, 0.0, 278.070578448837, 0.0, 166.76532638344054, 110.93453498736591, 204.09345425007476, 0.0, 0.0, 0.0, 0.0, 1.0733454988979015E-8, 0.0, 57.12742158570537, 0.0, 0.0, 0.0, 0.0, 15.941518114586188, 3.444562902043155E-9, 0.0, 38.576264452142595, 0.0, 342.0335873675393, 
346.98476111894206, 0.0, 5.48996106907045E-9, 0.0, 0.0, 266.6029462295338, 0.0, 0.0, 0.0, 0.0, 0.0, 96.94142104547315, 69.53026694593142, 0.0, 58.956162276823896, 0.0, 0.0, 4.246233550243337E-10, 0.0, 13.660233966447946, 0.0, 0.0, 0.0, 0.0, 379.12227053391786, 128.82933649698003, 0.0, 37.42904081681018, 0.0, 0.0, 
231.60199857996773, 0.0, 5.657641520028304E-9, 0.0, 17.550238968202734, 231.99903688380797, 0.0, 102.75155198223877, 0.0, 0.0, 0.0, 59.89838994458831, 1017.7843106549516, 0.0, 437.9608270393233, 0.0, 0.0, 0.0, 0.0, 7.7569677135423865, 0.0, 0.0, 0.0, 0.0, 340.44150871682604, 0.0, 0.0, 2.2311829256924987, 0.0, 0.0, 
0.0, 0.0, 0.0, 0.0, 0.0, 0.0, 0.0, 0.0, 0.0, 0.0, 0.0, 0.0, 0.0, 0.0, 0.0, 0.0, 0.0, 0.0, 0.0, 0.0, 0.0, 0.0, 0.0, 0.0, 0.0, 0.0, 0.0, 0.0, 0.0, 0.0, 
0.0, 0.0, 0.0, 0.0, 0.0, 0.0, 0.0, 0.0, 0.0, 0.0, 0.0, 0.0, 0.0, 0.0, 0.0, 0.0, 0.0, 0.0, 0.0, 0.0, 0.0, 0.0, 0.0, 0.0, 0.0, 0.0, 0.0, 0.0, 0.0, 0.0, 
0.0, 0.0, 0.0, 0.0, 0.0, 0.0, 0.0, 0.0, 0.0, 0.0, 0.0, 0.0, 0.0, 0.0, 0.0, 0.0, 0.0, 0.0, 0.0, 0.0, 0.0, 0.0, 0.0, 0.0, 0.0, 0.0, 0.0, 0.0, 0.0, 0.0, 
1.1496007151158295E-8, 0.0, 2.8203128202163713E-9, 0.0, 33.50836224402957, 496.2408820191275, 0.0, 521.3814084751057, 0.0, 0.0, 347.60176851630376, 0.0, 0.0, 0.0, 0.0, 0.0, 0.0, 0.0, 0.0, 0.0, 0.0, 0.0, 0.0, 0.0, 101.64248084205427, 4.4314133244098595E-9, 0.0, 1.4741372573221607E-8, 0.0, 348.6251365593091, 
0.0, 0.0, 0.0, 0.0, 0.0, 0.0, 0.0, 0.0, 0.0, 0.0, 0.0, 0.0, 0.0, 0.0, 0.0, 0.0, 0.0, 0.0, 0.0, 0.0, 0.0, 0.0, 0.0, 0.0, 0.0, 0.0, 0.0, 0.0, 0.0, 0.0, 
1.4726620900326721E-9, 0.0, 3.0954183813336433E-9, 0.0, 8.361171866419539E-10, 149.21309329630412, 0.0, 1.3515173006562716E-8, 0.0, 0.0, 165.6017883500663, 0.0, 0.0, 0.0, 0.0, 0.0, 0.0, 0.0, 0.0, 10.65175405421414, 0.0, 0.0, 0.0, 0.0, 107.94817502676628, 2.2468780611623886E-9, 0.0, 2.9995612564094523E-9, 0.0, 109.63602099715747, 
0.0, 0.0, 0.0, 0.0, 0.0, 0.0, 0.0, 0.0, 0.0, 0.0, 0.0, 0.0, 0.0, 0.0, 0.0, 0.0, 0.0, 0.0, 0.0, 0.0, 0.0, 0.0, 0.0, 0.0, 0.0, 0.0, 0.0, 0.0, 0.0, 0.0, 
0.0, 0.0, 0.0, 0.0, 0.0, 0.0, 0.0, 0.0, 0.0, 0.0, 0.0, 0.0, 0.0, 0.0, 0.0, 0.0, 0.0, 0.0, 0.0, 0.0, 0.0, 0.0, 0.0, 0.0, 0.0, 0.0, 0.0, 0.0, 0.0, 0.0, 
0.0, 0.0, 0.0, 0.0, 0.0, 0.0, 0.0, 0.0, 0.0, 0.0, 0.0, 0.0, 0.0, 0.0, 0.0, 0.0, 0.0, 0.0, 0.0, 0.0, 0.0, 0.0, 0.0, 0.0, 0.0, 0.0, 0.0, 0.0, 0.0, 0.0, 
0.0, 0.0, 0.0, 0.0, 0.0, 0.0, 0.0, 0.0, 0.0, 0.0, 0.0, 0.0, 0.0, 0.0, 0.0, 0.0, 0.0, 0.0, 0.0, 0.0, 0.0, 0.0, 0.0, 0.0, 0.0, 0.0, 0.0, 0.0, 0.0, 0.0, 
1.142870494973717E-9, 0.0, 0.0, 0.0, 0.0, 84.00740476064105, 0.0, 1.7798192117657012E-8, 52.990249185273576, 0.0, 72.23753563767411, 56.08348446661412, 0.0, 0.0, 0.0, 0.0, 0.0, 0.0, 0.0, 0.0, 0.0, 0.0, 0.0, 0.0, 171.75468734615492, 5.238406373240488E-9, 0.0, 0.0, 0.0, 73.92563026706038, 
0.0, 0.0, 535.6941178247758, 0.0, 0.0, 115.1955510408689, 0.0, 44.10218578551802, 102.43228783314841, 0.0, 51.97916099407224, 0.0, 0.0, 0.0, 0.0, 0.0, 0.0, 0.0, 0.0, 0.0, 0.0, 0.0, 0.0, 0.0, 126.73386147178336, 1.4741923392892986E-9, 0.0, 2.05027233804867E-9, 0.0, 102.1990856109338, 
517.5049555141562, 0.0, 0.0, 0.0, 0.0, 181.81891461470767, 0.0, 88.32751205829956, 0.0, 0.0, 92.27591774806875, 78.72373042862208, 0.0, 0.0, 0.0, 0.0, 0.0, 0.0, 0.0, 0.0, 0.0, 0.0, 0.0, 0.0, 596.0144258942125, 137.4820565478803, 0.0, 2.0482948091287987E-10, 0.0, 172.6196730416548, 
17.75128543549913, 0.0, 317.8892800278274, 0.0, 201.06446169926556, 1.5413022521745197, 0.0, 180.75766081719237, 2.7794876440946928E-8, 0.0, 4.0322959816172314E-8, 3.238146050805189E-8, 122.1773597154684, 0.0, 22.977405141004272, 0.0, 0.0, 0.0, 0.0, 208.78328532736808, 0.0, 0.0, 0.0, 0.0, 0.0, 0.0, 0.0, 2.732348560923005E-9, 0.0, 0.0, 
0.0, 0.0, 0.0, 0.0, 0.0, 0.0, 0.0, 0.0, 0.0, 0.0, 0.0, 0.0, 0.0, 0.0, 0.0, 0.0, 0.0, 0.0, 0.0, 0.0, 0.0, 0.0, 0.0, 0.0, 0.0, 0.0, 0.0, 0.0, 0.0, 0.0, 
2.0403615627420054E-9, 0.0, 6.719809727287454E-10, 0.0, 2.8517485393079516E-10, 3.0623914130241197E-10, 0.0, 1.736115701443986E-10, 662.0517508573412, 0.0, 0.0, 2.9448198996805E-10, 3.207581630105412E-10, 0.0, 1.979612693002652E-9, 0.0, 0.0, 0.0, 0.0, 9.821442259419426E-10, 0.0, 0.0, 0.0, 0.0, 0.0, 0.0, 0.0, 246.0352715579499, 0.0, 2.741405843910549E-9, 
180.16486277425892, 0.0, 416.8917683949889, 0.0, 84.04835987152143, 190.6713438231976, 0.0, 376.13095173742545, 335.61322842387995, 0.0, 64.37262968818338, 82.27818468327139, 132.25085432972568, 0.0, 114.95764749251344, 0.0, 0.0, 23.733969925767664, 0.0, 356.0426691094886, 0.0, 0.0, 0.0, 0.0, 0.0, 0.0, 0.0, 84.7499575432451, 0.0, 84.21973738218585, 
0.0, 0.0, 0.0, 0.0, 1.5329944670319181E-9, 1.0767841217928234E-9, 0.0, 98.89773189165778, 34.625995105912985, 0.0, 0.0, 84.79377066779604, 83.2744996990909, 0.0, 0.0, 0.0, 0.0, 192.2564339351132, 0.0, 21.46874054948989, 0.0, 0.0, 0.0, 0.0, 0.0, 0.0, 0.0, 0.0, 0.0, 17.835544655983252, 
6.271210353029239E-9, 0.0, 301.4296308820874, 0.0, 0.0, 0.0, 0.0, 0.0, 181.45901794312473, 0.0, 342.89845444282486, 0.0, 0.0, 0.0, 0.0, 0.0, 0.0, 0.0, 0.0, 0.786015191144106, 0.0, 0.0, 0.0, 0.0, 358.55163253193285, 0.0, 0.0, 1.1806415633487006E-8, 0.0, 4244.346542208472, 
202.16771847738354, 0.0, 8.550546974757898E-9, 0.0, 0.0, 93.9020823238711, 0.0, 59.575347852296304, 0.0, 0.0, 0.0, 86.06513400151826, 140.59510311431785, 0.0, 109.54534459782973, 0.0, 0.0, 3.972768925616915E-9, 0.0, 27.45367838914565, 0.0, 0.0, 0.0, 0.0, 201.61300145988105, 0.0, 0.0, 0.0, 0.0, 0.0, 
