0.0, 0.0, 0.0, 0.0, 0.0, 0.0, 0.0, 0.0, 0.0, 0.0, 0.0, 0.0, 0.0, 0.0, 0.0, 0.0, 0.0, 0.0, 0.0, 0.0, 0.0, 0.0, 0.0, 0.0, 0.0, 0.0, 0.0, 0.0, 0.0, 0.0, 
0.0, 0.0, 0.0, 0.0, 0.0, 0.0, 0.0, 20.32349053238029, 107.9473021823946, 0.0, 55.2776313963773, 83.81841032449404, 90.87881851771104, 0.0, 0.0, 0.0, 0.0, 24.03275408497189, 0.0, 108.11318158878413, 0.0, 0.0, 0.0, 0.0, 1.550840050783476, 3.1043124145749803, 0.0, 146.96920159383262, 0.0, 202.8700431293197, 
0.0, 0.0, 0.0, 0.0, 0.0, 0.0, 0.0, 0.0, 0.0, 0.0, 0.0, 0.0, 0.0, 0.0, 0.0, 0.0, 0.0, 0.0, 0.0, 0.0, 0.0, 0.0, 0.0, 0.0, 0.0, 0.0, 0.0, 0.0, 0.0, 0.0, 
0.0, 0.0, 0.0, 0.0, 0.0, 0.0, 0.0, 24.37231724285376, 8.215246331205977, 0.0, 10.936029713906585, 6.495314726854514, 38.269449227685726, 0.0, 0.0, 0.0, 0.0, 71.89562822833933, 0.0, 288.3984224145263, 0.0, 0.0, 0.0, 0.0, 0.0, 263.3408129400706, 0.0, 2.5096664380846962, 0.0, 30.916302722752842, 
0.0, 0.0, 0.0, 0.0, 0.0, 0.0, 0.0, 30.552898054941725, 25.790446676947113, 0.0, 19.681950453662473, 22.746698832512436, 9.730900752906383, 0.0, 6.598841371054638, 0.0, 0.0, 5.707001732002315, 0.0, 19.5249572477329, 0.0, 0.0, 0.0, 0.0, 16.86542575704301, 26.39611745146392, 0.0, 0.0, 0.0, 34.7662048710027, 
0.0, 0.0, 0.0, 0.0, 0.0, 0.0, 0.0, 0.0, 0.0, 0.0, 0.0, 0.0, 0.0, 0.0, 0.0, 0.0, 0.0, 0.0, 0.0, 0.0, 0.0, 0.0, 0.0, 0.0, 0.0, 0.0, 0.0, 0.0, 0.0, 0.0, 
0.0, 0.0, 0.0, 0.0, 0.0, 0.0, 0.0, 79.36376689379529, 108.83539592078549, 0.0, 167.01662536460805, 70.53739277891631, 60.822631148263184, 0.0, 129.43395114819486, 0.0, 0.0, 0.0, 0.0, 93.78640955643942, 0.0, 0.0, 0.0, 0.0, 870.0528292786709, 192.4954202085463, 0.0, 24.908006713290245, 0.0, 80.301111500364, 
5.910520094082946, 0.0, 9.330903513895038, 0.0, 0.0, 93.48257564377232, 0.0, 0.0, 166.29745132296168, 0.0, 209.0954167559463, 82.85152588253511, 288.99161595254714, 0.0, 0.0, 0.0, 0.0, 11.252361525303638, 0.0, 27.04911819222441, 0.0, 0.0, 0.0, 0.0, 59.07958046165628, 1.0710454711948736, 0.0, 20.740959091180578, 0.0, 310.2008469918552, 
405.2690580500444, 0.0, 38.410973022450804, 0.0, 0.0, 389.36355738269503, 0.0, 0.0, 0.0, 0.0, 0.0, 98.76915641134468, 67.47451854470216, 0.0, 72.25531191045333, 0.0, 0.0, 5.2316834044982485, 0.0, 26.114772919074664, 0.0, 0.0, 0.0, 0.0, 429.08325550574307, 82.36631767152502, 0.0, 12.271213102248439, 0.0, 0.0, 
245.3653769763199, 0.0, 5.548898605383197, 0.0, 28.314794135151807, 195.5848978445262, 0.0, 90.6490047130859, 0.0, 0.0, 0.0, 52.524545107688525, 1026.6836413736353, 0.0, 429.71036143171995, 0.0, 0.0, 0.0, 0.0, 3.859357583417661, 0.0, 0.0, 0.0, 0.0, 283.9118208844518, 0.0, 0.0, 15.669393514751182, 0.0, 0.0, 
0.0, 0.0, 0.0, 0.0, 0.0, 0.0, 0.0, 0.0, 0.0, 0.0, 0.0, 0.0, 0.0, 0.0, 0.0, 0.0, 0.0, 0.0, 0.0, 0.0, 0.0, 0.0, 0.0, 0.0, 0.0, 0.0, 0.0, 0.0, 0.0, 0.0, 
0.0, 0.0, 0.0, 0.0, 0.0, 0.0, 0.0, 0.0, 0.0, 0.0, 0.0, 0.0, 0.0, 0.0, 0.0, 0.0, 0.0, 0.0, 0.0, 0.0, 0.0, 0.0, 0.0, 0.0, 0.0, 0.0, 0.0, 0.0, 0.0, 0.0, 
0.0, 0.0, 0.0, 0.0, 0.0, 0.0, 0.0, 0.0, 0.0, 0.0, 0.0, 0.0, 0.0, 0.0, 0.0, 0.0, 0.0, 0.0, 0.0, 0.0, 0.0, 0.0, 0.0, 0.0, 0.0, 0.0, 0.0, 0.0, 0.0, 0.0, 
7.866373917415803, 0.0, 35.900523421902946, 0.0, 20.21687630289674, 259.3420240408962, 0.0, 450.7178771883105, 0.0, 0.0, 314.6747597944082, 0.0, 0.0, 0.0, 0.0, 0.0, 0.0, 0.0, 0.0, 0.0, 0.0, 0.0, 0.0, 0.0, 71.43573388913785, 7.4612627343674855, 0.0, 8.44821288252777, 0.0, 698.7416407342687, 
0.0, 0.0, 0.0, 0.0, 0.0, 0.0, 0.0, 0.0, 0.0, 0.0, 0.0, 0.0, 0.0, 0.0, 0.0, 0.0, 0.0, 0.0, 0.0, 0.0, 0.0, 0.0, 0.0, 0.0, 0.0, 0.0, 0.0, 0.0, 0.0, 0.0, 
7.676448145132619, 0.0, 4.463057842129102, 0.0, 11.069508452972768, 206.4210769614113, 0.0, 48.245480767193015, 0.0, 0.0, 194.9550183333887, 0.0, 0.0, 0.0, 0.0, 0.0, 0.0, 0.0, 0.0, 44.412267552772526, 0.0, 0.0, 0.0, 0.0, 59.45774065860739, 11.060966333165169, 0.0, 8.138771557958757, 0.0, 109.02042844177728, 
0.0, 0.0, 0.0, 0.0, 0.0, 0.0, 0.0, 0.0, 0.0, 0.0, 0.0, 0.0, 0.0, 0.0, 0.0, 0.0, 0.0, 0.0, 0.0, 0.0, 0.0, 0.0, 0.0, 0.0, 0.0, 0.0, 0.0, 0.0, 0.0, 0.0, 
0.0, 0.0, 0.0, 0.0, 0.0, 0.0, 0.0, 0.0, 0.0, 0.0, 0.0, 0.0, 0.0, 0.0, 0.0, 0.0, 0.0, 0.0, 0.0, 0.0, 0.0, 0.0, 0.0, 0.0, 0.0, 0.0, 0.0, 0.0, 0.0, 0.0, 
0.0, 0.0, 0.0, 0.0, 0.0, 0.0, 0.0, 0.0, 0.0, 0.0, 0.0, 0.0, 0.0, 0.0, 0.0, 0.0, 0.0, 0.0, 0.0, 0.0, 0.0, 0.0, 0.0, 0.0, 0.0, 0.0, 0.0, 0.0, 0.0, 0.0, 
0.0, 0.0, 0.0, 0.0, 0.0, 0.0, 0.0, 0.0, 0.0, 0.0, 0.0, 0.0, 0.0, 0.0, 0.0, 0.0, 0.0, 0.0, 0.0, 0.0, 0.0, 0.0, 0.0, 0.0, 0.0, 0.0, 0.0, 0.0, 0.0, 0.0, 
0.33759979207059876, 0.0, 0.0, 0.0, 0.0, 25.135693082142783, 0.0, 21.162215706834694, 63.69698289451435, 0.0, 21.439298538539322, 42.811113075938685, 0.0, 0.0, 0.0, 0.0, 0.0, 0.0, 0.0, 0.0, 0.0, 0.0, 0.0, 0.0, 234.70260157148067, 8.073387551595175, 0.0, 0.0, 0.0, 117.19290246018545, 
0.0, 0.0, 557.9483139376614, 0.0, 0.0, 114.52989164834473, 0.0, 131.1103637627132, 89.1818881818878, 0.0, 32.16889109737861, 0.0, 0.0, 0.0, 0.0, 0.0, 0.0, 0.0, 0.0, 0.0, 0.0, 0.0, 0.0, 0.0, 133.8081779800562, 10.160240868693162, 0.0, 14.184411068044565, 0.0, 61.41889920040468, 
438.15567339914344, 0.0, 0.0, 0.0, 0.0, 267.1477140722393, 0.0, 75.43039535893647, 0.0, 0.0, 22.069930616079084, 65.12061803238447, 0.0, 0.0, 0.0, 0.0, 0.0, 0.0, 0.0, 0.0, 0.0, 0.0, 0.0, 0.0, 694.7618695687472, 143.9902197826659, 0.0, 34.474652844854994, 0.0, 158.99096679733336, 
73.4166691311651, 0.0, 301.250738015325, 0.0, 204.83903705535005, 49.60383801359059, 0.0, 99.24194793912804, 25.544809304961483, 0.0, 34.10797876439675, 23.073981279262437, 84.95106070778135, 0.0, 40.219941893775285, 0.0, 0.0, 0.0, 0.0, 135.35608289237499, 0.0, 0.0, 0.0, 0.0, 0.0, 0.0, 0.0, 11.649404625916704, 0.0, 0.0, 
0.0, 0.0, 0.0, 0.0, 0.0, 0.0, 0.0, 0.0, 0.0, 0.0, 0.0, 0.0, 0.0, 0.0, 0.0, 0.0, 0.0, 0.0, 0.0, 0.0, 0.0, 0.0, 0.0, 0.0, 0.0, 0.0, 0.0, 0.0, 0.0, 0.0, 
3.4233995904783683, 0.0, 0.5017209283224526, 0.0, 1.780347379712028, 3.9380487902575876, 0.0, 2.7036835034899074, 1019.6555384876458, 0.0, 0.0, 0.9931572622295767, 3.8285500190104935, 0.0, 1.0098868731459678, 0.0, 0.0, 0.0, 0.0, 1.1822032195084962, 0.0, 0.0, 0.0, 0.0, 0.0, 0.0, 0.0, 66.07738422527544, 0.0, 1.235977232246543, 
127.62191326109544, 0.0, 467.58505143525383, 0.0, 108.50653611303214, 243.32892079299296, 0.0, 400.5778268415527, 103.08029964573805, 0.0, 57.60905991855283, 36.36691500829049, 82.03788894570964, 0.0, 60.87156292353775, 0.0, 0.0, 78.65470964522859, 0.0, 426.8103989592473, 0.0, 0.0, 0.0, 0.0, 0.0, 0.0, 0.0, 111.39910279657767, 0.0, 152.7637924763685, 
0.0, 0.0, 0.0, 0.0, 8.036395644723358, 1.3363381785266417, 0.0, 103.99728185423905, 40.372038588754904, 0.0, 0.0, 46.86654729933759, 22.27343571655524, 0.0, 0.0, 0.0, 0.0, 164.1388347610502, 0.0, 18.240545919542534, 0.0, 0.0, 0.0, 0.0, 0.0, 0.0, 0.0, 0.0, 0.0, 107.5840792759774, 
9.981511720853664, 0.0, 168.56170948266998, 0.0, 0.0, 0.0, 0.0, 0.0, 96.65054093593763, 0.0, 391.0733905254501, 0.0, 0.0, 0.0, 0.0, 0.0, 0.0, 0.0, 0.0, 19.728744653533127, 0.0, 0.0, 0.0, 0.0, 395.8340195080259, 0.0, 0.0, 23.12602276285254, 0.0, 2684.1985541457943, 
195.82051701005764, 0.0, 6.670506665407209, 0.0, 0.0, 49.97836128418786, 0.0, 114.27735251494258, 0.0, 0.0, 0.0, 144.56896873186344, 305.276093295124, 0.0, 59.24970291957979, 0.0, 0.0, 15.912551775572192, 0.0, 11.58486866049422, 0.0, 0.0, 0.0, 0.0, 199.1337450444367, 0.0, 0.0, 0.0, 0.0, 0.0, 
