0.0, 0.0, 0.0, 0.0, 0.0, 0.0, 0.0, 0.0, 0.0, 0.0, 0.0, 0.0, 0.0, 0.0, 0.0, 0.0, 0.0, 0.0, 0.0, 0.0, 0.0, 0.0, 0.0, 0.0, 0.0, 0.0, 0.0, 0.0, 0.0, 0.0, 
0.0, 0.0, 0.0, 0.0, 0.0, 0.0, 0.0, 1.5909053677168963E-10, 154.37622754270083, 0.0, 147.94449670442614, 66.03697224390224, 122.71672019198907, 0.0, 0.0, 0.0, 0.0, 79.60665996841068, 0.0, 146.53268069068292, 0.0, 0.0, 0.0, 0.0, 38.02486184820153, 1.4272833567667846E-11, 0.0, 44.21180027090974, 0.0, 86.0368370817464, 
0.0, 0.0, 0.0, 0.0, 0.0, 0.0, 0.0, 0.0, 0.0, 0.0, 0.0, 0.0, 0.0, 0.0, 0.0, 0.0, 0.0, 0.0, 0.0, 0.0, 0.0, 0.0, 0.0, 0.0, 0.0, 0.0, 0.0, 0.0, 0.0, 0.0, 
0.0, 0.0, 0.0, 0.0, 0.0, 0.0, 0.0, 57.03618141121628, 14.32240346694613, 0.0, 33.791253047410756, 8.623673390400919, 19.84839944375459, 0.0, 0.0, 0.0, 0.0, 89.17871917503332, 0.0, 228.88463066628634, 0.0, 0.0, 0.0, 0.0, 0.0, 296.9941584696311, 0.0, 3.0383652717309525E-11, 0.0, 0.04239661433088305, 
0.0, 0.0, 0.0, 0.0, 0.0, 0.0, 0.0, 47.990775230448484, 2.996489999101437, 0.0, 17.597066924524498, 18.061245768789657, 6.052948009739701, 0.0, 0.5334171279314885, 0.0, 0.0, 4.916366270716079E-12, 0.0, 3.7140097244705044, 0.0, 0.0, 0.0, 0.0, 120.7605987479039, 4.050065150832461, 0.0, 0.0, 0.0, 0.05448838347378458, 
0.0, 0.0, 0.0, 0.0, 0.0, 0.0, 0.0, 0.0, 0.0, 0.0, 0.0, 0.0, 0.0, 0.0, 0.0, 0.0, 0.0, 0.0, 0.0, 0.0, 0.0, 0.0, 0.0, 0.0, 0.0, 0.0, 0.0, 0.0, 0.0, 0.0, 
0.0, 0.0, 0.0, 0.0, 0.0, 0.0, 0.0, 318.05144535933266, 29.960984345844324, 0.0, 77.82138888214598, 80.27874017973436, 154.4047626437334, 0.0, 67.19109193918021, 0.0, 0.0, 0.0, 0.0, 115.120767157027, 0.0, 0.0, 0.0, 0.0, 732.234731252597, 201.25032457334183, 0.0, 64.12559864082351, 0.0, 85.56019708130638, 
1.9412113359332782E-11, 0.0, 3.7982008893859754E-10, 0.0, 0.0, 52.148835759180336, 0.0, 0.0, 164.34543572366002, 0.0, 162.79328021596905, 91.6767547992853, 210.73515778262882, 0.0, 0.0, 0.0, 0.0, 1.8524633216852193E-10, 0.0, 50.530766445353805, 0.0, 0.0, 0.0, 0.0, 20.919601726554408, 1.3412009548300124E-10, 0.0, 10.758356411232043, 0.0, 540.0918143513832, 
347.3074380467925, 0.0, 3.973476792862251E-11, 0.0, 0.0, 163.1271274828543, 0.0, 0.0, 0.0, 0.0, 0.0, 104.61002951970403, 60.037303217192644, 0.0, 72.72397038441697, 0.0, 0.0, 4.683667766734935E-11, 0.0, 8.308461577744886, 0.0, 0.0, 0.0, 0.0, 357.6913242569918, 87.39371887575443, 0.0, 52.96734554969148, 0.0, 0.0, 
488.0487738790902, 0.0, 7.090435321039606E-11, 0.0, 55.570939243181094, 54.12411626219051, 0.0, 56.57833656241761, 0.0, 0.0, 0.0, 10.850048746137182, 994.3237399486148, 0.0, 486.1531075447015, 0.0, 0.0, 0.0, 0.0, 12.92215414105907, 0.0, 0.0, 0.0, 0.0, 291.42883152211965, 0.0, 0.0, 1.271015172123129E-9, 0.0, 0.0, 
0.0, 0.0, 0.0, 0.0, 0.0, 0.0, 0.0, 0.0, 0.0, 0.0, 0.0, 0.0, 0.0, 0.0, 0.0, 0.0, 0.0, 0.0, 0.0, 0.0, 0.0, 0.0, 0.0, 0.0, 0.0, 0.0, 0.0, 0.0, 0.0, 0.0, 
0.0, 0.0, 0.0, 0.0, 0.0, 0.0, 0.0, 0.0, 0.0, 0.0, 0.0, 0.0, 0.0, 0.0, 0.0, 0.0, 0.0, 0.0, 0.0, 0.0, 0.0, 0.0, 0.0, 0.0, 0.0, 0.0, 0.0, 0.0, 0.0, 0.0, 
0.0, 0.0, 0.0, 0.0, 0.0, 0.0, 0.0, 0.0, 0.0, 0.0, 0.0, 0.0, 0.0, 0.0, 0.0, 0.0, 0.0, 0.0, 0.0, 0.0, 0.0, 0.0, 0.0, 0.0, 0.0, 0.0, 0.0, 0.0, 0.0, 0.0, 
6.407773026625625E-11, 0.0, 1.9754976023941833E-10, 0.0, 61.847958514325164, 631.2450548158979, 0.0, 399.71515417203966, 0.0, 0.0, 451.5492791809507, 0.0, 0.0, 0.0, 0.0, 0.0, 0.0, 0.0, 0.0, 0.0, 0.0, 0.0, 0.0, 0.0, 88.58154635754157, 2.143602278764207E-10, 0.0, 1.3509635923754927E-9, 0.0, 216.0610148689838, 
0.0, 0.0, 0.0, 0.0, 0.0, 0.0, 0.0, 0.0, 0.0, 0.0, 0.0, 0.0, 0.0, 0.0, 0.0, 0.0, 0.0, 0.0, 0.0, 0.0, 0.0, 0.0, 0.0, 0.0, 0.0, 0.0, 0.0, 0.0, 0.0, 0.0, 
3.803132004056997E-11, 0.0, 4.836601631661532E-12, 0.0, 1.0509670509604834E-10, 140.16022854379827, 0.0, 46.741042778300034, 0.0, 0.0, 184.235955869913, 0.0, 0.0, 0.0, 0.0, 0.0, 0.0, 0.0, 0.0, 7.150115606991286E-4, 0.0, 0.0, 0.0, 0.0, 41.13710194303396, 3.875550752486972E-11, 0.0, 4.74699058029837E-11, 0.0, 43.70128291484064, 
0.0, 0.0, 0.0, 0.0, 0.0, 0.0, 0.0, 0.0, 0.0, 0.0, 0.0, 0.0, 0.0, 0.0, 0.0, 0.0, 0.0, 0.0, 0.0, 0.0, 0.0, 0.0, 0.0, 0.0, 0.0, 0.0, 0.0, 0.0, 0.0, 0.0, 
0.0, 0.0, 0.0, 0.0, 0.0, 0.0, 0.0, 0.0, 0.0, 0.0, 0.0, 0.0, 0.0, 0.0, 0.0, 0.0, 0.0, 0.0, 0.0, 0.0, 0.0, 0.0, 0.0, 0.0, 0.0, 0.0, 0.0, 0.0, 0.0, 0.0, 
0.0, 0.0, 0.0, 0.0, 0.0, 0.0, 0.0, 0.0, 0.0, 0.0, 0.0, 0.0, 0.0, 0.0, 0.0, 0.0, 0.0, 0.0, 0.0, 0.0, 0.0, 0.0, 0.0, 0.0, 0.0, 0.0, 0.0, 0.0, 0.0, 0.0, 
0.0, 0.0, 0.0, 0.0, 0.0, 0.0, 0.0, 0.0, 0.0, 0.0, 0.0, 0.0, 0.0, 0.0, 0.0, 0.0, 0.0, 0.0, 0.0, 0.0, 0.0, 0.0, 0.0, 0.0, 0.0, 0.0, 0.0, 0.0, 0.0, 0.0, 
7.942416585793029E-11, 0.0, 0.0, 0.0, 0.0, 97.83058733995763, 0.0, 1.0807337015648818E-9, 72.11312801046485, 0.0, 73.09024727016183, 59.82896581315776, 0.0, 0.0, 0.0, 0.0, 0.0, 0.0, 0.0, 0.0, 0.0, 0.0, 0.0, 0.0, 154.7641696056577, 8.550258981285153E-11, 0.0, 0.0, 0.0, 53.37293057579613, 
0.0, 0.0, 506.76586188866514, 0.0, 0.0, 44.31824252796193, 0.0, 81.04983765050586, 84.1260237529271, 0.0, 51.820441861854505, 0.0, 0.0, 0.0, 0.0, 0.0, 0.0, 0.0, 0.0, 0.0, 0.0, 0.0, 0.0, 0.0, 217.09464737323106, 5.673581771306348, 0.0, 4.6180240189719756E-10, 0.0, 95.27717171366733, 
368.712741538259, 0.0, 0.0, 0.0, 0.0, 257.49226313311004, 0.0, 47.49104948816178, 0.0, 0.0, 58.2606353198824, 63.68633290398449, 0.0, 0.0, 0.0, 0.0, 0.0, 0.0, 0.0, 0.0, 0.0, 0.0, 0.0, 0.0, 745.8042342117674, 190.7776698816093, 0.0, 29.60493412828186, 0.0, 104.91640929044313, 
33.090069605248324, 0.0, 337.0001316913583, 0.0, 133.7456530446275, 2.448419326926391E-10, 0.0, 59.88124494425601, 31.282604896705223, 0.0, 46.59460540042593, 2.430987926089754E-11, 151.20513114743855, 0.0, 17.006551533394067, 0.0, 0.0, 0.0, 0.0, 269.06896536885745, 0.0, 0.0, 0.0, 0.0, 0.0, 0.0, 0.0, 1.8943297850693995E-10, 0.0, 0.0, 
0.0, 0.0, 0.0, 0.0, 0.0, 0.0, 0.0, 0.0, 0.0, 0.0, 0.0, 0.0, 0.0, 0.0, 0.0, 0.0, 0.0, 0.0, 0.0, 0.0, 0.0, 0.0, 0.0, 0.0, 0.0, 0.0, 0.0, 0.0, 0.0, 0.0, 
1.611155964136897E-11, 0.0, 2.05845203529957E-11, 0.0, 7.86726711597417E-12, 2.277581892056998E-12, 0.0, 1.5116014605802276E-11, 916.8542297646102, 0.0, 0.0, 6.737954241002305E-12, 8.596308048747871E-12, 0.0, 2.268930921930587E-12, 0.0, 0.0, 0.0, 0.0, 1.3781015708738796E-11, 0.0, 0.0, 0.0, 0.0, 0.0, 0.0, 0.0, 103.48154135357134, 0.0, 3.6585768885696695E-12, 
148.14545227213074, 0.0, 474.2557103801886, 0.0, 112.14689526631446, 199.84022659545434, 0.0, 499.3757027224394, 162.3470762022894, 0.0, 55.55154084286316, 25.752120351813637, 78.02838275839906, 0.0, 63.435418207581286, 0.0, 0.0, 180.76576850632722, 0.0, 259.7034180155452, 0.0, 0.0, 0.0, 0.0, 0.0, 0.0, 0.0, 172.44947786793492, 0.0, 49.088019934681995, 
0.0, 0.0, 0.0, 0.0, 2.1276602043958442E-11, 3.914478283897283E-11, 0.0, 108.1919958089892, 45.688599386311, 0.0, 0.0, 49.80117628964951, 71.99019711676854, 0.0, 0.0, 0.0, 0.0, 204.26815936429946, 0.0, 25.135944640207853, 0.0, 0.0, 0.0, 0.0, 0.0, 0.0, 0.0, 0.0, 0.0, 11.80345113278685, 
2.3964176399772827E-10, 0.0, 253.5986432986972, 0.0, 0.0, 0.0, 0.0, 0.0, 213.5868155356395, 0.0, 134.94964581366364, 0.0, 0.0, 0.0, 0.0, 0.0, 0.0, 0.0, 0.0, 39.89495859442875, 0.0, 0.0, 0.0, 0.0, 332.81047114458056, 0.0, 0.0, 3.172790367183789E-12, 0.0, 7.81007224775989E23, 
119.83509095461426, 0.0, 3.991259900809702E-10, 0.0, 0.0, 264.6621431233029, 0.0, 38.89727684281492, 0.0, 0.0, 0.0, 194.79399720545578, 165.20870213229372, 0.0, 108.50372211309089, 0.0, 0.0, 1.636878991448491E-10, 0.0, 49.532896723783495, 0.0, 0.0, 0.0, 0.0, 286.8940469853475, 0.0, 0.0, 0.0, 0.0, 0.0, 
