0.0, 0.0, 0.0, 0.0, 0.0, 0.0, 0.0, 0.0, 0.0, 0.0, 0.0, 0.0, 0.0, 0.0, 0.0, 0.0, 0.0, 0.0, 0.0, 0.0, 0.0, 0.0, 0.0, 0.0, 0.0, 0.0, 0.0, 0.0, 0.0, 0.0, 
0.0, 0.0, 0.0, 0.0, 0.0, 0.0, 0.0, 5.739083659158655E-4, 118.44463560303832, 0.0, 115.74276246950099, 56.09988321842171, 94.35858104104797, 0.0, 0.0, 0.0, 0.0, 5.519257880119837E-4, 0.0, 246.94740315427433, 0.0, 0.0, 0.0, 0.0, 0.0011043981547143639, 1.4090764469019618E-4, 0.0, 161.37750743393315, 0.0, 77.72094437343569, 
0.0, 0.0, 0.0, 0.0, 0.0, 0.0, 0.0, 0.0, 0.0, 0.0, 0.0, 0.0, 0.0, 0.0, 0.0, 0.0, 0.0, 0.0, 0.0, 0.0, 0.0, 0.0, 0.0, 0.0, 0.0, 0.0, 0.0, 0.0, 0.0, 0.0, 
0.0, 0.0, 0.0, 0.0, 0.0, 0.0, 0.0, 48.89191039642801, 0.009906072176412232, 0.0, 8.002091296567315, 28.78855944271307, 4.615720810165273, 0.0, 0.0, 0.0, 0.0, 24.45232139121864, 0.0, 388.24104637643876, 0.0, 0.0, 0.0, 0.0, 0.0, 229.8815820679487, 0.0, 9.064097943235701E-4, 0.0, 0.00792890503321114, 
0.0, 0.0, 0.0, 0.0, 0.0, 0.0, 0.0, 27.881994600226143, 0.0026393073868425446, 0.0, 6.9733752877706054, 0.02333103022136334, 0.2277570723289831, 0.0, 118.82557548281898, 0.0, 0.0, 1.7941674791356976E-4, 0.0, 0.015491022177879288, 0.0, 0.0, 0.0, 0.0, 67.0168091800233, 3.9385716989196884, 0.0, 0.0, 0.0, 0.0044980529865265104, 
0.0, 0.0, 0.0, 0.0, 0.0, 0.0, 0.0, 0.0, 0.0, 0.0, 0.0, 0.0, 0.0, 0.0, 0.0, 0.0, 0.0, 0.0, 0.0, 0.0, 0.0, 0.0, 0.0, 0.0, 0.0, 0.0, 0.0, 0.0, 0.0, 0.0, 
0.0, 0.0, 0.0, 0.0, 0.0, 0.0, 0.0, 541.52365215526, 0.004448730793364673, 0.0, 114.46720966267337, 0.018723018516103487, 121.9476982372456, 0.0, 149.07616368723527, 0.0, 0.0, 0.0, 0.0, 105.12449592315954, 0.0, 0.0, 0.0, 0.0, 561.1339852594708, 257.264719817317, 0.0, 79.025561835157, 0.0, 0.0013183202294958574, 
2.8673431789302334E-4, 0.0, 7.338705185349402E-4, 0.0, 0.0, 99.11123784541103, 0.0, 0.0, 174.80205500222596, 0.0, 180.42763753912695, 164.10279067811337, 201.84417918298638, 0.0, 0.0, 0.0, 0.0, 4.93351043668529E-4, 0.0, 12.61841799841993, 0.0, 0.0, 0.0, 0.0, 0.006380796233909296, 1.4099453669088363E-4, 0.0, 0.015296250465155932, 0.0, 471.61556899181136, 
242.8952725997766, 0.0, 6.428230058093018E-4, 0.0, 0.0, 308.27909330972096, 0.0, 0.0, 0.0, 0.0, 0.0, 108.04353778525156, 129.7772396427607, 0.0, 0.024384205363670558, 0.0, 0.0, 1.604418327405197E-4, 0.0, 1.6499985758081304, 0.0, 0.0, 0.0, 0.0, 302.55619158509035, 59.374249488752156, 0.0, 80.99583211712444, 0.0, 0.0, 
90.4126967311181, 0.0, 0.0027349622619340175, 0.0, 0.00199220637578642, 15.20141295754659, 0.0, 50.48681026193645, 0.0, 0.0, 0.0, 7.893908753245434E-4, 999.5216809598794, 0.0, 199.55233734665606, 0.0, 0.0, 0.0, 0.0, 0.0021359729602748348, 0.0, 0.0, 0.0, 0.0, 1110.736742698197, 0.0, 0.0, 0.004593527342379771, 0.0, 0.0, 
0.0, 0.0, 0.0, 0.0, 0.0, 0.0, 0.0, 0.0, 0.0, 0.0, 0.0, 0.0, 0.0, 0.0, 0.0, 0.0, 0.0, 0.0, 0.0, 0.0, 0.0, 0.0, 0.0, 0.0, 0.0, 0.0, 0.0, 0.0, 0.0, 0.0, 
0.0, 0.0, 0.0, 0.0, 0.0, 0.0, 0.0, 0.0, 0.0, 0.0, 0.0, 0.0, 0.0, 0.0, 0.0, 0.0, 0.0, 0.0, 0.0, 0.0, 0.0, 0.0, 0.0, 0.0, 0.0, 0.0, 0.0, 0.0, 0.0, 0.0, 
0.0, 0.0, 0.0, 0.0, 0.0, 0.0, 0.0, 0.0, 0.0, 0.0, 0.0, 0.0, 0.0, 0.0, 0.0, 0.0, 0.0, 0.0, 0.0, 0.0, 0.0, 0.0, 0.0, 0.0, 0.0, 0.0, 0.0, 0.0, 0.0, 0.0, 
2.2046105729868135E-4, 0.0, 5.87810982603497E-4, 0.0, 2.2862433876063215E-4, 42.38143385828944, 0.0, 301.5565240769469, 0.0, 0.0, 223.66824848265915, 0.0, 0.0, 0.0, 0.0, 0.0, 0.0, 0.0, 0.0, 0.0, 0.0, 0.0, 0.0, 0.0, 32.658523753760946, 5.983400471517272E-4, 0.0, 0.004091646746819179, 0.0, 1250.6903864762505, 
0.0, 0.0, 0.0, 0.0, 0.0, 0.0, 0.0, 0.0, 0.0, 0.0, 0.0, 0.0, 0.0, 0.0, 0.0, 0.0, 0.0, 0.0, 0.0, 0.0, 0.0, 0.0, 0.0, 0.0, 0.0, 0.0, 0.0, 0.0, 0.0, 0.0, 
5.302468781205568E-4, 0.0, 4.904830860087727E-4, 0.0, 3.3333665087448657E-4, 300.8381174386776, 0.0, 0.0020305498514186808, 0.0, 0.0, 274.48781470095724, 0.0, 0.0, 0.0, 0.0, 0.0, 0.0, 0.0, 0.0, 4.240679035651189E-4, 0.0, 0.0, 0.0, 0.0, 26.667186294452, 2.3943148329216905E-4, 0.0, 1.8785870119531172E-4, 0.0, 236.0677524636089, 
0.0, 0.0, 0.0, 0.0, 0.0, 0.0, 0.0, 0.0, 0.0, 0.0, 0.0, 0.0, 0.0, 0.0, 0.0, 0.0, 0.0, 0.0, 0.0, 0.0, 0.0, 0.0, 0.0, 0.0, 0.0, 0.0, 0.0, 0.0, 0.0, 0.0, 
0.0, 0.0, 0.0, 0.0, 0.0, 0.0, 0.0, 0.0, 0.0, 0.0, 0.0, 0.0, 0.0, 0.0, 0.0, 0.0, 0.0, 0.0, 0.0, 0.0, 0.0, 0.0, 0.0, 0.0, 0.0, 0.0, 0.0, 0.0, 0.0, 0.0, 
0.0, 0.0, 0.0, 0.0, 0.0, 0.0, 0.0, 0.0, 0.0, 0.0, 0.0, 0.0, 0.0, 0.0, 0.0, 0.0, 0.0, 0.0, 0.0, 0.0, 0.0, 0.0, 0.0, 0.0, 0.0, 0.0, 0.0, 0.0, 0.0, 0.0, 
0.0, 0.0, 0.0, 0.0, 0.0, 0.0, 0.0, 0.0, 0.0, 0.0, 0.0, 0.0, 0.0, 0.0, 0.0, 0.0, 0.0, 0.0, 0.0, 0.0, 0.0, 0.0, 0.0, 0.0, 0.0, 0.0, 0.0, 0.0, 0.0, 0.0, 
2.3889389053110874E-4, 0.0, 0.0, 0.0, 0.0, 234.07891525206009, 0.0, 0.0018129431376121398, 0.0029179674716863432, 0.0, 0.002671874785374725, 0.0012752723037242426, 0.0, 0.0, 0.0, 0.0, 0.0, 0.0, 0.0, 0.0, 0.0, 0.0, 0.0, 0.0, 286.1836492651155, 2.761930678586184E-4, 0.0, 0.0, 0.0, 0.00514006847821004, 
0.0, 0.0, 628.320623668191, 0.0, 0.0, 129.43231253169992, 0.0, 114.55338310994945, 44.01419012495608, 0.0, 12.614782438031451, 0.0, 0.0, 0.0, 0.0, 0.0, 0.0, 0.0, 0.0, 0.0, 0.0, 0.0, 0.0, 0.0, 12.322177298112416, 3.728929535554216E-4, 0.0, 0.001369288274943015, 0.0, 107.80360484425934, 
637.7953312471174, 0.0, 0.0, 0.0, 0.0, 299.1166295200538, 0.0, 93.41614274313744, 0.0, 0.0, 79.8065676246853, 50.5702502427768, 0.0, 0.0, 0.0, 0.0, 0.0, 0.0, 0.0, 0.0, 0.0, 0.0, 0.0, 0.0, 376.9723512400131, 252.41430787435374, 0.0, 0.0013522753059438102, 0.0, 66.06470341534441, 
129.23408319575978, 0.0, 153.35460818330696, 0.0, 350.1601421969036, 0.29023929893693856, 0.0, 33.94590147281366, 0.001334199606581395, 0.0, 47.5865196703488, 0.0016964500290467088, 22.437249887513328, 0.0, 33.87038788686395, 0.0, 0.0, 0.0, 0.0, 269.16408310295196, 0.0, 0.0, 0.0, 0.0, 0.0, 0.0, 0.0, 1.6865899124326623E-4, 0.0, 0.0, 
0.0, 0.0, 0.0, 0.0, 0.0, 0.0, 0.0, 0.0, 0.0, 0.0, 0.0, 0.0, 0.0, 0.0, 0.0, 0.0, 0.0, 0.0, 0.0, 0.0, 0.0, 0.0, 0.0, 0.0, 0.0, 0.0, 0.0, 0.0, 0.0, 0.0, 
0.0, 0.0, 0.0, 0.0, 0.0, 0.0, 0.0, 2.711817938012189E-4, 1121.0544396280295, 0.0, 0.0, 1.8974746562434066E-4, 4.068918271762533E-5, 0.0, 1.2490736687546716E-4, 0.0, 0.0, 0.0, 0.0, 2.125296275005755E-5, 0.0, 0.0, 0.0, 0.0, 0.0, 0.0, 0.0, 4.511684385016181E-4, 0.0, 5.379176088521112E-5, 
107.51703340929063, 0.0, 479.5726839452805, 0.0, 185.9321701595622, 130.51909605471673, 0.0, 385.2018173649841, 0.008658576464179857, 0.0, 7.732223875433176, 67.71711879314594, 68.69934665966008, 0.0, 312.1329294893565, 0.0, 0.0, 0.004202369639823394, 0.0, 186.48178675616717, 0.0, 0.0, 0.0, 0.0, 0.0, 0.0, 0.0, 145.16739609936593, 0.0, 377.02372815217115, 
0.0, 0.0, 0.0, 0.0, 4.1420493211391496E-4, 2.1728237198116658E-4, 0.0, 83.65368298430899, 0.01154180613955693, 0.0, 0.0, 104.75117538283516, 125.60578144275387, 0.0, 0.0, 0.0, 0.0, 200.98662354514224, 0.0, 0.0027972491445893586, 0.0, 0.0, 0.0, 0.0, 0.0, 0.0, 0.0, 0.0, 0.0, 0.0014851410672895198, 
7.233948698495507E-4, 0.0, 311.80384821919455, 0.0, 0.0, 0.0, 0.0, 0.0, 433.33723538941683, 0.0, 423.45205471790456, 0.0, 0.0, 0.0, 0.0, 0.0, 0.0, 0.0, 0.0, 13.92606129175264, 0.0, 0.0, 0.0, 0.0, 330.4704746517989, 0.0, 0.0, 0.002105839041162251, 0.0, 7.623298254145224E7, 
309.797707726353, 0.0, 0.0024269695510799197, 0.0, 0.0, 335.23012087607646, 0.0, 75.96004761790911, 0.0, 0.0, 0.0, 193.42340813900176, 261.6296092512188, 0.0, 12.78123933604032, 0.0, 0.0, 6.970115335303513E-4, 0.0, 14.544233902734335, 0.0, 0.0, 0.0, 0.0, 325.77903329567187, 0.0, 0.0, 0.0, 0.0, 0.0, 
