0.0, 0.0, 0.0, 0.0, 0.0, 0.0, 0.0, 0.0, 0.0, 0.0, 0.0, 0.0, 0.0, 0.0, 0.0, 0.0, 0.0, 0.0, 0.0, 0.0, 0.0, 0.0, 0.0, 0.0, 0.0, 0.0, 0.0, 0.0, 0.0, 0.0, 
0.0, 0.0, 0.0, 0.0, 0.0, 0.0, 0.0, 0.0, 188.65960447356053, 0.0, 94.20862971442448, 97.16465113838697, 140.7869586273124, 0.0, 0.0, 0.0, 0.0, 7.545910239150835E-13, 0.0, 204.96747539707835, 0.0, 0.0, 0.0, 0.0, 1.0800397785380609E-12, 0.0, 0.0, 105.01198083188378, 0.0, 36.48272544993057, 
0.0, 0.0, 0.0, 0.0, 0.0, 0.0, 0.0, 0.0, 0.0, 0.0, 0.0, 0.0, 0.0, 0.0, 0.0, 0.0, 0.0, 0.0, 0.0, 0.0, 0.0, 0.0, 0.0, 0.0, 0.0, 0.0, 0.0, 0.0, 0.0, 0.0, 
0.0, 0.0, 0.0, 0.0, 0.0, 0.0, 0.0, 68.01845984771528, 2.657046966293495E-11, 0.0, 33.84045274697392, 4.3560225967658745E-5, 1.9386560013455576E-7, 0.0, 0.0, 0.0, 0.0, 1.628852399541585E-11, 0.0, 244.64359654133105, 0.0, 0.0, 0.0, 0.0, 0.0, 385.6890685953591, 0.0, 1.4018372473818155E-12, 0.0, 1.9673355378016053E-11, 
0.0, 0.0, 0.0, 0.0, 0.0, 0.0, 0.0, 2.2262312166248433E-12, 7.636734125474495E-12, 0.0, 9.742660007547633E-12, 1.1511412255749069E-11, 1.3807790949580183E-11, 0.0, 36.37399164440408, 0.0, 0.0, 1.1909031272805267E-12, 0.0, 4.340091425083038E-12, 0.0, 0.0, 0.0, 0.0, 189.00319671574937, 4.583440432138369, 0.0, 0.0, 0.0, 5.952331738568384E-12, 
0.0, 0.0, 0.0, 0.0, 0.0, 0.0, 0.0, 0.0, 0.0, 0.0, 0.0, 0.0, 0.0, 0.0, 0.0, 0.0, 0.0, 0.0, 0.0, 0.0, 0.0, 0.0, 0.0, 0.0, 0.0, 0.0, 0.0, 0.0, 0.0, 0.0, 
0.0, 0.0, 0.0, 0.0, 0.0, 0.0, 0.0, 704.453452075952, 1.3751349371501394E-12, 0.0, 5.9229121119422996E-12, 6.959188407704863E-12, 6.326085213522627E-12, 0.0, 474.67621369849354, 0.0, 0.0, 0.0, 0.0, 174.9084476618805, 0.0, 0.0, 0.0, 0.0, 349.42890889979157, 111.72622939031936, 0.0, 119.56561941667638, 0.0, 9.308315795457293E-13, 
3.806026527646147E-13, 0.0, 8.884415454671412E-13, 0.0, 0.0, 102.19149953989707, 0.0, 0.0, 530.0026256075321, 0.0, 221.36243449921997, 87.52155388692194, 262.6801229104085, 0.0, 0.0, 0.0, 0.0, 1.4600916217582677E-12, 0.0, 52.25972050130662, 0.0, 0.0, 0.0, 0.0, 2.2199239096201383E-12, 2.3177784470435807E-12, 0.0, 2.4785123241545195E-12, 0.0, 47.990582955905126, 
299.6985590022867, 0.0, 3.240732808205906E-12, 0.0, 0.0, 123.87702170603728, 0.0, 0.0, 0.0, 0.0, 0.0, 0.009338895520445194, 76.1009165575456, 0.0, 52.819972222319244, 0.0, 0.0, 5.331402702048816E-13, 0.0, 7.160877731856E-13, 0.0, 0.0, 0.0, 0.0, 330.0982117368958, 183.6816108191082, 0.0, 30.386707491819834, 0.0, 0.0, 
189.70479032990806, 0.0, 3.278077232973123E-13, 0.0, 1.5702143686265485E-12, 224.42896900195083, 0.0, 69.37468726653812, 0.0, 0.0, 0.0, 313.8047186405513, 1015.6513632908501, 0.0, 15.25393857298135, 0.0, 0.0, 0.0, 0.0, 1.9051589069099527E-12, 0.0, 0.0, 0.0, 0.0, 622.689469054865, 0.0, 0.0, 8.497898480036341E-13, 0.0, 0.0, 
0.0, 0.0, 0.0, 0.0, 0.0, 0.0, 0.0, 0.0, 0.0, 0.0, 0.0, 0.0, 0.0, 0.0, 0.0, 0.0, 0.0, 0.0, 0.0, 0.0, 0.0, 0.0, 0.0, 0.0, 0.0, 0.0, 0.0, 0.0, 0.0, 0.0, 
0.0, 0.0, 0.0, 0.0, 0.0, 0.0, 0.0, 0.0, 0.0, 0.0, 0.0, 0.0, 0.0, 0.0, 0.0, 0.0, 0.0, 0.0, 0.0, 0.0, 0.0, 0.0, 0.0, 0.0, 0.0, 0.0, 0.0, 0.0, 0.0, 0.0, 
0.0, 0.0, 0.0, 0.0, 0.0, 0.0, 0.0, 0.0, 0.0, 0.0, 0.0, 0.0, 0.0, 0.0, 0.0, 0.0, 0.0, 0.0, 0.0, 0.0, 0.0, 0.0, 0.0, 0.0, 0.0, 0.0, 0.0, 0.0, 0.0, 0.0, 
2.8954445602724416E-12, 0.0, 2.330223799123285E-12, 0.0, 2.414437885363631E-13, 293.70882184300194, 0.0, 318.16918705648027, 0.0, 0.0, 642.1835136122338, 0.0, 0.0, 0.0, 0.0, 0.0, 0.0, 0.0, 0.0, 0.0, 0.0, 0.0, 0.0, 0.0, 3.733202791463861, 4.616618274811218E-13, 0.0, 4.296526730941901E-12, 0.0, 590.8842042302599, 
0.0, 0.0, 0.0, 0.0, 0.0, 0.0, 0.0, 0.0, 0.0, 0.0, 0.0, 0.0, 0.0, 0.0, 0.0, 0.0, 0.0, 0.0, 0.0, 0.0, 0.0, 0.0, 0.0, 0.0, 0.0, 0.0, 0.0, 0.0, 0.0, 0.0, 
1.0074051656134057E-13, 0.0, 2.63428058631437E-13, 0.0, 2.139852958862253E-13, 106.97165855185051, 0.0, 106.02222401319773, 0.0, 0.0, 70.64250906333308, 0.0, 0.0, 0.0, 0.0, 0.0, 0.0, 0.0, 0.0, 1.2044365840541495E-12, 0.0, 0.0, 0.0, 0.0, 0.6592413071895693, 8.013997995080028E-13, 0.0, 5.024904537817075E-13, 0.0, 389.6719242922366, 
0.0, 0.0, 0.0, 0.0, 0.0, 0.0, 0.0, 0.0, 0.0, 0.0, 0.0, 0.0, 0.0, 0.0, 0.0, 0.0, 0.0, 0.0, 0.0, 0.0, 0.0, 0.0, 0.0, 0.0, 0.0, 0.0, 0.0, 0.0, 0.0, 0.0, 
0.0, 0.0, 0.0, 0.0, 0.0, 0.0, 0.0, 0.0, 0.0, 0.0, 0.0, 0.0, 0.0, 0.0, 0.0, 0.0, 0.0, 0.0, 0.0, 0.0, 0.0, 0.0, 0.0, 0.0, 0.0, 0.0, 0.0, 0.0, 0.0, 0.0, 
0.0, 0.0, 0.0, 0.0, 0.0, 0.0, 0.0, 0.0, 0.0, 0.0, 0.0, 0.0, 0.0, 0.0, 0.0, 0.0, 0.0, 0.0, 0.0, 0.0, 0.0, 0.0, 0.0, 0.0, 0.0, 0.0, 0.0, 0.0, 0.0, 0.0, 
0.0, 0.0, 0.0, 0.0, 0.0, 0.0, 0.0, 0.0, 0.0, 0.0, 0.0, 0.0, 0.0, 0.0, 0.0, 0.0, 0.0, 0.0, 0.0, 0.0, 0.0, 0.0, 0.0, 0.0, 0.0, 0.0, 0.0, 0.0, 0.0, 0.0, 
7.582210160349447E-13, 0.0, 0.0, 0.0, 0.0, 76.10723857175681, 0.0, 1.3851657688592151E-12, 2.845280667272185, 0.0, 47.32969017566629, 0.005911602182156281, 0.0, 0.0, 0.0, 0.0, 0.0, 0.0, 0.0, 0.0, 0.0, 0.0, 0.0, 0.0, 383.1574045676208, 1.0535202638151046E-12, 0.0, 0.0, 0.0, 1.6411265377032, 
0.0, 0.0, 477.46697945978593, 0.0, 0.0, 189.22119054311455, 0.0, 117.05905807875564, 40.780305294277035, 0.0, 159.33753455335489, 0.0, 0.0, 0.0, 0.0, 0.0, 0.0, 0.0, 0.0, 0.0, 0.0, 0.0, 0.0, 0.0, 1.1484278942371021E-12, 2.1503960328122479E-13, 0.0, 5.03067854350845E-13, 0.0, 69.56971816935031, 
322.2881823559833, 0.0, 0.0, 0.0, 0.0, 142.54801751959772, 0.0, 151.14344537468918, 0.0, 0.0, 34.980881606650854, 183.0668910739676, 0.0, 0.0, 0.0, 0.0, 0.0, 0.0, 0.0, 0.0, 0.0, 0.0, 0.0, 0.0, 844.9434534918759, 113.350760737856, 0.0, 3.437253156378447E-13, 0.0, 66.26783558427942, 
82.73311967324923, 0.0, 520.6890585102772, 0.0, 111.46991126590672, 1.0873193319610715E-12, 0.0, 85.08438713823735, 2.9438514951966897E-12, 0.0, 7.376638836375996E-12, 5.614169484732013E-12, 67.85614653680577, 0.0, 32.55895260623432, 0.0, 0.0, 0.0, 0.0, 150.5893530677503, 0.0, 0.0, 0.0, 0.0, 0.0, 0.0, 0.0, 1.5621413974665224E-13, 0.0, 0.0, 
0.0, 0.0, 0.0, 0.0, 0.0, 0.0, 0.0, 0.0, 0.0, 0.0, 0.0, 0.0, 0.0, 0.0, 0.0, 0.0, 0.0, 0.0, 0.0, 0.0, 0.0, 0.0, 0.0, 0.0, 0.0, 0.0, 0.0, 0.0, 0.0, 0.0, 
0.0, 0.0, 0.0, 0.0, 0.0, 0.0, 0.0, 8.017084552166586E-14, 1116.5363044169253, 0.0, 0.0, 7.612636273563048E-14, 3.231896389772873E-14, 0.0, 1.095994329636568E-13, 0.0, 0.0, 0.0, 0.0, 4.0453659763040306E-14, 0.0, 0.0, 0.0, 0.0, 0.0, 0.0, 0.0, 6.623352481033854E-13, 0.0, 7.162342837094227E-14, 
139.71820737787036, 0.0, 281.476328552701, 0.0, 208.87392982479986, 466.97206163097354, 0.0, 33.901503455523745, 3.5395760389319315E-12, 0.0, 79.768974222192, 55.84908646827789, 442.686244655014, 0.0, 211.560219315355, 0.0, 0.0, 26.147231204931032, 0.0, 297.61807139016884, 0.0, 0.0, 0.0, 0.0, 0.0, 0.0, 0.0, 205.1197821826173, 0.0, 8.792021431406056E-12, 
0.0, 0.0, 0.0, 0.0, 3.624764231485487E-13, 3.6336020966754395E-13, 0.0, 104.63982146231677, 1.5836504587697733E-11, 0.0, 0.0, 37.67063291418732, 41.60322390986386, 0.0, 0.0, 0.0, 0.0, 226.62658083111535, 0.0, 114.6279799357265, 0.0, 0.0, 0.0, 0.0, 0.0, 0.0, 0.0, 0.0, 0.0, 9.987988641107383E-12, 
1.1976986054534802E-12, 0.0, 288.5243158279609, 0.0, 0.0, 0.0, 0.0, 0.0, 13.187034641639482, 0.0, 112.9820196638727, 0.0, 0.0, 0.0, 0.0, 0.0, 0.0, 0.0, 0.0, 8.515444943345047E-12, 0.0, 0.0, 0.0, 0.0, 723.24677222648, 0.0, 0.0, 3.3045593578777025E-12, 0.0, 1.4167059767673602E11, 
484.3346048842336, 0.0, 1.711975319927978E-13, 0.0, 0.0, 172.85812704258072, 0.0, 0.0, 0.0, 0.0, 0.0, 0.0, 0.0, 0.0, 0.0, 0.0, 0.0, 0.0, 0.0, 0.0, 0.0, 0.0, 0.0, 0.0, 0.0, 0.0, 0.0, 0.0, 0.0, 0.0, 
