0.0, 0.0, 0.0, 0.0, 0.0, 0.0, 0.0, 0.0, 0.0, 0.0, 0.0, 0.0, 0.0, 0.0, 0.0, 0.0, 0.0, 0.0, 0.0, 0.0, 0.0, 0.0, 0.0, 0.0, 0.0, 0.0, 0.0, 0.0, 0.0, 0.0, 
0.0, 0.0, 0.0, 0.0, 0.0, 0.0, 0.0, 0.0027287420800659315, 65.05372536830063, 0.0, 87.19061212869526, 105.62611466767899, 105.0258848377786, 0.0, 0.0, 0.0, 0.0, 0.07870359571769668, 0.0, 241.5021102210628, 0.0, 0.0, 0.0, 0.0, 19.968080512453458, 8.175541446964978E-4, 0.0, 193.7735044977306, 0.0, 51.61124245602614, 
0.0, 0.0, 0.0, 0.0, 0.0, 0.0, 0.0, 0.0, 0.0, 0.0, 0.0, 0.0, 0.0, 0.0, 0.0, 0.0, 0.0, 0.0, 0.0, 0.0, 0.0, 0.0, 0.0, 0.0, 0.0, 0.0, 0.0, 0.0, 0.0, 0.0, 
0.0, 0.0, 0.0, 0.0, 0.0, 0.0, 0.0, 80.83543268739405, 2.8000884190374675, 0.0, 8.629250696542968, 0.38205521204805715, 0.10570826489599384, 0.0, 0.0, 0.0, 0.0, 52.108564741322, 0.0, 362.9607952426434, 0.0, 0.0, 0.0, 0.0, 0.0, 225.57314771030755, 0.0, 0.0010600839799988643, 0.0, 1.9769536473477072, 
0.0, 0.0, 0.0, 0.0, 0.0, 0.0, 0.0, 47.19322696774899, 0.025775637843996915, 0.0, 0.024187223042898078, 0.019076778839416723, 0.035143378771766653, 0.0, 0.016218733555794687, 0.0, 0.0, 0.0033611322080149123, 0.0, 0.032039756951430985, 0.0, 0.0, 0.0, 0.0, 179.98801181484663, 0.005771915840612519, 0.0, 0.0, 0.0, 0.032959867545399625, 
0.0, 0.0, 0.0, 0.0, 0.0, 0.0, 0.0, 0.0, 0.0, 0.0, 0.0, 0.0, 0.0, 0.0, 0.0, 0.0, 0.0, 0.0, 0.0, 0.0, 0.0, 0.0, 0.0, 0.0, 0.0, 0.0, 0.0, 0.0, 0.0, 0.0, 
0.0, 0.0, 0.0, 0.0, 0.0, 0.0, 0.0, 164.71324028438664, 222.1510750284238, 0.0, 124.80292627810432, 3.41954492171679, 200.53288337047326, 0.0, 223.2536911057944, 0.0, 0.0, 0.0, 0.0, 80.41113220024879, 0.0, 0.0, 0.0, 0.0, 460.28304795923475, 270.5990547339893, 0.0, 141.45481814110718, 0.0, 35.33033728615021, 
0.006649171651769943, 0.0, 0.003034921183268154, 0.0, 0.0, 253.96016053391983, 0.0, 0.0, 273.70478210038385, 0.0, 165.86520683473557, 175.06903434709508, 180.41283039226667, 0.0, 0.0, 0.0, 0.0, 0.00613380939641774, 0.0, 0.029400372704026373, 0.0, 0.0, 0.0, 0.0, 0.005947069955570978, 0.0024154586425526735, 0.0, 0.02170260434588782, 0.0, 256.96760089419354, 
1074.0975964729669, 0.0, 0.002569711962661141, 0.0, 0.0, 204.19191338906458, 0.0, 0.0, 0.0, 0.0, 0.0, 1.4592173263548898, 116.49713726083705, 0.0, 15.571535816526577, 0.0, 0.0, 0.002615377781862142, 0.0, 0.13135734808419747, 0.0, 0.0, 0.0, 0.0, 307.2426728876819, 104.05927648244825, 0.0, 0.1948746132189384, 0.0, 0.0, 
150.5112278629829, 0.0, 0.006269006401018443, 0.0, 0.0039563706757711785, 65.79866621474153, 0.0, 482.25833561836396, 0.0, 0.0, 0.0, 198.31796749067584, 1030.1048182555905, 0.0, 390.5113144003108, 0.0, 0.0, 0.0, 0.0, 8.558503605697553, 0.0, 0.0, 0.0, 0.0, 123.03677334085843, 0.0, 0.0, 0.012604041355488768, 0.0, 0.0, 
0.0, 0.0, 0.0, 0.0, 0.0, 0.0, 0.0, 0.0, 0.0, 0.0, 0.0, 0.0, 0.0, 0.0, 0.0, 0.0, 0.0, 0.0, 0.0, 0.0, 0.0, 0.0, 0.0, 0.0, 0.0, 0.0, 0.0, 0.0, 0.0, 0.0, 
0.0, 0.0, 0.0, 0.0, 0.0, 0.0, 0.0, 0.0, 0.0, 0.0, 0.0, 0.0, 0.0, 0.0, 0.0, 0.0, 0.0, 0.0, 0.0, 0.0, 0.0, 0.0, 0.0, 0.0, 0.0, 0.0, 0.0, 0.0, 0.0, 0.0, 
0.0, 0.0, 0.0, 0.0, 0.0, 0.0, 0.0, 0.0, 0.0, 0.0, 0.0, 0.0, 0.0, 0.0, 0.0, 0.0, 0.0, 0.0, 0.0, 0.0, 0.0, 0.0, 0.0, 0.0, 0.0, 0.0, 0.0, 0.0, 0.0, 0.0, 
0.0016922488998159923, 0.0, 0.0028515611971284063, 0.0, 0.002299680576905742, 278.5226094961314, 0.0, 390.4387545210479, 0.0, 0.0, 789.7781672632328, 0.0, 0.0, 0.0, 0.0, 0.0, 0.0, 0.0, 0.0, 0.0, 0.0, 0.0, 0.0, 0.0, 83.76504275024146, 0.0013687886539793725, 0.0, 0.003091148396490386, 0.0, 308.1706720638108, 
0.0, 0.0, 0.0, 0.0, 0.0, 0.0, 0.0, 0.0, 0.0, 0.0, 0.0, 0.0, 0.0, 0.0, 0.0, 0.0, 0.0, 0.0, 0.0, 0.0, 0.0, 0.0, 0.0, 0.0, 0.0, 0.0, 0.0, 0.0, 0.0, 0.0, 
0.0017061506498943523, 0.0, 9.388811904285263E-4, 0.0, 0.0013498555109263126, 65.18602758460587, 0.0, 69.45568821675907, 0.0, 0.0, 232.5033956398903, 0.0, 0.0, 0.0, 0.0, 0.0, 0.0, 0.0, 0.0, 0.003738619291643434, 0.0, 0.0, 0.0, 0.0, 26.23712754773859, 0.0038612521828255545, 0.0, 0.0016341495855183704, 0.0, 288.56502580811923, 
0.0, 0.0, 0.0, 0.0, 0.0, 0.0, 0.0, 0.0, 0.0, 0.0, 0.0, 0.0, 0.0, 0.0, 0.0, 0.0, 0.0, 0.0, 0.0, 0.0, 0.0, 0.0, 0.0, 0.0, 0.0, 0.0, 0.0, 0.0, 0.0, 0.0, 
0.0, 0.0, 0.0, 0.0, 0.0, 0.0, 0.0, 0.0, 0.0, 0.0, 0.0, 0.0, 0.0, 0.0, 0.0, 0.0, 0.0, 0.0, 0.0, 0.0, 0.0, 0.0, 0.0, 0.0, 0.0, 0.0, 0.0, 0.0, 0.0, 0.0, 
0.0, 0.0, 0.0, 0.0, 0.0, 0.0, 0.0, 0.0, 0.0, 0.0, 0.0, 0.0, 0.0, 0.0, 0.0, 0.0, 0.0, 0.0, 0.0, 0.0, 0.0, 0.0, 0.0, 0.0, 0.0, 0.0, 0.0, 0.0, 0.0, 0.0, 
0.0, 0.0, 0.0, 0.0, 0.0, 0.0, 0.0, 0.0, 0.0, 0.0, 0.0, 0.0, 0.0, 0.0, 0.0, 0.0, 0.0, 0.0, 0.0, 0.0, 0.0, 0.0, 0.0, 0.0, 0.0, 0.0, 0.0, 0.0, 0.0, 0.0, 
0.001721885625915711, 0.0, 0.0, 0.0, 0.0, 92.42110761365979, 0.0, 5.295585369414067, 46.13539380263555, 0.0, 10.720483016570718, 3.5214352388045445, 0.0, 0.0, 0.0, 0.0, 0.0, 0.0, 0.0, 0.0, 0.0, 0.0, 0.0, 0.0, 315.17774246111355, 0.007103706677327041, 0.0, 0.0, 0.0, 36.464474773314585, 
0.0, 0.0, 430.72783246711435, 0.0, 0.0, 544.2787948959486, 0.0, 0.9168609298523168, 81.31814560505703, 0.0, 0.017060457757106483, 0.0, 0.0, 0.0, 0.0, 0.0, 0.0, 0.0, 0.0, 0.0, 0.0, 0.0, 0.0, 0.0, 0.012067347950595992, 6.257084778029745E-4, 0.0, 0.00431673553316259, 0.0, 0.03415466961428601, 
16.31812734329136, 0.0, 0.0, 0.0, 0.0, 130.26564290715012, 0.0, 128.45983414139812, 0.0, 0.0, 75.33176011700712, 101.79985016301015, 0.0, 0.0, 0.0, 0.0, 0.0, 0.0, 0.0, 0.0, 0.0, 0.0, 0.0, 0.0, 1071.569661495729, 203.38437237128977, 0.0, 0.007527951282714781, 0.0, 128.39039804067914, 
144.9453835957149, 0.0, 363.88480159829084, 0.0, 338.884592947666, 0.020295934195319977, 0.0, 16.21192710037271, 0.01288188978560393, 0.0, 0.011778311132367528, 0.012154651786057541, 0.006253263298835182, 0.0, 0.0713570085716433, 0.0, 0.0, 0.0, 0.0, 186.19928624034938, 0.0, 0.0, 0.0, 0.0, 0.0, 0.0, 0.0, 0.00307434674629446, 0.0, 0.0, 
0.0, 0.0, 0.0, 0.0, 0.0, 0.0, 0.0, 0.0, 0.0, 0.0, 0.0, 0.0, 0.0, 0.0, 0.0, 0.0, 0.0, 0.0, 0.0, 0.0, 0.0, 0.0, 0.0, 0.0, 0.0, 0.0, 0.0, 0.0, 0.0, 0.0, 
2.766127625636068E-4, 0.0, 2.4573334105277385E-4, 0.0, 4.419232954911054E-4, 2.20024943122908E-4, 0.0, 3.5475399683833125E-4, 1115.3699673014728, 0.0, 0.0, 3.334391986698673E-4, 2.7827028163727416E-4, 0.0, 2.113559536983893E-4, 0.0, 0.0, 0.0, 0.0, 2.434216630689177E-4, 0.0, 0.0, 0.0, 0.0, 0.0, 0.0, 0.0, 0.004702016256067471, 0.0, 8.049502810263812E-5, 
71.41820188280157, 0.0, 478.83670553602, 0.0, 149.92647381959904, 163.18398694778676, 0.0, 144.44880206897267, 0.01015985176454807, 0.0, 0.045653354659091344, 0.007744684824031706, 287.50717203364763, 0.0, 109.57000601733182, 0.0, 0.0, 74.58475243598595, 0.0, 274.1103770582884, 0.0, 0.0, 0.0, 0.0, 0.0, 0.0, 0.0, 122.41686464484371, 0.0, 578.4706434603256, 
0.0, 0.0, 0.0, 0.0, 0.0020608395270495703, 5.692882120592744E-4, 0.0, 61.95131171578032, 7.865480972378325, 0.0, 0.0, 183.9449580742103, 39.8269092095066, 0.0, 0.0, 0.0, 0.0, 203.72576250735736, 0.0, 0.06339868000603667, 0.0, 0.0, 0.0, 0.0, 0.0, 0.0, 0.0, 0.0, 0.0, 24.684939199492877, 
0.003927154331336274, 0.0, 315.36920580325153, 0.0, 0.0, 0.0, 0.0, 0.0, 75.40263311749133, 0.0, 1.214152571386666, 0.0, 0.0, 0.0, 0.0, 0.0, 0.0, 0.0, 0.0, 0.33919737067485284, 0.0, 0.0, 0.0, 0.0, 557.232616602417, 0.0, 0.0, 0.03525563219059846, 0.0, 3772.308843112606, 
59.202879756271074, 0.0, 0.0025767376177326952, 0.0, 0.0, 98.9331524052833, 0.0, 165.67050114417634, 0.0, 0.0, 0.0, 0.9694407741964972, 96.38023164406341, 0.0, 78.87420854293914, 0.0, 0.0, 0.002436493957802616, 0.0, 78.1451257766353, 0.0, 0.0, 0.0, 0.0, 287.71436322290765, 0.0, 0.0, 0.0, 0.0, 0.0, 
