0.0, 0.0, 0.0, 0.0, 0.0, 0.0, 0.0, 0.0, 0.0, 0.0, 0.0, 0.0, 0.0, 0.0, 0.0, 0.0, 0.0, 0.0, 0.0, 0.0, 0.0, 0.0, 0.0, 0.0, 0.0, 0.0, 0.0, 0.0, 0.0, 0.0, 
0.0, 0.0, 0.0, 0.0, 0.0, 0.0, 0.0, 0.017911592094378103, 87.11529799280078, 0.0, 123.53605337517286, 58.98153900021642, 140.871890816385, 0.0, 0.0, 0.0, 0.0, 0.011010406181171667, 0.0, 216.3027495343476, 0.0, 0.0, 0.0, 0.0, 0.007784842737348108, 0.005180265273507534, 0.0, 112.66921240245152, 0.0, 141.80969237955324, 
0.0, 0.0, 0.0, 0.0, 0.0, 0.0, 0.0, 0.0, 0.0, 0.0, 0.0, 0.0, 0.0, 0.0, 0.0, 0.0, 0.0, 0.0, 0.0, 0.0, 0.0, 0.0, 0.0, 0.0, 0.0, 0.0, 0.0, 0.0, 0.0, 0.0, 
0.0, 0.0, 0.0, 0.0, 0.0, 0.0, 0.0, 56.35133895464681, 5.392406861400835, 0.0, 17.033247730285087, 8.915682237058508, 15.147451584082399, 0.0, 0.0, 0.0, 0.0, 65.12483749027021, 0.0, 276.29314279169347, 0.0, 0.0, 0.0, 0.0, 0.0, 291.95054903793954, 0.0, 0.00327591766868691, 0.0, 1.2133966818491653, 
0.0, 0.0, 0.0, 0.0, 0.0, 0.0, 0.0, 35.56668379848606, 13.418888805933497, 0.0, 23.884724404892683, 22.220421114789932, 18.97952838788908, 0.0, 0.47813334037621835, 0.0, 0.0, 0.003192686454006906, 0.0, 10.077579721789526, 0.0, 0.0, 0.0, 0.0, 77.80178242910421, 10.674657754676247, 0.0, 0.0, 0.0, 8.900349673733137, 
0.0, 0.0, 0.0, 0.0, 0.0, 0.0, 0.0, 0.0, 0.0, 0.0, 0.0, 0.0, 0.0, 0.0, 0.0, 0.0, 0.0, 0.0, 0.0, 0.0, 0.0, 0.0, 0.0, 0.0, 0.0, 0.0, 0.0, 0.0, 0.0, 0.0, 
0.0, 0.0, 0.0, 0.0, 0.0, 0.0, 0.0, 162.0459286131318, 142.25810803007178, 0.0, 98.20237312610068, 70.64805826386447, 95.18038321336202, 0.0, 96.82450512381776, 0.0, 0.0, 0.0, 0.0, 111.2388739654826, 0.0, 0.0, 0.0, 0.0, 857.668800383112, 196.46582409013337, 0.0, 39.54086318206114, 0.0, 57.66037019555854, 
0.027224034029632506, 0.0, 0.06135659440417446, 0.0, 0.0, 74.749841242694, 0.0, 0.0, 194.41148549359713, 0.0, 151.01119150652684, 81.08871050992637, 196.2238409866625, 0.0, 0.0, 0.0, 0.0, 0.026910596448849404, 0.0, 68.60984640458308, 0.0, 0.0, 0.0, 0.0, 0.06616015708883398, 0.009445810735859655, 0.0, 37.8886452909074, 0.0, 497.4763121545804, 
339.9839178735982, 0.0, 0.019220329872135344, 0.0, 0.0, 320.07634214505515, 0.0, 0.0, 0.0, 0.0, 0.0, 133.1921698205981, 61.5296696103645, 0.0, 66.33823510964089, 0.0, 0.0, 0.015090819333164755, 0.0, 0.3613396853802836, 0.0, 0.0, 0.0, 0.0, 425.1224355611653, 168.7059353819033, 0.0, 58.309661560955284, 0.0, 0.0, 
365.2081637687144, 0.0, 0.07135338285385119, 0.0, 11.096960430087638, 186.45170103649022, 0.0, 122.09129209154867, 0.0, 0.0, 0.0, 116.04078186071214, 1019.116724870148, 0.0, 416.00149270504323, 0.0, 0.0, 0.0, 0.0, 10.376337114650923, 0.0, 0.0, 0.0, 0.0, 194.76525217439809, 0.0, 0.0, 7.578414559058417, 0.0, 0.0, 
0.0, 0.0, 0.0, 0.0, 0.0, 0.0, 0.0, 0.0, 0.0, 0.0, 0.0, 0.0, 0.0, 0.0, 0.0, 0.0, 0.0, 0.0, 0.0, 0.0, 0.0, 0.0, 0.0, 0.0, 0.0, 0.0, 0.0, 0.0, 0.0, 0.0, 
0.0, 0.0, 0.0, 0.0, 0.0, 0.0, 0.0, 0.0, 0.0, 0.0, 0.0, 0.0, 0.0, 0.0, 0.0, 0.0, 0.0, 0.0, 0.0, 0.0, 0.0, 0.0, 0.0, 0.0, 0.0, 0.0, 0.0, 0.0, 0.0, 0.0, 
0.0, 0.0, 0.0, 0.0, 0.0, 0.0, 0.0, 0.0, 0.0, 0.0, 0.0, 0.0, 0.0, 0.0, 0.0, 0.0, 0.0, 0.0, 0.0, 0.0, 0.0, 0.0, 0.0, 0.0, 0.0, 0.0, 0.0, 0.0, 0.0, 0.0, 
0.003738561245091383, 0.0, 0.061107487661865925, 0.0, 9.569305147924553, 465.40670739108435, 0.0, 475.92838848283014, 0.0, 0.0, 426.3269349195564, 0.0, 0.0, 0.0, 0.0, 0.0, 0.0, 0.0, 0.0, 0.0, 0.0, 0.0, 0.0, 0.0, 78.81466465729335, 0.024544167057847684, 0.0, 0.012646313016024733, 0.0, 392.87002173573376, 
0.0, 0.0, 0.0, 0.0, 0.0, 0.0, 0.0, 0.0, 0.0, 0.0, 0.0, 0.0, 0.0, 0.0, 0.0, 0.0, 0.0, 0.0, 0.0, 0.0, 0.0, 0.0, 0.0, 0.0, 0.0, 0.0, 0.0, 0.0, 0.0, 0.0, 
0.002262663826951274, 0.0, 1.5227648769174996E-4, 0.0, 0.005840966355186752, 142.39470284548307, 0.0, 5.895826681950784, 0.0, 0.0, 150.08346733784217, 0.0, 0.0, 0.0, 0.0, 0.0, 0.0, 0.0, 0.0, 0.11643675004931038, 0.0, 0.0, 0.0, 0.0, 129.6969095600324, 0.002068699617804301, 0.0, 0.00661605491007162, 0.0, 135.91805318507394, 
0.0, 0.0, 0.0, 0.0, 0.0, 0.0, 0.0, 0.0, 0.0, 0.0, 0.0, 0.0, 0.0, 0.0, 0.0, 0.0, 0.0, 0.0, 0.0, 0.0, 0.0, 0.0, 0.0, 0.0, 0.0, 0.0, 0.0, 0.0, 0.0, 0.0, 
0.0, 0.0, 0.0, 0.0, 0.0, 0.0, 0.0, 0.0, 0.0, 0.0, 0.0, 0.0, 0.0, 0.0, 0.0, 0.0, 0.0, 0.0, 0.0, 0.0, 0.0, 0.0, 0.0, 0.0, 0.0, 0.0, 0.0, 0.0, 0.0, 0.0, 
0.0, 0.0, 0.0, 0.0, 0.0, 0.0, 0.0, 0.0, 0.0, 0.0, 0.0, 0.0, 0.0, 0.0, 0.0, 0.0, 0.0, 0.0, 0.0, 0.0, 0.0, 0.0, 0.0, 0.0, 0.0, 0.0, 0.0, 0.0, 0.0, 0.0, 
0.0, 0.0, 0.0, 0.0, 0.0, 0.0, 0.0, 0.0, 0.0, 0.0, 0.0, 0.0, 0.0, 0.0, 0.0, 0.0, 0.0, 0.0, 0.0, 0.0, 0.0, 0.0, 0.0, 0.0, 0.0, 0.0, 0.0, 0.0, 0.0, 0.0, 
0.007520322944546202, 0.0, 0.0, 0.0, 0.0, 43.912884205922, 0.0, 0.3121877050320632, 69.24361775788925, 0.0, 76.57920707319285, 39.63774525998954, 0.0, 0.0, 0.0, 0.0, 0.0, 0.0, 0.0, 0.0, 0.0, 0.0, 0.0, 0.0, 216.7391355759192, 0.015862827280175733, 0.0, 0.0, 0.0, 64.17042341737113, 
0.0, 0.0, 487.7115405487592, 0.0, 0.0, 153.25856508779145, 0.0, 96.22811896811484, 107.22182127075938, 0.0, 26.921123776951696, 0.0, 0.0, 0.0, 0.0, 0.0, 0.0, 0.0, 0.0, 0.0, 0.0, 0.0, 0.0, 0.0, 85.57435566201337, 0.005793847327116882, 0.0, 0.006328636524304615, 0.0, 114.26194704539671, 
427.95042286146474, 0.0, 0.0, 0.0, 0.0, 220.81954424063287, 0.0, 96.87106149675218, 0.0, 0.0, 77.10554478805767, 38.305355115868316, 0.0, 0.0, 0.0, 0.0, 0.0, 0.0, 0.0, 0.0, 0.0, 0.0, 0.0, 0.0, 718.3715004427545, 122.75260233579858, 0.0, 0.0067814745424070125, 0.0, 157.86817827883507, 
39.76943482807684, 0.0, 371.97369876785984, 0.0, 272.5823923367528, 0.056812309360257406, 0.0, 92.24062344149803, 0.05401725311680636, 0.0, 0.05034841901288977, 0.07880285176258438, 109.45008385934028, 0.0, 15.080839869623846, 0.0, 0.0, 0.0, 0.0, 154.17210381646166, 0.0, 0.0, 0.0, 0.0, 0.0, 0.0, 0.0, 0.010696679061735298, 0.0, 0.0, 
0.0, 0.0, 0.0, 0.0, 0.0, 0.0, 0.0, 0.0, 0.0, 0.0, 0.0, 0.0, 0.0, 0.0, 0.0, 0.0, 0.0, 0.0, 0.0, 0.0, 0.0, 0.0, 0.0, 0.0, 0.0, 0.0, 0.0, 0.0, 0.0, 0.0, 
0.00185022232142121, 0.0, 0.0021643621213878065, 0.0, 0.002138506926823217, 0.001229205522173285, 0.0, 0.0011273786066912088, 1003.7161101800458, 0.0, 0.0, 0.002552673658034405, 3.8203711854421E-4, 0.0, 4.532210655752953E-4, 0.0, 0.0, 0.0, 0.0, 5.642965943334935E-4, 0.0, 0.0, 0.0, 0.0, 0.0, 0.0, 0.0, 53.01257940401692, 0.0, 1.7300880497600135E-4, 
165.90087465493744, 0.0, 444.55675229440357, 0.0, 171.89678142212034, 178.0155558248328, 0.0, 385.49051832604044, 107.02208810648025, 0.0, 89.05830824330529, 53.68514530254389, 110.87610050722367, 0.0, 129.48802080683427, 0.0, 0.0, 49.44735447912643, 0.0, 367.53758997936103, 0.0, 0.0, 0.0, 0.0, 0.0, 0.0, 0.0, 165.5973729271026, 0.0, 53.072969237993256, 
0.0, 0.0, 0.0, 0.0, 0.006795521605037583, 0.006734521036050502, 0.0, 125.39163814111645, 19.786898093907467, 0.0, 0.0, 72.35725111619021, 54.10245497019903, 0.0, 0.0, 0.0, 0.0, 201.9029106270738, 0.0, 0.25405907043829307, 0.0, 0.0, 0.0, 0.0, 0.0, 0.0, 0.0, 0.0, 0.0, 43.1052395551768, 
0.004021960363818758, 0.0, 268.87825014530983, 0.0, 0.0, 0.0, 0.0, 0.0, 143.22546820796137, 0.0, 237.38847925826482, 0.0, 0.0, 0.0, 0.0, 0.0, 0.0, 0.0, 0.0, 0.6937100781327499, 0.0, 0.0, 0.0, 0.0, 422.1716648805324, 0.0, 0.0, 0.022354313128719664, 0.0, 953.080724094014, 
170.66355463104944, 0.0, 0.06325338195445653, 0.0, 0.0, 118.47803207125496, 0.0, 105.48320271102635, 0.0, 0.0, 0.0, 79.08772200293464, 233.8915419045054, 0.0, 102.8713734807447, 0.0, 0.0, 0.0013807335519267798, 0.0, 22.7951236887337, 0.0, 0.0, 0.0, 0.0, 229.40150605398992, 0.0, 0.0, 0.0, 0.0, 0.0, 
