0.0, 0.0, 0.0, 0.0, 0.0, 0.0, 0.0, 0.0, 0.0, 0.0, 0.0, 0.0, 0.0, 0.0, 0.0, 0.0, 0.0, 0.0, 0.0, 0.0, 0.0, 0.0, 0.0, 0.0, 0.0, 0.0, 0.0, 0.0, 0.0, 0.0, 
0.0, 0.0, 0.0, 0.0, 0.0, 0.0, 0.0, 0.19229536321006807, 163.23376553840617, 0.0, 67.43339335432103, 106.9231366667274, 163.0549218895406, 0.0, 0.0, 0.0, 0.0, 0.20346861341022107, 0.0, 203.71056029495816, 0.0, 0.0, 0.0, 0.0, 0.019076054605660808, 0.022558021536278988, 0.0, 15.320077661816686, 0.0, 147.0281037021202, 
0.0, 0.0, 0.0, 0.0, 0.0, 0.0, 0.0, 0.0, 0.0, 0.0, 0.0, 0.0, 0.0, 0.0, 0.0, 0.0, 0.0, 0.0, 0.0, 0.0, 0.0, 0.0, 0.0, 0.0, 0.0, 0.0, 0.0, 0.0, 0.0, 0.0, 
0.0, 0.0, 0.0, 0.0, 0.0, 0.0, 0.0, 54.97064032590731, 15.873158159988536, 0.0, 4.616991629981146, 1.3357517845350997, 1.1665419806527408, 0.0, 0.0, 0.0, 0.0, 45.442960884828466, 0.0, 354.1947629942266, 0.0, 0.0, 0.0, 0.0, 0.0, 248.1062117908973, 0.0, 0.011640017322771338, 0.0, 3.0175328300116977, 
0.0, 0.0, 0.0, 0.0, 0.0, 0.0, 0.0, 20.22522837979046, 27.380453553082603, 0.0, 51.61324032061099, 21.75892178022363, 9.849737182654533, 0.0, 0.5115235865863352, 0.0, 0.0, 0.026831491115917535, 0.0, 0.12893882635730303, 0.0, 0.0, 0.0, 0.0, 49.23463586173329, 15.874365930695156, 0.0, 0.0, 0.0, 24.494543931303223, 
0.0, 0.0, 0.0, 0.0, 0.0, 0.0, 0.0, 0.0, 0.0, 0.0, 0.0, 0.0, 0.0, 0.0, 0.0, 0.0, 0.0, 0.0, 0.0, 0.0, 0.0, 0.0, 0.0, 0.0, 0.0, 0.0, 0.0, 0.0, 0.0, 0.0, 
0.0, 0.0, 0.0, 0.0, 0.0, 0.0, 0.0, 344.00465275620377, 4.700040494063541, 0.0, 40.972602778483314, 42.42860940525492, 16.794692587000764, 0.0, 54.307266152087934, 0.0, 0.0, 0.0, 0.0, 123.39291341261651, 0.0, 0.0, 0.0, 0.0, 794.6647105490111, 229.90905260138945, 0.0, 71.07179240081587, 0.0, 207.24393762850784, 
0.06590873725452934, 0.0, 0.3221958529190354, 0.0, 0.0, 59.87661050711919, 0.0, 0.0, 167.88872432177115, 0.0, 299.18406424711367, 102.34314152348249, 167.1341504996322, 0.0, 0.0, 0.0, 0.0, 0.046765209635482446, 0.0, 0.3311069160884714, 0.0, 0.0, 0.0, 0.0, 0.34808831576757415, 0.0252545735989787, 0.0, 43.06247032279692, 0.0, 463.29065407467243, 
210.2843867259193, 0.0, 0.11063329959871061, 0.0, 0.0, 368.7691868155003, 0.0, 0.0, 0.0, 0.0, 0.0, 103.67669118860461, 94.9360577691535, 0.0, 31.92987984258162, 0.0, 0.0, 0.07092081533242976, 0.0, 0.06364885110139552, 0.0, 0.0, 0.0, 0.0, 453.57561808682357, 204.1619971676226, 0.0, 45.250762598691054, 0.0, 0.0, 
586.5044626250126, 0.0, 0.59980690532481, 0.0, 0.018610368783842035, 142.30444082374044, 0.0, 82.95394794852486, 0.0, 0.0, 0.0, 139.7890905673894, 1017.435009021234, 0.0, 437.14505909718406, 0.0, 0.0, 0.0, 0.0, 0.4026907686481699, 0.0, 0.0, 0.0, 0.0, 41.562793218732416, 0.0, 0.0, 0.63822573664428, 0.0, 0.0, 
0.0, 0.0, 0.0, 0.0, 0.0, 0.0, 0.0, 0.0, 0.0, 0.0, 0.0, 0.0, 0.0, 0.0, 0.0, 0.0, 0.0, 0.0, 0.0, 0.0, 0.0, 0.0, 0.0, 0.0, 0.0, 0.0, 0.0, 0.0, 0.0, 0.0, 
0.0, 0.0, 0.0, 0.0, 0.0, 0.0, 0.0, 0.0, 0.0, 0.0, 0.0, 0.0, 0.0, 0.0, 0.0, 0.0, 0.0, 0.0, 0.0, 0.0, 0.0, 0.0, 0.0, 0.0, 0.0, 0.0, 0.0, 0.0, 0.0, 0.0, 
0.0, 0.0, 0.0, 0.0, 0.0, 0.0, 0.0, 0.0, 0.0, 0.0, 0.0, 0.0, 0.0, 0.0, 0.0, 0.0, 0.0, 0.0, 0.0, 0.0, 0.0, 0.0, 0.0, 0.0, 0.0, 0.0, 0.0, 0.0, 0.0, 0.0, 
0.07144591132986186, 0.0, 0.059336950469565865, 0.0, 0.39746111313848015, 329.4689652512993, 0.0, 600.0468879134586, 0.0, 0.0, 288.9375951559033, 0.0, 0.0, 0.0, 0.0, 0.0, 0.0, 0.0, 0.0, 0.0, 0.0, 0.0, 0.0, 0.0, 52.33572571025548, 0.026341885792978262, 0.0, 0.1100476805909022, 0.0, 578.2190201201548, 
0.0, 0.0, 0.0, 0.0, 0.0, 0.0, 0.0, 0.0, 0.0, 0.0, 0.0, 0.0, 0.0, 0.0, 0.0, 0.0, 0.0, 0.0, 0.0, 0.0, 0.0, 0.0, 0.0, 0.0, 0.0, 0.0, 0.0, 0.0, 0.0, 0.0, 
0.015882819987999244, 0.0, 0.014985346817948681, 0.0, 0.013007615900713341, 179.39043247296547, 0.0, 28.21417151116931, 0.0, 0.0, 182.24036643358798, 0.0, 0.0, 0.0, 0.0, 0.0, 0.0, 0.0, 0.0, 0.6311250405178712, 0.0, 0.0, 0.0, 0.0, 141.2708251419364, 0.017104744722720774, 0.0, 0.013173959399104753, 0.0, 117.49544848403399, 
0.0, 0.0, 0.0, 0.0, 0.0, 0.0, 0.0, 0.0, 0.0, 0.0, 0.0, 0.0, 0.0, 0.0, 0.0, 0.0, 0.0, 0.0, 0.0, 0.0, 0.0, 0.0, 0.0, 0.0, 0.0, 0.0, 0.0, 0.0, 0.0, 0.0, 
0.0, 0.0, 0.0, 0.0, 0.0, 0.0, 0.0, 0.0, 0.0, 0.0, 0.0, 0.0, 0.0, 0.0, 0.0, 0.0, 0.0, 0.0, 0.0, 0.0, 0.0, 0.0, 0.0, 0.0, 0.0, 0.0, 0.0, 0.0, 0.0, 0.0, 
0.0, 0.0, 0.0, 0.0, 0.0, 0.0, 0.0, 0.0, 0.0, 0.0, 0.0, 0.0, 0.0, 0.0, 0.0, 0.0, 0.0, 0.0, 0.0, 0.0, 0.0, 0.0, 0.0, 0.0, 0.0, 0.0, 0.0, 0.0, 0.0, 0.0, 
0.0, 0.0, 0.0, 0.0, 0.0, 0.0, 0.0, 0.0, 0.0, 0.0, 0.0, 0.0, 0.0, 0.0, 0.0, 0.0, 0.0, 0.0, 0.0, 0.0, 0.0, 0.0, 0.0, 0.0, 0.0, 0.0, 0.0, 0.0, 0.0, 0.0, 
0.002473827332804166, 0.0, 0.0, 0.0, 0.0, 62.63384139095582, 0.0, 0.2868986697889237, 104.22513119358581, 0.0, 29.222760966418605, 20.70527943339425, 0.0, 0.0, 0.0, 0.0, 0.0, 0.0, 0.0, 0.0, 0.0, 0.0, 0.0, 0.0, 286.37113139192275, 0.009327334786289783, 0.0, 0.0, 0.0, 5.255009807379476, 
0.0, 0.0, 598.6118770520496, 0.0, 0.0, 133.4807510553604, 0.0, 44.32180324604049, 69.7161657237959, 0.0, 17.195984739993285, 0.0, 0.0, 0.0, 0.0, 0.0, 0.0, 0.0, 0.0, 0.0, 0.0, 0.0, 0.0, 0.0, 0.045338122612420685, 0.0062412665486090875, 0.0, 0.005520239139029752, 0.0, 197.31201217516582, 
291.53528481126096, 0.0, 0.0, 0.0, 0.0, 352.86457075898306, 0.0, 24.891224484746772, 0.0, 0.0, 55.63090100058336, 29.252804565288667, 0.0, 0.0, 0.0, 0.0, 0.0, 0.0, 0.0, 0.0, 0.0, 0.0, 0.0, 0.0, 863.6435987575381, 99.39256888184791, 0.0, 0.10033622750961496, 0.0, 136.13498250067562, 
15.243876199594888, 0.0, 314.1311739884318, 0.0, 265.46192552057437, 0.7767353481573022, 0.0, 174.90928700763604, 0.06813330253797141, 0.0, 0.45023969634331107, 0.37976206462135836, 65.39824549573841, 0.0, 1.6524088344907395, 0.0, 0.0, 0.0, 0.0, 198.42776393178045, 0.0, 0.0, 0.0, 0.0, 0.0, 0.0, 0.0, 0.013275553989093214, 0.0, 0.0, 
0.0, 0.0, 0.0, 0.0, 0.0, 0.0, 0.0, 0.0, 0.0, 0.0, 0.0, 0.0, 0.0, 0.0, 0.0, 0.0, 0.0, 0.0, 0.0, 0.0, 0.0, 0.0, 0.0, 0.0, 0.0, 0.0, 0.0, 0.0, 0.0, 0.0, 
7.862432094956524E-4, 0.0, 0.0037919393499094498, 0.0, 8.383556546585916E-4, 0.003343698614683822, 0.0, 0.0031224071430308226, 1118.299868897199, 0.0, 0.0, 0.0017676209048755435, 0.004755546572001603, 0.0, 0.0027724464790776044, 0.0, 0.0, 0.0, 0.0, 8.15692394369817E-4, 0.0, 0.0, 0.0, 0.0, 0.0, 0.0, 0.0, 0.009845113904708554, 0.0, 0.00597635238426161, 
213.13253405109634, 0.0, 400.4904096656053, 0.0, 311.53794424244495, 73.83357933470853, 0.0, 147.05894014058822, 50.50460836774579, 0.0, 77.73063666749418, 41.83902498038843, 18.417729230366653, 0.0, 169.95682386372647, 0.0, 0.0, 50.379244410592136, 0.0, 318.6248267256618, 0.0, 0.0, 0.0, 0.0, 0.0, 0.0, 0.0, 290.73941993205307, 0.0, 286.9507507585268, 
0.0, 0.0, 0.0, 0.0, 0.015780071466336195, 0.010371764446073992, 0.0, 210.48186178405368, 10.40322362466405, 0.0, 0.0, 32.574903291153376, 31.330083456914398, 0.0, 0.0, 0.0, 0.0, 201.39656116708923, 0.0, 0.48003534031567385, 0.0, 0.0, 0.0, 0.0, 0.0, 0.0, 0.0, 0.0, 0.0, 11.590427869062468, 
0.07286508606812286, 0.0, 261.2862454609028, 0.0, 0.0, 0.0, 0.0, 0.0, 160.83834133338797, 0.0, 378.7134838180132, 0.0, 0.0, 0.0, 0.0, 0.0, 0.0, 0.0, 0.0, 0.6428036483304465, 0.0, 0.0, 0.0, 0.0, 430.69437309801003, 0.0, 0.0, 0.03866526215123409, 0.0, 7666.951699325243, 
199.97937472972308, 0.0, 0.5352281360282853, 0.0, 0.0, 198.230588365234, 0.0, 30.056582810859087, 0.0, 0.0, 0.0, 129.63098155806884, 466.2970432351794, 0.0, 136.28940622361586, 0.0, 0.0, 0.003099426295210393, 0.0, 41.85993297424244, 0.0, 0.0, 0.0, 0.0, 327.509077825836, 0.0, 0.0, 0.0, 0.0, 0.0, 
